index,seller_type,buyer_type,delivery_time,quantity,unit_price,signed_at,nullified_at,concluded_at,seller,buyer,n_neg_steps,executed_at,erred_at,dropped_at,product
361,OTHER,T07,0,2,10,0,-1,-1,SELLER,00T07@0,0,0,-1,-1,0
33,OTHER,T07,0,3,10,0,-1,-1,SELLER,00T07@0,0,0,-1,-1,0
335,OTHER,T35,0,4,10,0,-1,-1,SELLER,01T35@0,0,0,-1,-1,0
495,OTHER,T07,0,4,10,0,-1,-1,SELLER,00T07@0,0,0,-1,-1,0
469,OTHER,T07,0,4,10,0,-1,-1,SELLER,00T07@0,0,0,-1,-1,0
500,OTHER,T07,0,1,10,0,-1,-1,SELLER,00T07@0,0,0,-1,-1,0
638,OTHER,T35,0,2,10,0,-1,-1,SELLER,01T35@0,0,0,-1,-1,0
497,OTHER,T35,1,1,10,0,-1,-1,SELLER,01T35@0,0,1,-1,-1,0
743,T35,T35,1,1,15,1,-1,1,02T35@1,05T35@2,17,1,-1,-1,2
818,T35,T36,1,7,16,1,-1,1,02T35@1,04T36@2,17,1,-1,-1,2
345,OTHER,T07,1,4,10,0,-1,-1,SELLER,00T07@0,0,1,-1,-1,0
744,T35,T35,1,1,15,1,-1,1,02T35@1,05T35@2,17,1,-1,-1,2
543,OTHER,T35,1,6,10,0,-1,-1,SELLER,01T35@0,0,1,-1,-1,0
747,T35,T35,1,1,15,1,-1,1,03T35@1,05T35@2,17,1,-1,-1,2
569,OTHER,T35,1,2,10,0,-1,-1,SELLER,01T35@0,0,1,-1,-1,0
431,OTHER,T07,1,3,10,0,-1,-1,SELLER,00T07@0,0,1,-1,-1,0
601,OTHER,T07,1,1,10,0,-1,-1,SELLER,00T07@0,0,1,-1,-1,0
867,T35,T35,1,12,14,-1,-1,1,03T35@1,05T35@2,17,-1,-1,-1,2
771,T35,T35,1,1,15,1,-1,1,03T35@1,05T35@2,17,1,-1,-1,2
863,T35,T35,1,12,14,-1,-1,1,02T35@1,05T35@2,17,-1,-1,-1,2
864,T35,T35,1,14,14,-1,-1,1,02T35@1,05T35@2,17,-1,-1,-1,2
865,T35,T35,1,12,14,-1,-1,1,03T35@1,05T35@2,17,-1,-1,-1,2
136,OTHER,T07,1,3,10,0,-1,-1,SELLER,00T07@0,0,1,-1,-1,0
806,T35,T36,1,10,14,1,-1,1,02T35@1,04T36@2,17,1,-1,-1,2
787,T35,T35,1,10,14,1,-1,1,02T35@1,05T35@2,17,1,-1,-1,2
788,T35,T36,1,10,14,1,-1,1,03T35@1,04T36@2,17,1,-1,-1,2
868,T07,T35,1,9,28,-1,-1,1,00T07@0,02T35@1,17,-1,-1,-1,1
229,OTHER,T07,2,4,10,0,-1,-1,SELLER,00T07@0,0,2,-1,-1,0
478,OTHER,T07,2,1,10,0,-1,-1,SELLER,00T07@0,0,2,-1,-1,0
795,T35,T35,2,8,14,1,-1,1,02T35@1,05T35@2,17,2,-1,-1,2
782,T35,T35,2,10,14,1,-1,1,03T35@1,05T35@2,17,2,-1,-1,2
905,T35,T35,2,1,10,2,-1,2,01T35@0,02T35@1,17,2,-1,-1,1
637,OTHER,T07,2,2,10,0,-1,-1,SELLER,00T07@0,0,2,-1,-1,0
575,OTHER,T35,2,3,10,0,-1,-1,SELLER,01T35@0,0,2,-1,-1,0
888,T35,T36,2,9,14,2,-1,2,03T35@1,04T36@2,17,2,-1,-1,2
288,OTHER,T07,2,3,10,0,-1,-1,SELLER,00T07@0,0,2,-1,-1,0
544,OTHER,T35,2,4,10,0,-1,-1,SELLER,01T35@0,0,2,-1,-1,0
736,T35,T35,2,10,16,1,-1,1,03T35@1,05T35@2,17,2,-1,-1,2
862,T35,T35,2,11,14,1,-1,1,03T35@1,05T35@2,17,2,-1,-1,2
841,T35,T35,2,11,14,1,-1,1,02T35@1,05T35@2,17,2,-1,-1,2
840,T35,T35,2,10,16,1,-1,1,02T35@1,05T35@2,17,2,-1,-1,2
547,OTHER,T07,2,3,10,0,-1,-1,SELLER,00T07@0,0,2,-1,-1,0
838,T35,T35,2,8,14,1,-1,1,03T35@1,05T35@2,17,2,-1,-1,2
933,T35,T35,2,29,11,-1,-1,2,01T35@0,03T35@1,17,-1,-1,-1,1
874,T35,T35,2,1,10,2,-1,2,01T35@0,03T35@1,17,2,-1,-1,1
932,T35,T35,2,24,11,-1,-1,2,01T35@0,02T35@1,17,-1,-1,-1,1
934,T35,T35,2,14,14,-1,-1,2,02T35@1,05T35@2,17,-1,-1,-1,2
774,T35,T36,2,9,14,1,-1,1,03T35@1,04T36@2,17,2,-1,-1,2
915,T35,T36,2,1,15,2,-1,2,03T35@1,04T36@2,17,2,-1,-1,2
893,T35,T35,2,3,10,2,-1,2,01T35@0,03T35@1,17,2,-1,-1,1
931,T35,T35,2,1,10,2,-1,2,01T35@0,03T35@1,17,2,-1,-1,1
955,T35,T36,3,1,15,3,-1,3,02T35@1,04T36@2,17,3,-1,-1,2
950,T35,T36,3,7,16,3,-1,3,02T35@1,04T36@2,17,3,-1,-1,2
964,T07,T35,3,9,28,-1,-1,3,00T07@0,03T35@1,17,-1,-1,-1,1
968,T07,T35,3,9,28,-1,-1,3,00T07@0,02T35@1,17,-1,-1,-1,1
963,T35,T36,3,8,16,3,-1,3,03T35@1,04T36@2,17,3,-1,-1,2
907,T35,T36,3,7,16,2,-1,2,02T35@1,04T36@2,17,3,-1,-1,2
896,T35,T35,3,12,11,2,-1,2,01T35@0,03T35@1,17,3,-1,-1,1
111,OTHER,T35,3,2,10,0,-1,-1,SELLER,01T35@0,0,3,-1,-1,0
899,T35,T36,3,8,16,2,-1,2,02T35@1,04T36@2,17,3,-1,-1,2
112,OTHER,T35,3,3,10,0,-1,-1,SELLER,01T35@0,0,3,-1,-1,0
534,T36,OTHER,3,3,43,0,-1,-1,04T36@2,BUYER,0,3,-1,-1,3
121,T35,OTHER,3,3,43,0,-1,-1,05T35@2,BUYER,0,3,-1,-1,3
474,OTHER,T35,3,6,10,0,-1,-1,SELLER,01T35@0,0,3,-1,-1,0
938,T07,T35,3,18,30,-1,-1,2,00T07@0,02T35@1,17,-1,-1,-1,1
73,OTHER,T35,3,1,10,0,-1,-1,SELLER,01T35@0,0,3,-1,-1,0
220,OTHER,T07,3,4,10,0,-1,-1,SELLER,00T07@0,0,3,-1,-1,0
777,T35,T35,3,12,16,1,-1,1,02T35@1,05T35@2,17,3,-1,-1,2
384,T36,OTHER,3,5,43,0,-1,-1,04T36@2,BUYER,0,3,-1,-1,3
886,T35,T36,3,1,15,2,-1,2,02T35@1,04T36@2,17,3,-1,-1,2
426,T36,OTHER,3,3,43,0,-1,-1,04T36@2,BUYER,0,3,-1,-1,3
380,T35,OTHER,3,2,43,0,-1,-1,05T35@2,BUYER,0,3,-1,-1,3
356,OTHER,T07,3,3,10,0,-1,-1,SELLER,00T07@0,0,3,-1,-1,0
402,OTHER,T07,3,1,10,0,-1,-1,SELLER,00T07@0,0,3,-1,-1,0
48,T36,OTHER,3,1,43,0,-1,-1,04T36@2,BUYER,0,3,-1,-1,3
193,T35,OTHER,3,3,43,0,-1,-1,05T35@2,BUYER,0,3,-1,-1,3
490,T35,OTHER,4,2,43,0,-1,-1,05T35@2,BUYER,0,4,-1,-1,3
808,T35,T35,4,11,16,1,-1,1,03T35@1,05T35@2,17,4,-1,-1,2
929,T35,T35,4,12,9,2,-1,2,01T35@0,02T35@1,17,4,-1,-1,1
695,T36,OTHER,4,2,43,-1,-1,-1,04T36@2,BUYER,0,-1,-1,-1,3
157,T36,OTHER,4,5,43,0,-1,-1,04T36@2,BUYER,0,4,-1,-1,3
127,T35,OTHER,4,3,43,0,-1,-1,05T35@2,BUYER,0,4,-1,-1,3
729,T35,T35,4,8,16,1,-1,1,02T35@1,05T35@2,17,4,-1,-1,2
699,T36,OTHER,4,3,43,-1,-1,-1,04T36@2,BUYER,0,-1,-1,-1,3
917,T35,T36,4,7,14,2,-1,2,03T35@1,04T36@2,17,4,-1,-1,2
248,OTHER,T07,4,5,10,0,-1,-1,SELLER,00T07@0,0,4,-1,-1,0
973,T35,T36,4,8,16,4,-1,4,03T35@1,04T36@2,17,4,-1,-1,2
817,T35,T35,4,9,16,1,-1,1,02T35@1,05T35@2,17,4,-1,-1,2
881,T35,T35,4,2,10,2,-1,2,01T35@0,03T35@1,17,4,-1,-1,1
992,T35,T35,4,29,11,-1,-1,4,01T35@0,03T35@1,17,-1,-1,-1,1
577,T35,OTHER,4,3,43,0,-1,-1,05T35@2,BUYER,0,4,-1,-1,3
836,T35,T36,4,8,14,1,-1,1,02T35@1,04T36@2,17,4,-1,-1,2
946,T35,T35,4,12,11,3,-1,3,01T35@0,03T35@1,17,4,-1,-1,1
355,OTHER,T35,4,3,10,0,-1,-1,SELLER,01T35@0,0,4,-1,-1,0
786,T35,T35,4,11,16,1,-1,1,02T35@1,05T35@2,17,4,-1,-1,2
941,T35,T36,4,1,15,3,-1,3,03T35@1,04T36@2,17,4,-1,-1,2
761,T35,T35,4,10,14,1,-1,1,03T35@1,05T35@2,17,4,-1,-1,2
843,T35,T35,4,8,16,1,-1,1,03T35@1,05T35@2,17,4,-1,-1,2
331,OTHER,T35,4,1,10,0,-1,-1,SELLER,01T35@0,0,4,-1,-1,0
479,OTHER,T07,4,3,10,0,-1,-1,SELLER,00T07@0,0,4,-1,-1,0
134,OTHER,T35,4,6,10,0,-1,-1,SELLER,01T35@0,0,4,-1,-1,0
267,OTHER,T07,4,2,10,0,-1,-1,SELLER,00T07@0,0,4,-1,-1,0
385,T36,OTHER,4,2,43,0,-1,-1,04T36@2,BUYER,0,4,-1,-1,3
779,T35,T35,4,9,16,1,-1,1,03T35@1,05T35@2,17,4,-1,-1,2
855,T35,T36,4,7,14,1,-1,1,03T35@1,04T36@2,17,4,-1,-1,2
708,T36,OTHER,5,2,43,-1,-1,-1,04T36@2,BUYER,0,-1,-1,-1,3
523,OTHER,T35,5,3,10,0,-1,-1,SELLER,01T35@0,0,5,-1,-1,0
151,OTHER,T35,5,3,10,0,-1,-1,SELLER,01T35@0,0,5,-1,-1,0
829,T35,T35,5,10,14,1,-1,1,02T35@1,05T35@2,17,5,-1,-1,2
349,OTHER,T35,5,4,10,0,-1,-1,SELLER,01T35@0,0,5,-1,-1,0
206,T36,OTHER,5,3,43,0,-1,-1,04T36@2,BUYER,0,5,-1,-1,3
124,T35,OTHER,5,2,43,0,-1,-1,05T35@2,BUYER,0,5,-1,-1,3
972,T35,T36,5,7,16,4,-1,4,03T35@1,04T36@2,17,5,-1,-1,2
827,T35,T35,5,14,16,1,-1,1,03T35@1,05T35@2,17,5,-1,-1,2
389,OTHER,T07,5,6,10,0,-1,-1,SELLER,00T07@0,0,5,-1,-1,0
918,T35,T35,5,13,9,2,-1,2,01T35@0,03T35@1,17,5,-1,-1,1
309,T35,OTHER,5,2,43,0,-1,-1,05T35@2,BUYER,0,5,-1,-1,3
321,OTHER,T35,5,1,10,0,-1,-1,SELLER,01T35@0,0,5,-1,-1,0
1000,T35,T36,5,1,15,5,-1,5,03T35@1,04T36@2,17,5,-1,-1,2
624,OTHER,T07,5,2,10,0,-1,-1,SELLER,00T07@0,0,5,-1,-1,0
1006,T35,T36,5,1,15,5,-1,5,02T35@1,04T36@2,17,5,-1,-1,2
789,T35,T35,5,6,14,1,-1,1,03T35@1,05T35@2,17,5,-1,-1,2
993,T35,T35,5,22,11,-1,-1,4,01T35@0,02T35@1,17,-1,-1,-1,1
195,T35,OTHER,5,4,43,0,-1,-1,05T35@2,BUYER,0,5,-1,-1,3
798,T07,T35,5,11,28,1,-1,1,00T07@0,03T35@1,17,5,-1,-1,1
910,T35,T35,5,22,9,2,-1,2,01T35@0,02T35@1,17,5,-1,-1,1
801,T35,T35,5,6,14,1,-1,1,02T35@1,05T35@2,17,5,-1,-1,2
803,T35,T35,5,10,16,1,-1,1,02T35@1,05T35@2,17,5,-1,-1,2
666,T36,OTHER,5,2,43,-1,-1,-1,04T36@2,BUYER,0,-1,-1,-1,3
741,T35,T35,5,8,16,1,-1,1,02T35@1,05T35@2,17,5,-1,-1,2
815,T35,T35,5,8,16,1,-1,1,03T35@1,05T35@2,17,5,-1,-1,2
395,T35,OTHER,5,2,43,0,-1,-1,05T35@2,BUYER,0,5,-1,-1,3
991,T35,T36,5,8,16,4,-1,4,03T35@1,04T36@2,17,5,-1,-1,2
97,OTHER,T07,5,1,10,0,-1,-1,SELLER,00T07@0,0,5,-1,-1,0
733,T35,T35,5,10,14,1,-1,1,03T35@1,05T35@2,17,5,-1,-1,2
96,T36,OTHER,5,3,43,0,-1,-1,04T36@2,BUYER,0,5,-1,-1,3
970,T35,T35,6,9,16,4,-1,4,03T35@1,05T35@2,17,6,-1,-1,2
986,T35,T36,6,7,14,4,-1,4,02T35@1,04T36@2,17,6,-1,-1,2
1032,T35,T36,6,7,16,6,-1,6,03T35@1,04T36@2,17,6,-1,-1,2
1016,T35,T36,6,1,15,5,-1,5,03T35@1,04T36@2,17,6,-1,-1,2
983,T35,T35,6,9,16,4,-1,4,02T35@1,05T35@2,17,6,-1,-1,2
596,OTHER,T35,6,2,10,0,-1,-1,SELLER,01T35@0,0,6,-1,-1,0
1005,T35,T36,6,1,15,5,-1,5,02T35@1,04T36@2,17,6,-1,-1,2
1040,T35,T36,6,7,16,6,-1,6,03T35@1,04T36@2,17,6,-1,-1,2
165,T35,OTHER,6,3,43,0,-1,-1,05T35@2,BUYER,0,6,-1,-1,3
586,T35,OTHER,6,3,43,0,-1,-1,05T35@2,BUYER,0,6,-1,-1,3
155,OTHER,T07,6,1,10,0,-1,-1,SELLER,00T07@0,0,6,-1,-1,0
105,T35,OTHER,6,3,43,0,-1,-1,05T35@2,BUYER,0,6,-1,-1,3
211,T36,OTHER,6,4,43,0,-1,-1,04T36@2,BUYER,0,6,-1,-1,3
213,OTHER,T07,6,2,10,0,-1,-1,SELLER,00T07@0,0,6,-1,-1,0
962,T35,T35,6,12,9,3,-1,3,01T35@0,02T35@1,17,6,-1,-1,1
50,T35,OTHER,6,1,43,0,-1,-1,05T35@2,BUYER,0,6,-1,-1,3
821,T35,T35,6,9,14,1,-1,1,03T35@1,05T35@2,17,6,-1,-1,2
509,T35,OTHER,6,3,43,0,-1,-1,05T35@2,BUYER,0,6,-1,-1,3
737,T35,T35,6,9,14,1,-1,1,02T35@1,05T35@2,17,6,-1,-1,2
271,T36,OTHER,6,1,43,0,-1,-1,04T36@2,BUYER,0,6,-1,-1,3
785,T07,T35,6,11,28,1,-1,1,00T07@0,03T35@1,17,6,-1,-1,1
751,T07,T35,6,9,29,1,-1,1,00T07@0,03T35@1,17,6,-1,-1,1
17,OTHER,T35,6,2,10,0,-1,-1,SELLER,01T35@0,0,6,-1,-1,0
461,OTHER,T07,6,4,10,0,-1,-1,SELLER,00T07@0,0,6,-1,-1,0
143,OTHER,T07,6,4,10,0,-1,-1,SELLER,00T07@0,0,6,-1,-1,0
957,T35,T36,6,8,14,3,-1,3,03T35@1,04T36@2,17,6,-1,-1,2
668,T36,OTHER,6,2,43,-1,-1,-1,04T36@2,BUYER,0,-1,-1,-1,3
459,OTHER,T35,6,5,10,0,-1,-1,SELLER,01T35@0,0,6,-1,-1,0
914,T35,T35,6,14,16,2,-1,2,03T35@1,05T35@2,17,6,-1,-1,2
1008,T35,T35,7,10,14,5,-1,5,02T35@1,05T35@2,17,7,-1,-1,2
1004,T35,T35,7,10,16,5,-1,5,03T35@1,05T35@2,17,7,-1,-1,2
1067,T35,T36,7,1,15,7,-1,7,03T35@1,04T36@2,17,7,-1,-1,2
796,T35,T35,7,8,16,1,-1,1,02T35@1,05T35@2,17,7,-1,-1,2
1033,T35,T36,7,8,14,6,-1,6,03T35@1,04T36@2,17,7,-1,-1,2
805,T35,T35,7,8,16,1,-1,1,02T35@1,05T35@2,17,7,-1,-1,2
1035,T35,T36,7,7,16,6,-1,6,02T35@1,04T36@2,17,7,-1,-1,2
347,OTHER,T35,7,2,10,0,-1,-1,SELLER,01T35@0,0,7,-1,-1,0
1056,T35,T36,7,1,15,7,-1,7,02T35@1,04T36@2,17,7,-1,-1,2
1045,T35,T35,7,8,16,6,-1,6,02T35@1,05T35@2,17,7,-1,-1,2
1050,T35,T36,7,1,15,7,-1,7,02T35@1,04T36@2,17,7,-1,-1,2
832,T35,T35,7,11,14,1,-1,1,02T35@1,05T35@2,17,7,-1,-1,2
597,OTHER,T35,7,4,10,0,-1,-1,SELLER,01T35@0,0,7,-1,-1,0
851,T07,T35,7,12,29,1,-1,1,00T07@0,03T35@1,17,7,-1,-1,1
425,OTHER,T35,7,2,10,0,-1,-1,SELLER,01T35@0,0,7,-1,-1,0
1076,T35,T36,7,7,16,7,-1,7,02T35@1,04T36@2,17,7,-1,-1,2
476,OTHER,T35,7,3,10,0,-1,-1,SELLER,01T35@0,0,7,-1,-1,0
301,T35,OTHER,7,5,43,0,-1,-1,05T35@2,BUYER,0,7,-1,-1,3
948,T35,T35,7,6,14,3,-1,3,03T35@1,05T35@2,17,7,-1,-1,2
942,T35,T35,7,6,14,3,-1,3,02T35@1,05T35@2,17,7,-1,-1,2
269,T36,OTHER,7,1,43,0,-1,-1,04T36@2,BUYER,0,7,-1,-1,3
514,OTHER,T07,7,3,10,0,-1,-1,SELLER,00T07@0,0,7,-1,-1,0
507,T35,OTHER,7,1,43,0,-1,-1,05T35@2,BUYER,0,7,-1,-1,3
712,T36,OTHER,7,3,43,-1,-1,-1,04T36@2,BUYER,0,-1,-1,-1,3
109,T35,OTHER,7,4,43,0,-1,-1,05T35@2,BUYER,0,7,-1,-1,3
1002,T35,T36,7,8,14,5,-1,5,03T35@1,04T36@2,17,7,-1,-1,2
95,OTHER,T07,7,2,10,0,-1,-1,SELLER,00T07@0,0,7,-1,-1,0
911,T35,T35,7,10,11,2,-1,2,01T35@0,03T35@1,17,7,-1,-1,1
491,T36,OTHER,7,4,43,0,-1,-1,04T36@2,BUYER,0,7,-1,-1,3
764,T35,T35,7,8,14,1,-1,1,03T35@1,05T35@2,17,7,-1,-1,2
642,T35,OTHER,7,2,43,0,-1,-1,05T35@2,BUYER,0,7,-1,-1,3
485,OTHER,T07,7,2,10,0,-1,-1,SELLER,00T07@0,0,7,-1,-1,0
757,T07,T35,7,12,29,1,-1,1,00T07@0,02T35@1,17,7,-1,-1,1
639,OTHER,T35,7,2,10,0,-1,-1,SELLER,01T35@0,0,7,-1,-1,0
1065,T35,T35,8,8,16,7,-1,7,02T35@1,05T35@2,17,8,-1,-1,2
256,T36,OTHER,8,3,43,0,-1,-1,04T36@2,BUYER,0,8,-1,-1,3
520,OTHER,T35,8,7,10,0,-1,-1,SELLER,01T35@0,0,8,-1,-1,0
455,OTHER,T07,8,3,10,0,-1,-1,SELLER,00T07@0,0,8,-1,-1,0
536,OTHER,T07,8,3,10,0,-1,-1,SELLER,00T07@0,0,8,-1,-1,0
583,T35,OTHER,8,3,43,0,-1,-1,05T35@2,BUYER,0,8,-1,-1,3
322,T36,OTHER,8,1,43,0,-1,-1,04T36@2,BUYER,0,8,-1,-1,3
505,T35,OTHER,8,4,43,0,-1,-1,05T35@2,BUYER,0,8,-1,-1,3
1103,T35,T36,8,1,15,8,-1,8,03T35@1,04T36@2,17,8,-1,-1,2
436,OTHER,T35,8,2,10,0,-1,-1,SELLER,01T35@0,0,8,-1,-1,0
1088,T35,T35,8,1,10,8,-1,8,01T35@0,02T35@1,17,8,-1,-1,1
1055,T35,T36,8,1,15,7,-1,7,03T35@1,04T36@2,17,8,-1,-1,2
265,OTHER,T07,8,3,10,0,-1,-1,SELLER,00T07@0,0,8,-1,-1,0
859,T35,T35,8,8,14,1,-1,1,03T35@1,05T35@2,17,8,-1,-1,2
998,T35,T36,8,7,14,5,-1,5,03T35@1,04T36@2,17,8,-1,-1,2
643,T35,OTHER,8,2,43,0,-1,-1,05T35@2,BUYER,0,8,-1,-1,3
116,T35,OTHER,8,3,43,0,-1,-1,05T35@2,BUYER,0,8,-1,-1,3
1003,T35,T36,8,7,14,5,-1,5,02T35@1,04T36@2,17,8,-1,-1,2
1044,T35,T35,8,13,9,6,-1,6,01T35@0,03T35@1,17,8,-1,-1,1
42,OTHER,T07,8,2,10,0,-1,-1,SELLER,00T07@0,0,8,-1,-1,0
78,T35,OTHER,8,3,43,0,-1,-1,05T35@2,BUYER,0,8,-1,-1,3
2,T35,OTHER,8,1,43,0,-1,-1,05T35@2,BUYER,0,8,-1,-1,3
826,T07,T35,8,18,27,1,-1,1,00T07@0,03T35@1,17,8,-1,-1,1
346,OTHER,T07,9,1,10,0,-1,-1,SELLER,00T07@0,0,9,-1,-1,0
249,OTHER,T35,9,3,10,0,-1,-1,SELLER,01T35@0,0,9,-1,-1,0
1109,T35,T36,9,7,16,9,-1,9,03T35@1,04T36@2,17,9,-1,-1,2
663,T36,OTHER,9,3,43,-1,-1,-1,04T36@2,BUYER,0,-1,-1,-1,3
1130,T35,T36,9,7,16,9,-1,9,02T35@1,04T36@2,17,9,-1,-1,2
266,T36,OTHER,9,6,43,0,-1,-1,04T36@2,BUYER,0,9,-1,-1,3
684,T36,OTHER,9,3,43,-1,-1,-1,04T36@2,BUYER,0,-1,-1,-1,3
696,T36,OTHER,9,1,43,-1,-1,-1,04T36@2,BUYER,0,-1,-1,-1,3
378,OTHER,T35,9,2,10,0,-1,-1,SELLER,01T35@0,0,9,-1,-1,0
748,T07,T35,9,10,29,1,-1,1,00T07@0,02T35@1,17,9,-1,-1,1
550,OTHER,T07,9,7,10,0,-1,-1,SELLER,00T07@0,0,9,-1,-1,0
72,T35,OTHER,9,3,43,0,-1,-1,05T35@2,BUYER,0,9,-1,-1,3
468,OTHER,T07,9,3,10,0,-1,-1,SELLER,00T07@0,0,9,-1,-1,0
55,OTHER,T07,9,1,10,0,-1,-1,SELLER,00T07@0,0,9,-1,-1,0
792,T07,T35,9,10,29,1,-1,1,00T07@0,03T35@1,17,9,-1,-1,1
879,T35,T35,9,20,11,2,-1,2,01T35@0,03T35@1,17,9,-1,-1,1
239,T35,OTHER,9,1,43,0,-1,-1,05T35@2,BUYER,0,9,-1,-1,3
1047,T35,T35,9,8,14,6,-1,6,03T35@1,05T35@2,17,9,-1,-1,2
362,OTHER,T35,9,3,10,0,-1,-1,SELLER,01T35@0,0,9,-1,-1,0
619,T35,OTHER,9,3,43,0,-1,-1,05T35@2,BUYER,0,9,-1,-1,3
1100,T35,T36,9,7,16,8,-1,8,03T35@1,04T36@2,17,9,-1,-1,2
1059,T35,T36,9,7,14,7,-1,7,03T35@1,04T36@2,17,9,-1,-1,2
1093,T35,T36,9,1,15,8,-1,8,02T35@1,04T36@2,17,9,-1,-1,2
740,T35,T35,10,12,16,1,-1,1,02T35@1,05T35@2,17,10,-1,-1,2
923,T35,T35,10,16,11,2,-1,2,01T35@0,02T35@1,17,10,-1,-1,1
889,T35,T35,10,19,9,2,-1,2,01T35@0,02T35@1,17,10,-1,-1,1
920,T35,T35,10,19,9,2,-1,2,01T35@0,03T35@1,17,10,-1,-1,1
880,T35,T35,10,22,9,2,-1,2,01T35@0,02T35@1,17,10,-1,-1,1
405,T35,OTHER,10,2,43,0,-1,-1,05T35@2,BUYER,0,10,-1,-1,3
1156,T35,T36,10,1,15,10,-1,10,03T35@1,04T36@2,17,10,-1,-1,2
91,OTHER,T07,10,3,10,0,-1,-1,SELLER,00T07@0,0,10,-1,-1,0
488,OTHER,T07,10,1,10,0,-1,-1,SELLER,00T07@0,0,10,-1,-1,0
411,OTHER,T35,10,3,10,0,-1,-1,SELLER,01T35@0,0,10,-1,-1,0
928,T35,T35,10,5,9,2,-1,2,01T35@0,02T35@1,17,10,-1,-1,1
768,T35,T35,10,11,16,1,-1,1,03T35@1,05T35@2,17,10,-1,-1,2
860,T35,T35,10,10,16,1,-1,1,02T35@1,05T35@2,17,10,-1,-1,2
615,OTHER,T07,10,2,10,0,-1,-1,SELLER,00T07@0,0,10,-1,-1,0
770,T35,T35,10,10,16,1,-1,1,03T35@1,05T35@2,17,10,-1,-1,2
772,T07,T35,10,11,29,1,-1,1,00T07@0,02T35@1,17,10,-1,-1,1
65,OTHER,T35,10,1,10,0,-1,-1,SELLER,01T35@0,0,10,-1,-1,0
59,T36,OTHER,10,3,43,0,-1,-1,04T36@2,BUYER,0,10,-1,-1,3
1075,T35,T35,10,8,14,7,-1,7,03T35@1,05T35@2,17,10,-1,-1,2
570,T35,OTHER,10,2,43,0,-1,-1,05T35@2,BUYER,0,10,-1,-1,3
318,T36,OTHER,10,2,43,0,-1,-1,04T36@2,BUYER,0,10,-1,-1,3
839,T35,T35,10,12,16,1,-1,1,03T35@1,05T35@2,17,10,-1,-1,2
1101,T35,T35,10,10,16,8,-1,8,03T35@1,05T35@2,17,10,-1,-1,2
652,T36,OTHER,10,3,43,-1,-1,-1,04T36@2,BUYER,0,-1,-1,-1,3
1102,T35,T36,10,7,14,8,-1,8,02T35@1,04T36@2,17,10,-1,-1,2
163,T35,OTHER,10,5,43,0,-1,-1,05T35@2,BUYER,0,10,-1,-1,3
159,OTHER,T07,10,5,10,0,-1,-1,SELLER,00T07@0,0,10,-1,-1,0
146,OTHER,T07,10,2,10,0,-1,-1,SELLER,00T07@0,0,10,-1,-1,0
1112,T35,T36,10,1,15,9,-1,9,02T35@1,04T36@2,17,10,-1,-1,2
1092,T35,T35,10,10,16,8,-1,8,02T35@1,05T35@2,17,10,-1,-1,2
1116,T35,T36,10,7,16,9,-1,9,02T35@1,04T36@2,17,10,-1,-1,2
1129,T35,T36,10,1,15,9,-1,9,03T35@1,04T36@2,17,10,-1,-1,2
1053,T35,T36,10,7,14,7,-1,7,02T35@1,04T36@2,17,10,-1,-1,2
382,OTHER,T35,10,3,10,0,-1,-1,SELLER,01T35@0,0,10,-1,-1,0
664,T36,OTHER,10,3,43,-1,-1,-1,04T36@2,BUYER,0,-1,-1,-1,3
298,OTHER,T35,11,2,10,0,-1,-1,SELLER,01T35@0,0,11,-1,-1,0
75,T36,OTHER,11,3,43,0,-1,-1,04T36@2,BUYER,0,11,-1,-1,3
640,T35,OTHER,11,3,43,0,-1,-1,05T35@2,BUYER,0,11,-1,-1,3
1095,T35,T36,11,7,14,8,-1,8,02T35@1,04T36@2,17,11,-1,-1,2
205,OTHER,T07,11,3,10,0,-1,-1,SELLER,00T07@0,0,11,-1,-1,0
1169,T35,T36,11,7,16,11,-1,11,02T35@1,04T36@2,17,11,-1,-1,2
1172,T35,T36,11,1,15,11,-1,11,02T35@1,04T36@2,17,11,-1,-1,2
794,T07,T35,11,11,29,1,-1,1,00T07@0,02T35@1,17,11,-1,-1,1
1183,T35,T36,11,7,16,11,-1,11,03T35@1,04T36@2,17,11,-1,-1,2
653,T36,OTHER,11,3,43,-1,-1,-1,04T36@2,BUYER,0,-1,-1,-1,3
616,OTHER,T07,11,4,10,0,-1,-1,SELLER,00T07@0,0,11,-1,-1,0
687,T36,OTHER,11,3,43,-1,-1,-1,04T36@2,BUYER,0,-1,-1,-1,3
456,OTHER,T07,11,3,10,0,-1,-1,SELLER,00T07@0,0,11,-1,-1,0
1140,T35,T36,11,1,15,10,-1,10,02T35@1,04T36@2,17,11,-1,-1,2
296,OTHER,T07,11,3,10,0,-1,-1,SELLER,00T07@0,0,11,-1,-1,0
814,T35,T35,11,12,16,1,-1,1,03T35@1,05T35@2,17,11,-1,-1,2
11,OTHER,T35,11,4,10,0,-1,-1,SELLER,01T35@0,0,11,-1,-1,0
824,T35,T35,11,12,16,1,-1,1,02T35@1,05T35@2,17,11,-1,-1,2
1144,T35,T36,11,7,16,10,-1,10,02T35@1,04T36@2,17,11,-1,-1,2
1157,T35,T35,11,8,16,10,-1,10,03T35@1,05T35@2,17,11,-1,-1,2
604,OTHER,T07,11,1,10,0,-1,-1,SELLER,00T07@0,0,11,-1,-1,0
532,T36,OTHER,11,1,43,0,-1,-1,04T36@2,BUYER,0,11,-1,-1,3
1114,T35,T35,11,9,14,9,-1,9,02T35@1,05T35@2,17,11,-1,-1,2
877,T35,T35,11,18,11,2,-1,2,01T35@0,02T35@1,17,11,-1,-1,1
1123,T35,T35,11,9,14,9,-1,9,03T35@1,05T35@2,17,11,-1,-1,2
925,T35,T35,11,18,11,2,-1,2,01T35@0,03T35@1,17,11,-1,-1,1
392,T35,OTHER,11,2,43,0,-1,-1,05T35@2,BUYER,0,11,-1,-1,3
186,T35,OTHER,11,2,43,0,-1,-1,05T35@2,BUYER,0,11,-1,-1,3
106,T35,OTHER,11,3,43,0,-1,-1,05T35@2,BUYER,0,11,-1,-1,3
883,T35,T35,12,21,11,2,-1,2,01T35@0,03T35@1,17,12,-1,-1,1
216,T35,OTHER,12,1,43,0,-1,-1,05T35@2,BUYER,0,12,-1,-1,3
884,T35,T35,12,18,11,2,-1,2,01T35@0,03T35@1,17,12,-1,-1,1
371,OTHER,T35,12,4,10,0,-1,-1,SELLER,01T35@0,0,12,-1,-1,0
340,OTHER,T35,12,2,10,0,-1,-1,SELLER,01T35@0,0,12,-1,-1,0
812,T35,T35,12,7,14,1,-1,1,03T35@1,05T35@2,17,12,-1,-1,2
328,OTHER,T35,12,2,10,0,-1,-1,SELLER,01T35@0,0,12,-1,-1,0
850,T35,T35,12,6,14,1,-1,1,03T35@1,05T35@2,17,12,-1,-1,2
1216,T35,T36,12,1,15,12,-1,12,02T35@1,04T36@2,17,12,-1,-1,2
387,T35,OTHER,12,4,43,0,-1,-1,05T35@2,BUYER,0,12,-1,-1,3
1168,T35,T35,12,8,16,11,-1,11,03T35@1,05T35@2,17,12,-1,-1,2
727,T36,OTHER,12,1,43,-1,-1,-1,04T36@2,BUYER,0,-1,-1,-1,3
1155,T35,T36,12,7,14,10,-1,10,02T35@1,04T36@2,17,12,-1,-1,2
499,T36,OTHER,12,3,43,0,-1,-1,04T36@2,BUYER,0,12,-1,-1,3
722,T36,OTHER,12,4,43,-1,-1,-1,04T36@2,BUYER,0,-1,-1,-1,3
492,OTHER,T35,12,2,10,0,-1,-1,SELLER,01T35@0,0,12,-1,-1,0
1077,T07,T35,12,7,28,-1,-1,7,00T07@0,02T35@1,17,-1,-1,-1,1
521,OTHER,T07,12,5,10,0,-1,-1,SELLER,00T07@0,0,12,-1,-1,0
83,OTHER,T07,12,3,10,0,-1,-1,SELLER,00T07@0,0,12,-1,-1,0
1150,T07,T35,12,7,28,10,-1,10,00T07@0,03T35@1,17,12,-1,-1,1
192,OTHER,T07,12,2,10,0,-1,-1,SELLER,00T07@0,0,12,-1,-1,0
1115,T07,T35,12,7,28,9,-1,9,00T07@0,02T35@1,17,12,-1,-1,1
1178,T35,T36,12,1,15,11,-1,11,03T35@1,04T36@2,17,12,-1,-1,2
1188,T35,T35,12,8,16,11,-1,11,02T35@1,05T35@2,17,12,-1,-1,2
1192,T07,T35,12,10,28,-1,-1,11,00T07@0,03T35@1,17,-1,-1,-1,1
1193,T07,T35,12,10,28,-1,-1,11,00T07@0,02T35@1,17,-1,-1,-1,1
170,T35,OTHER,12,4,43,0,-1,-1,05T35@2,BUYER,0,12,-1,-1,3
1194,T07,T35,12,7,28,-1,-1,11,00T07@0,03T35@1,17,-1,-1,-1,1
629,T36,OTHER,12,3,43,0,-1,-1,04T36@2,BUYER,0,12,-1,-1,3
658,T36,OTHER,13,2,43,-1,-1,-1,04T36@2,BUYER,0,-1,-1,-1,3
1137,T07,T35,13,19,30,-1,-1,9,00T07@0,03T35@1,17,-1,-1,-1,1
656,T36,OTHER,13,2,43,-1,-1,-1,04T36@2,BUYER,0,-1,-1,-1,3
700,T36,OTHER,13,3,43,-1,-1,-1,04T36@2,BUYER,0,-1,-1,-1,3
1147,T35,T36,13,7,14,10,-1,10,03T35@1,04T36@2,17,13,-1,-1,2
603,OTHER,T35,13,2,10,0,-1,-1,SELLER,01T35@0,0,13,-1,-1,0
1107,T07,T35,13,19,30,-1,-1,8,00T07@0,03T35@1,17,-1,-1,-1,1
375,OTHER,T35,13,1,10,0,-1,-1,SELLER,01T35@0,0,13,-1,-1,0
449,T35,OTHER,13,4,43,0,-1,-1,05T35@2,BUYER,0,13,-1,-1,3
403,OTHER,T07,13,3,10,0,-1,-1,SELLER,00T07@0,0,13,-1,-1,0
593,T35,OTHER,13,2,43,0,-1,-1,05T35@2,BUYER,0,13,-1,-1,3
1159,T35,T35,13,8,14,10,-1,10,02T35@1,05T35@2,17,13,-1,-1,2
882,T35,T35,13,25,9,2,-1,2,01T35@0,02T35@1,17,13,-1,-1,1
1163,T07,T35,13,19,30,-1,-1,10,00T07@0,03T35@1,17,-1,-1,-1,1
1228,T35,T36,13,7,16,13,-1,13,03T35@1,04T36@2,17,13,-1,-1,2
894,T35,T35,13,19,11,2,-1,2,01T35@0,02T35@1,17,13,-1,-1,1
430,OTHER,T35,13,3,10,0,-1,-1,SELLER,01T35@0,0,13,-1,-1,0
1219,T35,T36,13,8,16,12,-1,12,03T35@1,04T36@2,17,13,-1,-1,2
1217,T35,T36,13,1,15,12,-1,12,03T35@1,04T36@2,17,13,-1,-1,2
458,OTHER,T35,13,2,10,0,-1,-1,SELLER,01T35@0,0,13,-1,-1,0
1208,T35,T35,13,12,14,12,-1,12,03T35@1,05T35@2,17,13,-1,-1,2
1096,T07,T35,13,11,28,8,-1,8,00T07@0,03T35@1,17,13,-1,-1,1
1226,T35,T36,13,1,15,13,-1,13,02T35@1,04T36@2,17,13,-1,-1,2
280,T35,OTHER,13,2,43,0,-1,-1,05T35@2,BUYER,0,13,-1,-1,3
173,OTHER,T07,13,1,10,0,-1,-1,SELLER,00T07@0,0,13,-1,-1,0
76,T36,OTHER,13,5,43,0,-1,-1,04T36@2,BUYER,0,13,-1,-1,3
175,OTHER,T35,13,5,10,0,-1,-1,SELLER,01T35@0,0,13,-1,-1,0
120,OTHER,T07,13,3,10,0,-1,-1,SELLER,00T07@0,0,13,-1,-1,0
1239,T35,T36,14,1,15,13,-1,13,03T35@1,04T36@2,17,14,-1,-1,2
584,T35,OTHER,14,3,43,0,-1,-1,05T35@2,BUYER,0,14,-1,-1,3
689,T36,OTHER,14,1,43,-1,-1,-1,04T36@2,BUYER,0,-1,-1,-1,3
1001,T07,T35,14,6,29,5,-1,5,00T07@0,02T35@1,17,14,-1,-1,1
391,OTHER,T35,14,2,10,0,-1,-1,SELLER,01T35@0,0,14,-1,-1,0
1126,T07,T35,14,6,29,9,-1,9,00T07@0,02T35@1,17,14,-1,-1,1
1254,T35,T36,14,7,16,14,-1,14,03T35@1,04T36@2,17,14,-1,-1,2
1027,T07,T35,14,6,29,6,-1,6,00T07@0,03T35@1,17,14,-1,-1,1
397,T35,OTHER,14,1,43,0,-1,-1,05T35@2,BUYER,0,14,-1,-1,3
549,OTHER,T07,14,6,10,0,-1,-1,SELLER,00T07@0,0,14,-1,-1,0
1083,T07,T35,14,6,29,8,-1,8,00T07@0,03T35@1,17,14,-1,-1,1
630,T35,OTHER,14,5,43,0,-1,-1,05T35@2,BUYER,0,14,-1,-1,3
118,OTHER,T35,14,2,10,0,-1,-1,SELLER,01T35@0,0,14,-1,-1,0
1074,T07,T35,14,6,29,7,-1,7,00T07@0,03T35@1,17,14,-1,-1,1
281,OTHER,T07,14,1,10,0,-1,-1,SELLER,00T07@0,0,14,-1,-1,0
358,OTHER,T07,14,2,10,0,-1,-1,SELLER,00T07@0,0,14,-1,-1,0
876,T35,T35,14,10,9,2,-1,2,01T35@0,02T35@1,17,14,-1,-1,1
1213,T35,T36,14,7,14,12,-1,12,03T35@1,04T36@2,17,14,-1,-1,2
23,OTHER,T35,14,4,10,0,-1,-1,SELLER,01T35@0,0,14,-1,-1,0
887,T35,T35,14,7,9,2,-1,2,01T35@0,02T35@1,17,14,-1,-1,1
714,T36,OTHER,14,3,43,-1,-1,-1,04T36@2,BUYER,0,-1,-1,-1,3
1182,T35,T36,14,8,14,11,-1,11,03T35@1,04T36@2,17,14,-1,-1,2
64,T36,OTHER,14,5,43,0,-1,-1,04T36@2,BUYER,0,14,-1,-1,3
1164,T07,T35,14,6,29,-1,-1,10,00T07@0,03T35@1,17,-1,-1,-1,1
374,OTHER,T07,14,3,10,0,-1,-1,SELLER,00T07@0,0,14,-1,-1,0
86,T35,OTHER,14,2,43,0,-1,-1,05T35@2,BUYER,0,14,-1,-1,3
746,T35,T35,14,5,14,1,-1,1,02T35@1,05T35@2,17,14,-1,-1,2
333,T35,OTHER,15,1,43,0,-1,-1,05T35@2,BUYER,0,15,-1,-1,3
276,OTHER,T35,15,1,10,0,-1,-1,SELLER,01T35@0,0,15,-1,-1,0
417,T35,OTHER,15,5,43,0,-1,-1,05T35@2,BUYER,0,15,-1,-1,3
1229,T35,T36,15,8,14,13,-1,13,02T35@1,04T36@2,17,15,-1,-1,2
1210,T35,T36,15,7,14,12,-1,12,03T35@1,04T36@2,17,15,-1,-1,2
251,OTHER,T35,15,4,10,0,-1,-1,SELLER,01T35@0,0,15,-1,-1,0
242,T35,OTHER,15,1,43,0,-1,-1,05T35@2,BUYER,0,15,-1,-1,3
496,OTHER,T35,15,3,10,0,-1,-1,SELLER,01T35@0,0,15,-1,-1,0
1094,T07,T35,15,7,29,8,-1,8,00T07@0,02T35@1,17,15,-1,-1,1
272,T35,OTHER,15,4,43,0,-1,-1,05T35@2,BUYER,0,15,-1,-1,3
1286,T35,T36,15,7,16,15,-1,15,02T35@1,04T36@2,17,15,-1,-1,2
1034,T07,T35,15,7,29,6,-1,6,00T07@0,02T35@1,17,15,-1,-1,1
1263,T35,T35,15,20,11,14,-1,14,01T35@0,03T35@1,17,15,-1,-1,1
22,T36,OTHER,15,3,43,0,-1,-1,04T36@2,BUYER,0,15,-1,-1,3
37,OTHER,T07,15,2,10,0,-1,-1,SELLER,00T07@0,0,15,-1,-1,0
1292,T35,T36,15,1,15,15,-1,15,02T35@1,04T36@2,17,15,-1,-1,2
68,OTHER,T35,15,4,10,0,-1,-1,SELLER,01T35@0,0,15,-1,-1,0
1283,T35,T36,15,1,15,15,-1,15,02T35@1,04T36@2,17,15,-1,-1,2
1307,T35,T36,15,1,15,15,-1,15,03T35@1,04T36@2,17,15,-1,-1,2
691,T36,OTHER,15,4,43,-1,-1,-1,04T36@2,BUYER,0,-1,-1,-1,3
641,T36,OTHER,15,2,43,0,-1,-1,04T36@2,BUYER,0,15,-1,-1,3
139,OTHER,T07,15,3,10,0,-1,-1,SELLER,00T07@0,0,15,-1,-1,0
1214,T35,T35,15,12,16,12,-1,12,02T35@1,05T35@2,17,15,-1,-1,2
187,OTHER,T07,15,3,10,0,-1,-1,SELLER,00T07@0,0,15,-1,-1,0
1266,T35,T36,15,7,16,14,-1,14,02T35@1,04T36@2,17,15,-1,-1,2
1298,T35,T36,15,7,16,15,-1,15,03T35@1,04T36@2,17,15,-1,-1,2
1268,T35,T36,15,8,14,14,-1,14,03T35@1,04T36@2,17,15,-1,-1,2
210,OTHER,T35,16,3,10,0,-1,-1,SELLER,01T35@0,0,16,-1,-1,0
237,T36,OTHER,16,1,43,0,-1,-1,04T36@2,BUYER,0,16,-1,-1,3
317,OTHER,T35,16,1,10,0,-1,-1,SELLER,01T35@0,0,16,-1,-1,0
74,OTHER,T07,16,3,10,0,-1,-1,SELLER,00T07@0,0,16,-1,-1,0
275,OTHER,T35,16,4,10,0,-1,-1,SELLER,01T35@0,0,16,-1,-1,0
284,T35,OTHER,16,3,43,0,-1,-1,05T35@2,BUYER,0,16,-1,-1,3
541,T36,OTHER,16,2,43,0,-1,-1,04T36@2,BUYER,0,16,-1,-1,3
441,OTHER,T07,16,3,10,0,-1,-1,SELLER,00T07@0,0,16,-1,-1,0
1069,T07,T35,16,19,27,7,-1,7,00T07@0,02T35@1,17,16,-1,-1,1
650,T36,OTHER,16,8,43,-1,-1,-1,04T36@2,BUYER,0,-1,-1,-1,3
171,T35,OTHER,16,1,43,0,-1,-1,05T35@2,BUYER,0,16,-1,-1,3
85,T35,OTHER,16,5,43,0,-1,-1,05T35@2,BUYER,0,16,-1,-1,3
294,OTHER,T07,16,3,10,0,-1,-1,SELLER,00T07@0,0,16,-1,-1,0
359,OTHER,T35,16,3,10,0,-1,-1,SELLER,01T35@0,0,16,-1,-1,0
1235,T35,T35,16,16,11,13,-1,13,01T35@0,02T35@1,17,16,-1,-1,1
1273,T35,T35,16,10,14,14,-1,14,02T35@1,05T35@2,17,16,-1,-1,2
1269,T35,T36,16,7,14,14,-1,14,03T35@1,04T36@2,17,16,-1,-1,2
1224,T35,T35,16,11,16,13,-1,13,03T35@1,05T35@2,17,16,-1,-1,2
1317,T35,T36,16,1,15,16,-1,16,02T35@1,04T36@2,17,16,-1,-1,2
1294,T35,T36,16,7,16,15,-1,15,03T35@1,04T36@2,17,16,-1,-1,2
1290,T35,T36,16,1,15,15,-1,15,03T35@1,04T36@2,17,16,-1,-1,2
1320,T35,T36,16,7,16,16,-1,16,03T35@1,04T36@2,17,16,-1,-1,2
1230,T35,T35,16,11,16,13,-1,13,02T35@1,05T35@2,17,16,-1,-1,2
1329,T35,T35,16,6,16,16,-1,16,02T35@1,05T35@2,17,16,-1,-1,2
1225,T35,T36,16,7,14,13,-1,13,03T35@1,04T36@2,17,16,-1,-1,2
1264,T35,T35,16,10,14,14,-1,14,03T35@1,05T35@2,17,16,-1,-1,2
1315,T35,T35,16,6,16,16,-1,16,03T35@1,05T35@2,17,16,-1,-1,2
414,T35,OTHER,17,5,43,0,-1,-1,05T35@2,BUYER,0,17,-1,-1,3
1366,T35,T36,17,7,16,17,-1,17,02T35@1,04T36@2,17,17,-1,-1,2
1251,T35,T35,17,10,9,13,-1,13,01T35@0,03T35@1,17,17,-1,-1,1
372,T36,OTHER,17,3,43,0,-1,-1,04T36@2,BUYER,0,17,-1,-1,3
381,OTHER,T07,17,2,10,0,-1,-1,SELLER,00T07@0,0,17,-1,-1,0
1361,T35,T35,17,6,16,17,-1,17,02T35@1,05T35@2,17,17,-1,-1,2
1310,T07,T35,17,3,29,-1,-1,15,00T07@0,03T35@1,17,-1,-1,-1,1
647,T35,OTHER,17,1,43,0,-1,-1,05T35@2,BUYER,0,17,-1,-1,3
713,T36,OTHER,17,3,43,-1,-1,-1,04T36@2,BUYER,0,-1,-1,-1,3
1158,T07,T35,17,3,29,10,-1,10,00T07@0,02T35@1,17,17,-1,-1,1
82,T35,OTHER,17,1,43,0,-1,-1,05T35@2,BUYER,0,17,-1,-1,3
1253,T07,T35,17,3,29,-1,-1,13,00T07@0,02T35@1,17,-1,-1,-1,1
484,OTHER,T07,17,3,10,0,-1,-1,SELLER,00T07@0,0,17,-1,-1,0
1270,T35,T35,17,22,9,14,-1,14,01T35@0,02T35@1,17,17,-1,-1,1
329,T36,OTHER,17,3,43,0,-1,-1,04T36@2,BUYER,0,17,-1,-1,3
177,OTHER,T35,17,4,10,0,-1,-1,SELLER,01T35@0,0,17,-1,-1,0
633,OTHER,T07,17,5,10,0,-1,-1,SELLER,00T07@0,0,17,-1,-1,0
1325,T35,T36,17,7,16,16,-1,16,03T35@1,04T36@2,17,17,-1,-1,2
225,OTHER,T35,17,1,10,0,-1,-1,SELLER,01T35@0,0,17,-1,-1,0
618,OTHER,T07,17,2,10,0,-1,-1,SELLER,00T07@0,0,17,-1,-1,0
600,OTHER,T07,17,3,10,0,-1,-1,SELLER,00T07@0,0,17,-1,-1,0
590,T36,OTHER,17,1,43,0,-1,-1,04T36@2,BUYER,0,17,-1,-1,3
1336,T35,T36,17,1,15,16,-1,16,03T35@1,04T36@2,17,17,-1,-1,2
209,T35,OTHER,17,3,43,0,-1,-1,05T35@2,BUYER,0,17,-1,-1,3
598,T35,OTHER,18,3,43,0,-1,-1,05T35@2,BUYER,0,18,-1,-1,3
508,OTHER,T07,18,3,10,0,-1,-1,SELLER,00T07@0,0,18,-1,-1,0
176,OTHER,T35,18,2,10,0,-1,-1,SELLER,01T35@0,0,18,-1,-1,0
717,T36,OTHER,18,3,43,-1,-1,-1,04T36@2,BUYER,0,-1,-1,-1,3
222,OTHER,T07,18,6,10,0,-1,-1,SELLER,00T07@0,0,18,-1,-1,0
1079,T07,T35,18,11,29,8,-1,8,00T07@0,02T35@1,17,18,-1,-1,1
573,OTHER,T35,18,2,10,0,-1,-1,SELLER,01T35@0,0,18,-1,-1,0
606,OTHER,T35,18,4,10,0,-1,-1,SELLER,01T35@0,0,18,-1,-1,0
557,T36,OTHER,18,2,43,0,-1,-1,04T36@2,BUYER,0,18,-1,-1,3
1323,T35,T35,18,18,9,16,-1,16,01T35@0,03T35@1,17,18,-1,-1,1
515,T35,OTHER,18,4,43,0,-1,-1,05T35@2,BUYER,0,18,-1,-1,3
1277,T07,T35,18,3,28,-1,-1,14,00T07@0,03T35@1,17,-1,-1,-1,1
1258,T35,T35,18,10,11,14,-1,14,01T35@0,03T35@1,17,18,-1,-1,1
1309,T35,T35,18,12,16,15,-1,15,02T35@1,05T35@2,17,18,-1,-1,2
1384,T35,T36,18,1,15,18,-1,18,02T35@1,04T36@2,17,18,-1,-1,2
622,T35,OTHER,18,2,43,0,-1,-1,05T35@2,BUYER,0,18,-1,-1,3
1395,T35,T35,18,2,10,18,-1,18,01T35@0,02T35@1,17,18,-1,-1,1
494,T35,OTHER,18,3,43,0,-1,-1,05T35@2,BUYER,0,18,-1,-1,3
351,T35,OTHER,18,1,43,0,-1,-1,05T35@2,BUYER,0,18,-1,-1,3
1221,T07,T35,18,3,28,-1,-1,12,00T07@0,02T35@1,17,-1,-1,-1,1
126,T36,OTHER,18,2,43,0,-1,-1,04T36@2,BUYER,0,18,-1,-1,3
305,OTHER,T07,18,3,10,0,-1,-1,SELLER,00T07@0,0,18,-1,-1,0
1347,T35,T36,18,1,15,17,-1,17,03T35@1,04T36@2,17,18,-1,-1,2
1304,T35,T35,18,12,16,15,-1,15,03T35@1,05T35@2,17,18,-1,-1,2
1333,T35,T35,18,11,11,16,-1,16,01T35@0,02T35@1,17,18,-1,-1,1
1285,T35,T35,18,9,11,15,-1,15,01T35@0,02T35@1,17,18,-1,-1,1
903,T35,T35,18,5,9,2,-1,2,01T35@0,02T35@1,17,18,-1,-1,1
1365,T35,T35,18,10,11,17,-1,17,01T35@0,03T35@1,17,18,-1,-1,1
1349,T35,T36,18,1,15,17,-1,17,02T35@1,04T36@2,17,18,-1,-1,2
1173,T07,T35,18,3,28,11,-1,11,00T07@0,02T35@1,17,18,-1,-1,1
1331,T35,T35,18,11,11,16,-1,16,01T35@0,03T35@1,17,18,-1,-1,1
1360,T35,T36,18,7,16,17,-1,17,02T35@1,04T36@2,17,18,-1,-1,2
1332,T35,T35,18,18,9,16,-1,16,01T35@0,02T35@1,17,18,-1,-1,1
1335,T35,T36,18,7,14,16,-1,16,02T35@1,04T36@2,17,18,-1,-1,2
13,OTHER,T07,19,3,10,0,-1,-1,SELLER,00T07@0,0,19,-1,-1,0
1351,T35,T35,19,19,11,17,-1,17,01T35@0,02T35@1,17,19,-1,-1,1
258,T36,OTHER,19,3,43,0,-1,-1,04T36@2,BUYER,0,19,-1,-1,3
1311,T07,T35,19,17,30,-1,-1,15,00T07@0,03T35@1,17,-1,-1,-1,1
1389,T35,T36,19,1,15,18,-1,18,03T35@1,04T36@2,17,19,-1,-1,2
286,T36,OTHER,19,2,43,0,-1,-1,04T36@2,BUYER,0,19,-1,-1,3
847,T35,T35,19,6,15,1,-1,1,03T35@1,05T35@2,17,19,-1,-1,2
1415,T35,T36,19,1,15,19,-1,19,03T35@1,04T36@2,17,19,-1,-1,2
599,T35,OTHER,19,3,43,0,-1,-1,05T35@2,BUYER,0,19,-1,-1,3
18,OTHER,T35,19,1,10,0,-1,-1,SELLER,01T35@0,0,19,-1,-1,0
1341,T35,T36,19,7,14,17,-1,17,03T35@1,04T36@2,17,19,-1,-1,2
830,T35,T35,19,4,15,1,-1,1,02T35@1,05T35@2,17,19,-1,-1,2
1340,T07,T35,19,17,30,-1,-1,16,00T07@0,03T35@1,17,-1,-1,-1,1
394,T35,OTHER,19,2,43,0,-1,-1,05T35@2,BUYER,0,19,-1,-1,3
188,OTHER,T35,19,5,10,0,-1,-1,SELLER,01T35@0,0,19,-1,-1,0
553,OTHER,T07,19,4,10,0,-1,-1,SELLER,00T07@0,0,19,-1,-1,0
1401,T07,T35,19,17,30,-1,-1,18,00T07@0,02T35@1,17,-1,-1,-1,1
1345,T35,T35,19,10,11,17,-1,17,01T35@0,02T35@1,17,19,-1,-1,1
825,T35,T35,19,4,15,1,-1,1,03T35@1,05T35@2,17,19,-1,-1,2
1379,T07,T35,19,6,28,18,-1,18,00T07@0,02T35@1,17,19,-1,-1,1
1278,T07,T35,19,6,28,-1,-1,14,00T07@0,03T35@1,17,-1,-1,-1,1
1432,T07,T35,19,9,28,-1,-1,19,00T07@0,02T35@1,17,-1,-1,-1,1
102,OTHER,T07,19,2,10,0,-1,-1,SELLER,00T07@0,0,19,-1,-1,0
80,T35,OTHER,19,2,43,0,-1,-1,05T35@2,BUYER,0,19,-1,-1,3
763,T35,T35,19,6,15,1,-1,1,02T35@1,05T35@2,17,19,-1,-1,2
1425,T35,T36,19,1,15,19,-1,19,02T35@1,04T36@2,17,19,-1,-1,2
1430,T07,T35,19,9,28,-1,-1,19,00T07@0,03T35@1,17,-1,-1,-1,1
274,T35,OTHER,19,4,43,0,-1,-1,05T35@2,BUYER,0,19,-1,-1,3
1280,T07,T35,19,17,30,-1,-1,14,00T07@0,02T35@1,17,-1,-1,-1,1
1418,T35,T35,19,3,10,19,-1,19,01T35@0,03T35@1,17,19,-1,-1,1
1367,T35,T35,19,19,11,17,-1,17,01T35@0,03T35@1,17,19,-1,-1,1
66,OTHER,T35,19,3,10,0,-1,-1,SELLER,01T35@0,0,19,-1,-1,0
686,T36,OTHER,19,4,43,-1,-1,-1,04T36@2,BUYER,0,-1,-1,-1,3
568,OTHER,T07,19,2,10,0,-1,-1,SELLER,00T07@0,0,19,-1,-1,0
752,T35,T35,19,6,15,1,-1,1,02T35@1,05T35@2,17,19,-1,-1,2
396,T36,OTHER,20,2,43,0,-1,-1,04T36@2,BUYER,0,20,-1,-1,3
1448,T35,T35,20,5,16,20,-1,20,02T35@1,05T35@2,17,20,-1,-1,2
1446,T35,T35,20,5,16,20,-1,20,03T35@1,05T35@2,17,20,-1,-1,2
1455,T35,T36,20,7,16,20,-1,20,02T35@1,04T36@2,17,20,-1,-1,2
1433,T35,T36,20,8,16,20,-1,20,02T35@1,04T36@2,17,20,-1,-1,2
861,T35,T35,20,5,15,1,-1,1,03T35@1,05T35@2,17,20,-1,-1,2
208,OTHER,T35,20,5,10,0,-1,-1,SELLER,01T35@0,0,20,-1,-1,0
1436,T35,T36,20,1,15,20,-1,20,03T35@1,04T36@2,17,20,-1,-1,2
564,OTHER,T35,20,3,10,0,-1,-1,SELLER,01T35@0,0,20,-1,-1,0
578,T35,OTHER,20,4,43,0,-1,-1,05T35@2,BUYER,0,20,-1,-1,3
440,T35,OTHER,20,2,43,0,-1,-1,05T35@2,BUYER,0,20,-1,-1,3
1293,T07,T35,20,12,28,15,-1,15,00T07@0,03T35@1,17,20,-1,-1,1
30,OTHER,T07,20,4,10,0,-1,-1,SELLER,00T07@0,0,20,-1,-1,0
1302,T07,T35,20,12,28,15,-1,15,00T07@0,02T35@1,17,20,-1,-1,1
1386,T35,T36,20,7,14,18,-1,18,03T35@1,04T36@2,17,20,-1,-1,2
51,T36,OTHER,20,3,43,0,-1,-1,04T36@2,BUYER,0,20,-1,-1,3
702,T36,OTHER,20,2,43,-1,-1,-1,04T36@2,BUYER,0,-1,-1,-1,3
114,OTHER,T07,20,1,10,0,-1,-1,SELLER,00T07@0,0,20,-1,-1,0
512,OTHER,T07,20,1,10,0,-1,-1,SELLER,00T07@0,0,20,-1,-1,0
246,T35,OTHER,20,2,43,0,-1,-1,05T35@2,BUYER,0,20,-1,-1,3
511,OTHER,T35,20,2,10,0,-1,-1,SELLER,01T35@0,0,20,-1,-1,0
718,T36,OTHER,20,3,43,-1,-1,-1,04T36@2,BUYER,0,-1,-1,-1,3
410,OTHER,T07,20,4,10,0,-1,-1,SELLER,00T07@0,0,20,-1,-1,0
1404,T35,T36,20,7,16,19,-1,19,02T35@1,04T36@2,17,20,-1,-1,2
739,T35,T35,20,7,15,1,-1,1,02T35@1,05T35@2,17,20,-1,-1,2
28,T35,OTHER,20,2,43,0,-1,-1,05T35@2,BUYER,0,20,-1,-1,3
1374,T35,T35,20,18,9,18,-1,18,01T35@0,03T35@1,17,20,-1,-1,1
707,T36,OTHER,21,2,43,-1,-1,-1,04T36@2,BUYER,0,-1,-1,-1,3
919,T35,T35,21,19,8,2,-1,2,01T35@0,03T35@1,17,21,-1,-1,1
765,T35,T35,21,15,13,1,-1,1,03T35@1,05T35@2,17,21,-1,-1,2
27,T36,OTHER,21,2,43,0,-1,-1,04T36@2,BUYER,0,21,-1,-1,3
53,OTHER,T07,21,2,10,0,-1,-1,SELLER,00T07@0,0,21,-1,-1,0
878,T35,T35,21,10,10,2,-1,2,01T35@0,03T35@1,17,21,-1,-1,1
791,T35,T35,21,15,13,1,-1,1,02T35@1,05T35@2,17,21,-1,-1,2
174,T35,OTHER,21,5,43,0,-1,-1,05T35@2,BUYER,0,21,-1,-1,3
45,T36,OTHER,21,4,43,0,-1,-1,04T36@2,BUYER,0,21,-1,-1,3
1482,T35,T36,21,8,16,21,-1,21,03T35@1,04T36@2,17,21,-1,-1,2
1445,T35,T36,21,1,15,20,-1,20,02T35@1,04T36@2,17,21,-1,-1,2
364,OTHER,T35,21,4,10,0,-1,-1,SELLER,01T35@0,0,21,-1,-1,0
1470,T35,T35,21,10,11,21,-1,21,01T35@0,03T35@1,17,21,-1,-1,1
160,T35,OTHER,21,2,43,0,-1,-1,05T35@2,BUYER,0,21,-1,-1,3
582,OTHER,T07,21,3,10,0,-1,-1,SELLER,00T07@0,0,21,-1,-1,0
646,T35,OTHER,21,3,43,0,-1,-1,05T35@2,BUYER,0,21,-1,-1,3
1450,T35,T35,21,1,10,20,-1,20,01T35@0,03T35@1,17,21,-1,-1,1
1187,T35,T35,21,10,9,11,-1,11,01T35@0,02T35@1,17,21,-1,-1,1
1246,T35,T35,21,11,9,13,-1,13,01T35@0,03T35@1,17,21,-1,-1,1
1378,T35,T36,21,8,14,18,-1,18,02T35@1,04T36@2,17,21,-1,-1,2
1377,T35,T35,21,7,14,18,-1,18,03T35@1,05T35@2,17,21,-1,-1,2
473,T35,OTHER,21,2,43,0,-1,-1,05T35@2,BUYER,0,21,-1,-1,3
334,OTHER,T07,21,3,10,0,-1,-1,SELLER,00T07@0,0,21,-1,-1,0
423,OTHER,T35,21,6,10,0,-1,-1,SELLER,01T35@0,0,21,-1,-1,0
1358,T35,T35,21,6,14,17,-1,17,03T35@1,05T35@2,17,21,-1,-1,2
1398,T35,T36,21,7,14,18,-1,18,02T35@1,04T36@2,17,21,-1,-1,2
1427,T35,T36,21,8,14,19,-1,19,03T35@1,04T36@2,17,21,-1,-1,2
1411,T35,T36,21,7,14,19,-1,19,02T35@1,04T36@2,17,21,-1,-1,2
1372,T35,T35,21,7,14,18,-1,18,02T35@1,05T35@2,17,21,-1,-1,2
1322,T07,T35,21,11,28,16,-1,16,00T07@0,03T35@1,17,21,-1,-1,1
261,OTHER,T35,21,2,10,0,-1,-1,SELLER,01T35@0,0,21,-1,-1,0
190,OTHER,T07,22,2,10,0,-1,-1,SELLER,00T07@0,0,22,-1,-1,0
922,T35,T35,22,10,10,2,-1,2,01T35@0,03T35@1,17,22,-1,-1,1
1236,T07,T35,22,6,29,13,-1,13,00T07@0,02T35@1,17,22,-1,-1,1
728,T36,OTHER,22,2,43,-1,-1,-1,04T36@2,BUYER,0,-1,-1,-1,3
125,OTHER,T07,22,4,10,0,-1,-1,SELLER,00T07@0,0,22,-1,-1,0
1497,T35,T36,22,1,15,22,-1,22,02T35@1,04T36@2,17,22,-1,-1,2
516,OTHER,T35,22,4,10,0,-1,-1,SELLER,01T35@0,0,22,-1,-1,0
518,OTHER,T07,22,3,10,0,-1,-1,SELLER,00T07@0,0,22,-1,-1,0
670,T36,OTHER,22,5,43,-1,-1,-1,04T36@2,BUYER,0,-1,-1,-1,3
145,T36,OTHER,22,2,43,0,-1,-1,04T36@2,BUYER,0,22,-1,-1,3
1515,T35,T35,22,2,10,22,-1,22,01T35@0,03T35@1,17,22,-1,-1,1
662,T36,OTHER,22,3,43,-1,-1,-1,04T36@2,BUYER,0,-1,-1,-1,3
153,T36,OTHER,22,2,43,0,-1,-1,04T36@2,BUYER,0,22,-1,-1,3
1511,T35,T35,22,10,11,22,-1,22,01T35@0,03T35@1,17,22,-1,-1,1
1495,T35,T35,22,2,10,22,-1,22,01T35@0,02T35@1,17,22,-1,-1,1
504,T35,OTHER,22,2,43,0,-1,-1,05T35@2,BUYER,0,22,-1,-1,3
196,OTHER,T35,22,3,10,0,-1,-1,SELLER,01T35@0,0,22,-1,-1,0
99,T35,OTHER,22,4,43,0,-1,-1,05T35@2,BUYER,0,22,-1,-1,3
755,T35,T35,22,11,13,1,-1,1,03T35@1,05T35@2,17,22,-1,-1,2
853,T35,T35,22,11,13,1,-1,1,02T35@1,05T35@2,17,22,-1,-1,2
1211,T35,T35,22,8,9,12,-1,12,01T35@0,02T35@1,17,22,-1,-1,1
1259,T35,T35,22,10,9,14,-1,14,01T35@0,02T35@1,17,22,-1,-1,1
227,OTHER,T35,22,3,10,0,-1,-1,SELLER,01T35@0,0,22,-1,-1,0
1339,T07,T35,22,6,29,-1,-1,16,00T07@0,02T35@1,17,-1,-1,-1,1
1207,T07,T35,22,9,29,12,-1,12,00T07@0,03T35@1,17,22,-1,-1,1
1206,T07,T35,22,9,29,12,-1,12,00T07@0,02T35@1,17,22,-1,-1,1
1440,T35,T35,22,19,9,20,-1,20,01T35@0,02T35@1,17,22,-1,-1,1
1201,T35,T35,22,8,9,12,-1,12,01T35@0,03T35@1,17,22,-1,-1,1
1284,T35,T35,22,9,9,15,-1,15,01T35@0,03T35@1,17,22,-1,-1,1
807,T35,T35,22,7,15,1,-1,1,02T35@1,05T35@2,17,22,-1,-1,2
1499,T35,T36,22,8,16,22,-1,22,02T35@1,04T36@2,17,22,-1,-1,2
1369,T07,T35,22,6,29,-1,-1,17,00T07@0,03T35@1,17,-1,-1,-1,1
481,OTHER,T35,22,1,10,0,-1,-1,SELLER,01T35@0,0,22,-1,-1,0
1441,T35,T35,22,19,11,20,-1,20,01T35@0,03T35@1,17,22,-1,-1,1
1288,T07,T35,22,6,29,15,-1,15,00T07@0,03T35@1,17,22,-1,-1,1
1412,T35,T35,22,21,9,19,-1,19,01T35@0,03T35@1,17,22,-1,-1,1
797,T35,T35,22,7,15,1,-1,1,03T35@1,05T35@2,17,22,-1,-1,2
1503,T35,T36,23,8,16,22,-1,22,02T35@1,04T36@2,17,23,-1,-1,2
154,T36,OTHER,23,2,43,0,-1,-1,04T36@2,BUYER,0,23,-1,-1,3
58,OTHER,T07,23,3,10,0,-1,-1,SELLER,00T07@0,0,23,-1,-1,0
723,T36,OTHER,23,5,43,-1,-1,-1,04T36@2,BUYER,0,-1,-1,-1,3
784,T35,T35,23,6,15,1,-1,1,02T35@1,05T35@2,17,23,-1,-1,2
693,T36,OTHER,23,2,43,-1,-1,-1,04T36@2,BUYER,0,-1,-1,-1,3
278,T36,OTHER,23,4,43,0,-1,-1,04T36@2,BUYER,0,23,-1,-1,3
813,T35,T35,23,6,15,1,-1,1,03T35@1,05T35@2,17,23,-1,-1,2
1534,T35,T36,23,8,16,23,-1,23,02T35@1,04T36@2,17,23,-1,-1,2
1536,T35,T36,23,6,16,23,-1,23,02T35@1,04T36@2,17,23,-1,-1,2
1539,T35,T36,23,8,16,23,-1,23,02T35@1,04T36@2,17,23,-1,-1,2
1381,T35,T35,23,9,9,18,-1,18,01T35@0,03T35@1,17,23,-1,-1,1
39,OTHER,T07,23,3,10,0,-1,-1,SELLER,00T07@0,0,23,-1,-1,0
54,OTHER,T07,23,4,10,0,-1,-1,SELLER,00T07@0,0,23,-1,-1,0
1517,T35,T36,23,1,15,22,-1,22,02T35@1,04T36@2,17,23,-1,-1,2
721,T36,OTHER,23,1,43,-1,-1,-1,04T36@2,BUYER,0,-1,-1,-1,3
238,OTHER,T07,23,2,10,0,-1,-1,SELLER,00T07@0,0,23,-1,-1,0
1429,T35,T35,23,3,10,19,-1,19,01T35@0,02T35@1,17,23,-1,-1,1
1421,T35,T35,23,24,9,19,-1,19,01T35@0,02T35@1,17,23,-1,-1,1
409,OTHER,T35,23,3,10,0,-1,-1,SELLER,01T35@0,0,23,-1,-1,0
567,OTHER,T07,23,2,10,0,-1,-1,SELLER,00T07@0,0,23,-1,-1,0
1469,T35,T36,23,7,14,21,-1,21,02T35@1,04T36@2,17,23,-1,-1,2
1467,T35,T35,23,14,11,21,-1,21,01T35@0,02T35@1,17,23,-1,-1,1
1403,T35,T35,23,1,15,19,-1,19,02T35@1,05T35@2,17,23,-1,-1,2
565,T35,OTHER,23,3,43,0,-1,-1,05T35@2,BUYER,0,23,-1,-1,3
1400,T07,T35,23,11,28,-1,-1,18,00T07@0,03T35@1,17,-1,-1,-1,1
1481,T35,T36,23,8,14,21,-1,21,03T35@1,04T36@2,17,23,-1,-1,2
407,T35,OTHER,23,3,43,0,-1,-1,05T35@2,BUYER,0,23,-1,-1,3
1417,T35,T35,23,1,15,19,-1,19,03T35@1,05T35@2,17,23,-1,-1,2
1459,T35,T35,23,1,10,20,-1,20,01T35@0,02T35@1,17,23,-1,-1,1
1388,T35,T35,23,9,9,18,-1,18,01T35@0,02T35@1,17,23,-1,-1,1
1447,T35,T36,23,8,14,20,-1,20,03T35@1,04T36@2,17,23,-1,-1,2
398,OTHER,T35,23,3,10,0,-1,-1,SELLER,01T35@0,0,23,-1,-1,0
831,T35,T35,24,7,15,1,-1,1,03T35@1,05T35@2,17,24,-1,-1,2
300,OTHER,T35,24,3,10,0,-1,-1,SELLER,01T35@0,0,24,-1,-1,0
697,T36,OTHER,24,5,43,-1,-1,-1,04T36@2,BUYER,0,-1,-1,-1,3
506,OTHER,T07,24,2,10,0,-1,-1,SELLER,00T07@0,0,24,-1,-1,0
1550,T35,T36,24,1,15,24,-1,24,02T35@1,04T36@2,17,24,-1,-1,2
1471,T35,T36,24,8,14,21,-1,21,03T35@1,04T36@2,17,24,-1,-1,2
926,T35,T35,24,12,8,2,-1,2,01T35@0,02T35@1,17,24,-1,-1,1
705,T36,OTHER,24,1,43,-1,-1,-1,04T36@2,BUYER,0,-1,-1,-1,3
243,T36,OTHER,24,1,43,0,-1,-1,04T36@2,BUYER,0,24,-1,-1,3
24,T35,OTHER,24,2,43,0,-1,-1,05T35@2,BUYER,0,24,-1,-1,3
94,OTHER,T07,24,3,10,0,-1,-1,SELLER,00T07@0,0,24,-1,-1,0
800,T35,T35,24,13,13,1,-1,1,03T35@1,05T35@2,17,24,-1,-1,2
809,T35,T35,24,13,13,1,-1,1,02T35@1,05T35@2,17,24,-1,-1,2
1559,T35,T35,24,1,10,24,-1,24,01T35@0,02T35@1,17,24,-1,-1,1
605,OTHER,T35,24,1,10,0,-1,-1,SELLER,01T35@0,0,24,-1,-1,0
724,T36,OTHER,24,2,43,-1,-1,-1,04T36@2,BUYER,0,-1,-1,-1,3
1562,T35,T36,24,1,15,24,-1,24,02T35@1,04T36@2,17,24,-1,-1,2
1473,T35,T35,24,7,14,21,-1,21,03T35@1,05T35@2,17,24,-1,-1,2
731,T35,T35,24,11,15,1,-1,1,03T35@1,05T35@2,17,24,-1,-1,2
1343,T07,T35,24,17,27,17,-1,17,00T07@0,03T35@1,17,24,-1,-1,1
98,OTHER,T35,24,5,10,0,-1,-1,SELLER,01T35@0,0,24,-1,-1,0
902,T35,T35,24,12,10,2,-1,2,01T35@0,03T35@1,17,24,-1,-1,1
1571,T35,T36,24,8,16,24,-1,24,02T35@1,04T36@2,17,24,-1,-1,2
822,T35,T35,24,7,15,1,-1,1,02T35@1,05T35@2,17,24,-1,-1,2
297,T35,OTHER,24,2,43,0,-1,-1,05T35@2,BUYER,0,24,-1,-1,3
1533,T35,T35,24,11,14,23,-1,23,03T35@1,05T35@2,17,24,-1,-1,2
1484,T35,T35,24,7,14,21,-1,21,02T35@1,05T35@2,17,24,-1,-1,2
1528,T35,T36,24,8,16,23,-1,23,02T35@1,04T36@2,17,24,-1,-1,2
872,T35,T35,24,23,8,2,-1,2,01T35@0,02T35@1,17,24,-1,-1,1
539,OTHER,T07,24,3,10,0,-1,-1,SELLER,00T07@0,0,24,-1,-1,0
130,T35,OTHER,24,3,43,0,-1,-1,05T35@2,BUYER,0,24,-1,-1,3
7,T36,OTHER,24,4,43,0,-1,-1,04T36@2,BUYER,0,24,-1,-1,3
255,OTHER,T35,24,3,10,0,-1,-1,SELLER,01T35@0,0,24,-1,-1,0
849,T35,T35,25,9,13,1,-1,1,02T35@1,05T35@2,17,25,-1,-1,2
1489,T35,T35,25,10,9,21,-1,21,01T35@0,02T35@1,17,25,-1,-1,1
1588,T35,T36,25,1,15,25,-1,25,02T35@1,04T36@2,17,25,-1,-1,2
311,OTHER,T07,25,2,10,0,-1,-1,SELLER,00T07@0,0,25,-1,-1,0
594,OTHER,T35,25,2,10,0,-1,-1,SELLER,01T35@0,0,25,-1,-1,0
493,OTHER,T35,25,4,10,0,-1,-1,SELLER,01T35@0,0,25,-1,-1,0
1591,T35,T36,25,8,16,25,-1,25,02T35@1,04T36@2,17,25,-1,-1,2
20,T36,OTHER,25,3,43,0,-1,-1,04T36@2,BUYER,0,25,-1,-1,3
677,T36,OTHER,25,3,43,-1,-1,-1,04T36@2,BUYER,0,-1,-1,-1,3
498,OTHER,T35,25,2,10,0,-1,-1,SELLER,01T35@0,0,25,-1,-1,0
31,OTHER,T07,25,3,10,0,-1,-1,SELLER,00T07@0,0,25,-1,-1,0
793,T35,T35,25,11,15,1,-1,1,02T35@1,05T35@2,17,25,-1,-1,2
224,OTHER,T35,25,4,10,0,-1,-1,SELLER,01T35@0,0,25,-1,-1,0
546,T35,OTHER,25,4,43,0,-1,-1,05T35@2,BUYER,0,25,-1,-1,3
654,T36,OTHER,25,2,43,-1,-1,-1,04T36@2,BUYER,0,-1,-1,-1,3
754,T35,T35,25,5,15,1,-1,1,02T35@1,05T35@2,17,25,-1,-1,2
710,T36,OTHER,25,3,43,-1,-1,-1,04T36@2,BUYER,0,-1,-1,-1,3
1597,T35,T35,25,14,14,-1,-1,25,03T35@1,05T35@2,17,-1,-1,-1,2
129,T36,OTHER,25,2,43,0,-1,-1,04T36@2,BUYER,0,25,-1,-1,3
1510,T35,T35,25,11,16,22,-1,22,03T35@1,05T35@2,17,25,-1,-1,2
1506,T35,T35,25,11,16,22,-1,22,02T35@1,05T35@2,17,25,-1,-1,2
704,T36,OTHER,25,3,43,-1,-1,-1,04T36@2,BUYER,0,-1,-1,-1,3
802,T35,T35,25,9,13,1,-1,1,03T35@1,05T35@2,17,25,-1,-1,2
262,OTHER,T07,25,3,10,0,-1,-1,SELLER,00T07@0,0,25,-1,-1,0
1598,T35,T35,25,14,14,-1,-1,25,02T35@1,05T35@2,17,-1,-1,-1,2
892,T35,T35,25,13,8,2,-1,2,01T35@0,03T35@1,17,25,-1,-1,1
41,OTHER,T35,26,2,10,0,-1,-1,SELLER,01T35@0,0,26,-1,-1,0
609,OTHER,T35,26,1,10,0,-1,-1,SELLER,01T35@0,0,26,-1,-1,0
289,T36,OTHER,26,1,43,0,-1,-1,04T36@2,BUYER,0,26,-1,-1,3
1617,T35,T36,26,8,16,26,-1,26,02T35@1,04T36@2,17,26,-1,-1,2
285,OTHER,T07,26,3,10,0,-1,-1,SELLER,00T07@0,0,26,-1,-1,0
526,T35,OTHER,26,1,43,0,-1,-1,05T35@2,BUYER,0,26,-1,-1,3
63,T35,OTHER,26,5,43,0,-1,-1,05T35@2,BUYER,0,26,-1,-1,3
1516,T35,T36,26,6,14,22,-1,22,02T35@1,04T36@2,17,26,-1,-1,2
542,T36,OTHER,26,1,43,0,-1,-1,04T36@2,BUYER,0,26,-1,-1,3
231,OTHER,T07,26,2,10,0,-1,-1,SELLER,00T07@0,0,26,-1,-1,0
1472,T07,T35,26,2,29,21,-1,21,00T07@0,02T35@1,17,26,-1,-1,1
1549,T35,T36,26,8,14,24,-1,24,02T35@1,04T36@2,17,26,-1,-1,2
1538,T35,T35,26,12,9,23,-1,23,01T35@0,02T35@1,17,26,-1,-1,1
245,T36,OTHER,26,2,43,0,-1,-1,04T36@2,BUYER,0,26,-1,-1,3
1327,T07,T35,26,11,29,16,-1,16,00T07@0,02T35@1,17,26,-1,-1,1
835,T35,T35,26,8,15,1,-1,1,03T35@1,05T35@2,17,26,-1,-1,2
445,OTHER,T35,26,5,10,0,-1,-1,SELLER,01T35@0,0,26,-1,-1,0
352,OTHER,T35,26,2,10,0,-1,-1,SELLER,01T35@0,0,26,-1,-1,0
1532,T35,T35,26,11,16,23,-1,23,02T35@1,05T35@2,17,26,-1,-1,2
444,OTHER,T07,26,2,10,0,-1,-1,SELLER,00T07@0,0,26,-1,-1,0
250,T35,OTHER,26,1,43,0,-1,-1,05T35@2,BUYER,0,26,-1,-1,3
816,T35,T35,26,11,13,1,-1,1,03T35@1,05T35@2,17,26,-1,-1,2
1522,T07,T35,26,2,29,23,-1,23,00T07@0,03T35@1,17,26,-1,-1,1
1519,T07,T35,26,2,29,-1,-1,22,00T07@0,03T35@1,17,-1,-1,-1,1
674,T36,OTHER,26,5,43,-1,-1,-1,04T36@2,BUYER,0,-1,-1,-1,3
844,T35,T35,26,12,13,1,-1,1,03T35@1,05T35@2,17,26,-1,-1,2
9,OTHER,T35,26,3,10,0,-1,-1,SELLER,01T35@0,0,26,-1,-1,0
916,T35,T35,26,12,8,2,-1,2,01T35@0,02T35@1,17,26,-1,-1,1
676,T36,OTHER,26,4,43,-1,-1,-1,04T36@2,BUYER,0,-1,-1,-1,3
732,T35,T35,26,11,13,1,-1,1,02T35@1,05T35@2,17,26,-1,-1,2
1572,T07,T35,26,2,29,-1,-1,24,00T07@0,02T35@1,17,-1,-1,-1,1
730,T35,T35,26,8,15,1,-1,1,02T35@1,05T35@2,17,26,-1,-1,2
1437,T07,T35,27,2,28,20,-1,20,00T07@0,03T35@1,17,27,-1,-1,1
1649,T35,T36,27,1,15,27,-1,27,03T35@1,04T36@2,17,27,-1,-1,2
363,T35,OTHER,27,3,43,0,-1,-1,05T35@2,BUYER,0,27,-1,-1,3
554,OTHER,T07,27,1,10,0,-1,-1,SELLER,00T07@0,0,27,-1,-1,0
856,T35,T35,27,10,13,1,-1,1,03T35@1,05T35@2,17,27,-1,-1,2
1641,T35,T36,27,1,15,27,-1,27,02T35@1,04T36@2,17,27,-1,-1,2
443,OTHER,T07,27,6,10,0,-1,-1,SELLER,00T07@0,0,27,-1,-1,0
1,T36,OTHER,27,2,43,0,-1,-1,04T36@2,BUYER,0,27,-1,-1,3
1616,T35,T35,27,7,16,26,-1,26,03T35@1,05T35@2,17,27,-1,-1,2
560,OTHER,T07,27,3,10,0,-1,-1,SELLER,00T07@0,0,27,-1,-1,0
1636,T35,T36,27,1,15,27,-1,27,02T35@1,04T36@2,17,27,-1,-1,2
607,OTHER,T35,27,2,10,0,-1,-1,SELLER,01T35@0,0,27,-1,-1,0
337,T35,OTHER,27,4,43,0,-1,-1,05T35@2,BUYER,0,27,-1,-1,3
1428,T07,T35,27,2,28,19,-1,19,00T07@0,02T35@1,17,27,-1,-1,1
927,T35,T35,27,11,10,2,-1,2,01T35@0,03T35@1,17,27,-1,-1,1
101,T36,OTHER,27,2,43,0,-1,-1,04T36@2,BUYER,0,27,-1,-1,3
1523,T07,T35,27,8,28,23,-1,23,00T07@0,03T35@1,17,27,-1,-1,1
135,OTHER,T07,27,4,10,0,-1,-1,SELLER,00T07@0,0,27,-1,-1,0
1557,T35,T36,27,7,14,24,-1,24,02T35@1,04T36@2,17,27,-1,-1,2
912,T35,T35,27,16,8,2,-1,2,01T35@0,02T35@1,17,27,-1,-1,1
759,T35,T35,27,10,13,1,-1,1,02T35@1,05T35@2,17,27,-1,-1,2
268,OTHER,T35,27,3,10,0,-1,-1,SELLER,01T35@0,0,27,-1,-1,0
904,T35,T35,27,16,8,2,-1,2,01T35@0,03T35@1,17,27,-1,-1,1
482,OTHER,T07,27,1,10,0,-1,-1,SELLER,00T07@0,0,27,-1,-1,0
1614,T35,T35,27,7,16,26,-1,26,02T35@1,05T35@2,17,27,-1,-1,2
293,T36,OTHER,27,2,43,0,-1,-1,04T36@2,BUYER,0,27,-1,-1,3
1504,T07,T35,27,8,28,22,-1,22,00T07@0,03T35@1,17,27,-1,-1,1
678,T36,OTHER,27,5,43,-1,-1,-1,04T36@2,BUYER,0,-1,-1,-1,3
698,T36,OTHER,27,2,43,-1,-1,-1,04T36@2,BUYER,0,-1,-1,-1,3
921,T35,T35,28,12,10,2,-1,2,01T35@0,03T35@1,17,28,-1,-1,1
1663,T35,T36,28,7,16,28,-1,28,03T35@1,04T36@2,17,28,-1,-1,2
628,OTHER,T35,28,3,10,0,-1,-1,SELLER,01T35@0,0,28,-1,-1,0
314,T35,OTHER,28,2,43,0,-1,-1,05T35@2,BUYER,0,28,-1,-1,3
1547,T35,T35,28,6,14,24,-1,24,03T35@1,05T35@2,17,28,-1,-1,2
682,T36,OTHER,28,6,43,-1,-1,-1,04T36@2,BUYER,0,-1,-1,-1,3
581,OTHER,T07,28,2,10,0,-1,-1,SELLER,00T07@0,0,28,-1,-1,0
451,OTHER,T35,28,6,10,0,-1,-1,SELLER,01T35@0,0,28,-1,-1,0
502,OTHER,T07,28,3,10,0,-1,-1,SELLER,00T07@0,0,28,-1,-1,0
1664,T35,T36,28,1,15,28,-1,28,02T35@1,04T36@2,17,28,-1,-1,2
1648,T35,T36,28,9,16,27,-1,27,03T35@1,04T36@2,17,28,-1,-1,2
1645,T35,T36,28,1,15,27,-1,27,03T35@1,04T36@2,17,28,-1,-1,2
545,T35,OTHER,28,3,43,0,-1,-1,05T35@2,BUYER,0,28,-1,-1,3
1615,T35,T36,28,7,14,26,-1,26,02T35@1,04T36@2,17,28,-1,-1,2
1579,T35,T36,28,7,14,25,-1,25,02T35@1,04T36@2,17,28,-1,-1,2
406,OTHER,T07,28,3,10,0,-1,-1,SELLER,00T07@0,0,28,-1,-1,0
1490,T07,T35,28,2,29,21,-1,21,00T07@0,03T35@1,17,28,-1,-1,1
235,T36,OTHER,28,2,43,0,-1,-1,04T36@2,BUYER,0,28,-1,-1,3
790,T35,T35,28,5,13,1,-1,1,03T35@1,05T35@2,17,28,-1,-1,2
1552,T35,T35,28,6,14,24,-1,24,02T35@1,05T35@2,17,28,-1,-1,2
1376,T07,T35,28,11,29,18,-1,18,00T07@0,02T35@1,17,28,-1,-1,1
57,T35,OTHER,28,1,43,0,-1,-1,05T35@2,BUYER,0,28,-1,-1,3
1513,T07,T35,28,2,29,22,-1,22,00T07@0,03T35@1,17,28,-1,-1,1
1099,T35,T35,28,11,10,8,-1,8,01T35@0,02T35@1,17,28,-1,-1,1
749,T35,T35,28,5,15,1,-1,1,03T35@1,05T35@2,17,28,-1,-1,2
254,OTHER,T35,28,3,10,0,-1,-1,SELLER,01T35@0,0,28,-1,-1,0
142,T35,OTHER,28,6,43,0,-1,-1,05T35@2,BUYER,0,28,-1,-1,3
1584,T35,T36,28,7,14,25,-1,25,02T35@1,04T36@2,17,28,-1,-1,2
900,T35,T35,28,13,10,2,-1,2,01T35@0,02T35@1,17,28,-1,-1,1
1602,T35,T36,28,9,16,26,-1,26,02T35@1,04T36@2,17,28,-1,-1,2
1595,T35,T35,28,12,9,25,-1,25,01T35@0,03T35@1,17,28,-1,-1,1
21,T35,OTHER,29,5,43,0,-1,-1,05T35@2,BUYER,0,29,-1,-1,3
442,OTHER,T35,29,4,10,0,-1,-1,SELLER,01T35@0,0,29,-1,-1,0
12,T35,OTHER,29,4,43,0,-1,-1,05T35@2,BUYER,0,29,-1,-1,3
517,T36,OTHER,29,2,43,0,-1,-1,04T36@2,BUYER,0,29,-1,-1,3
1701,T35,T36,29,9,16,29,-1,29,03T35@1,04T36@2,17,29,-1,-1,2
1703,T35,T36,29,7,16,29,-1,29,03T35@1,04T36@2,17,29,-1,-1,2
10,OTHER,T07,29,5,10,0,-1,-1,SELLER,00T07@0,0,29,-1,-1,0
1693,T35,T35,29,5,16,29,-1,29,03T35@1,05T35@2,17,29,-1,-1,2
342,T35,OTHER,29,2,43,0,-1,-1,05T35@2,BUYER,0,29,-1,-1,3
1554,T07,T35,29,10,28,24,-1,24,00T07@0,02T35@1,17,29,-1,-1,1
649,OTHER,T07,29,1,10,0,-1,-1,SELLER,00T07@0,0,29,-1,-1,0
1635,T35,T35,29,9,14,27,-1,27,03T35@1,05T35@2,17,29,-1,-1,2
1637,T35,T35,29,9,16,27,-1,27,02T35@1,05T35@2,17,29,-1,-1,2
46,T36,OTHER,29,3,43,0,-1,-1,04T36@2,BUYER,0,29,-1,-1,3
88,T35,OTHER,29,1,43,0,-1,-1,05T35@2,BUYER,0,29,-1,-1,3
115,OTHER,T07,29,4,10,0,-1,-1,SELLER,00T07@0,0,29,-1,-1,0
1580,T35,T35,29,23,9,25,-1,25,01T35@0,02T35@1,17,29,-1,-1,1
1643,T35,T35,29,13,11,27,-1,27,01T35@0,03T35@1,17,29,-1,-1,1
283,T35,OTHER,29,1,43,0,-1,-1,05T35@2,BUYER,0,29,-1,-1,3
1573,T07,T35,29,10,28,-1,-1,24,00T07@0,03T35@1,17,-1,-1,-1,1
1629,T35,T36,29,7,14,27,-1,27,02T35@1,04T36@2,17,29,-1,-1,2
1620,T35,T36,29,7,14,26,-1,26,02T35@1,04T36@2,17,29,-1,-1,2
241,T36,OTHER,29,2,43,0,-1,-1,04T36@2,BUYER,0,29,-1,-1,3
1655,T35,T36,29,8,16,28,-1,28,03T35@1,04T36@2,17,29,-1,-1,2
1660,T35,T36,29,9,16,28,-1,28,03T35@1,04T36@2,17,29,-1,-1,2
1661,T35,T36,29,1,15,28,-1,28,03T35@1,04T36@2,17,29,-1,-1,2
420,OTHER,T35,29,2,10,0,-1,-1,SELLER,01T35@0,0,29,-1,-1,0
69,OTHER,T07,29,2,10,0,-1,-1,SELLER,00T07@0,0,29,-1,-1,0
418,OTHER,T35,29,2,10,0,-1,-1,SELLER,01T35@0,0,29,-1,-1,0
1632,T35,T36,30,7,14,27,-1,27,02T35@1,04T36@2,17,30,-1,-1,2
1735,T35,T35,30,13,14,-1,-1,30,03T35@1,05T35@2,17,-1,-1,-1,2
1454,T07,T35,30,10,29,20,-1,20,00T07@0,03T35@1,17,30,-1,-1,1
1730,T35,T36,30,8,16,30,-1,30,02T35@1,04T36@2,17,30,-1,-1,2
1690,T35,T36,30,8,16,29,-1,29,02T35@1,04T36@2,17,30,-1,-1,2
1716,T35,T36,30,9,14,30,-1,30,03T35@1,04T36@2,17,30,-1,-1,2
1712,T35,T36,30,1,15,30,-1,30,03T35@1,04T36@2,17,30,-1,-1,2
1463,T07,T35,30,10,29,20,-1,20,00T07@0,02T35@1,17,30,-1,-1,1
1699,T35,T36,30,7,16,29,-1,29,02T35@1,04T36@2,17,30,-1,-1,2
870,T35,T35,30,28,10,2,-1,2,01T35@0,02T35@1,17,30,-1,-1,1
1721,T35,T36,30,7,16,30,-1,30,03T35@1,04T36@2,17,30,-1,-1,2
1529,T07,T35,30,5,28,23,-1,23,00T07@0,02T35@1,17,30,-1,-1,1
0,T35,OTHER,30,1,43,0,-1,-1,05T35@2,BUYER,0,30,-1,-1,3
419,T35,OTHER,30,3,43,0,-1,-1,05T35@2,BUYER,0,30,-1,-1,3
230,T36,OTHER,30,4,43,0,-1,-1,04T36@2,BUYER,0,30,-1,-1,3
672,T36,OTHER,30,2,43,-1,-1,-1,04T36@2,BUYER,0,-1,-1,-1,3
416,T35,OTHER,30,3,43,0,-1,-1,05T35@2,BUYER,0,30,-1,-1,3
77,T36,OTHER,30,1,43,0,-1,-1,04T36@2,BUYER,0,30,-1,-1,3
377,OTHER,T35,30,1,10,0,-1,-1,SELLER,01T35@0,0,30,-1,-1,0
421,OTHER,T35,30,5,10,0,-1,-1,SELLER,01T35@0,0,30,-1,-1,0
716,T36,OTHER,30,4,43,-1,-1,-1,04T36@2,BUYER,0,-1,-1,-1,3
489,OTHER,T35,30,1,10,0,-1,-1,SELLER,01T35@0,0,30,-1,-1,0
685,T36,OTHER,30,2,43,-1,-1,-1,04T36@2,BUYER,0,-1,-1,-1,3
327,OTHER,T35,30,3,10,0,-1,-1,SELLER,01T35@0,0,30,-1,-1,0
773,T35,T35,30,12,15,1,-1,1,02T35@1,05T35@2,17,30,-1,-1,2
413,OTHER,T07,30,3,10,0,-1,-1,SELLER,00T07@0,0,30,-1,-1,0
427,OTHER,T35,30,4,10,0,-1,-1,SELLER,01T35@0,0,30,-1,-1,0
775,T35,T35,30,5,13,1,-1,1,02T35@1,05T35@2,17,30,-1,-1,2
70,OTHER,T07,30,3,10,0,-1,-1,SELLER,00T07@0,0,30,-1,-1,0
632,T36,OTHER,31,2,43,0,-1,-1,04T36@2,BUYER,0,31,-1,-1,3
465,OTHER,T07,31,2,10,0,-1,-1,SELLER,00T07@0,0,31,-1,-1,0
247,T35,OTHER,31,3,43,0,-1,-1,05T35@2,BUYER,0,31,-1,-1,3
901,T35,T35,31,10,8,2,-1,2,01T35@0,02T35@1,17,31,-1,-1,1
1596,T07,T35,31,5,29,-1,-1,25,00T07@0,02T35@1,17,-1,-1,-1,1
1681,T07,T35,31,5,29,-1,-1,28,00T07@0,03T35@1,17,-1,-1,-1,1
1674,T35,T35,31,8,14,28,-1,28,03T35@1,05T35@2,17,31,-1,-1,2
1041,T35,T35,31,10,10,6,-1,6,01T35@0,02T35@1,17,31,-1,-1,1
613,OTHER,T35,31,1,10,0,-1,-1,SELLER,01T35@0,0,31,-1,-1,0
214,T35,OTHER,31,1,43,0,-1,-1,05T35@2,BUYER,0,31,-1,-1,3
1621,T07,T35,31,5,29,-1,-1,26,00T07@0,03T35@1,17,-1,-1,-1,1
591,OTHER,T35,31,6,10,0,-1,-1,SELLER,01T35@0,0,31,-1,-1,0
1742,T35,T36,31,7,16,31,-1,31,02T35@1,04T36@2,17,31,-1,-1,2
448,T35,OTHER,31,2,43,0,-1,-1,05T35@2,BUYER,0,31,-1,-1,3
123,OTHER,T35,31,2,10,0,-1,-1,SELLER,01T35@0,0,31,-1,-1,0
1725,T35,T36,31,1,15,30,-1,30,02T35@1,04T36@2,17,31,-1,-1,2
1139,T35,T35,31,7,10,10,-1,10,01T35@0,03T35@1,17,31,-1,-1,1
133,T36,OTHER,31,2,43,0,-1,-1,04T36@2,BUYER,0,31,-1,-1,3
373,OTHER,T07,31,2,10,0,-1,-1,SELLER,00T07@0,0,31,-1,-1,0
1662,T35,T35,31,8,14,28,-1,28,02T35@1,05T35@2,17,31,-1,-1,2
1652,T07,T35,31,5,29,-1,-1,27,00T07@0,03T35@1,17,-1,-1,-1,1
312,OTHER,T07,31,4,10,0,-1,-1,SELLER,00T07@0,0,31,-1,-1,0
1097,T35,T35,31,11,10,8,-1,8,01T35@0,03T35@1,17,31,-1,-1,1
1146,T35,T35,31,7,10,10,-1,10,01T35@0,02T35@1,17,31,-1,-1,1
308,OTHER,T35,31,3,10,0,-1,-1,SELLER,01T35@0,0,31,-1,-1,0
1563,T07,T35,31,5,29,24,-1,24,00T07@0,03T35@1,17,31,-1,-1,1
804,T35,T35,31,11,15,1,-1,1,02T35@1,05T35@2,17,31,-1,-1,2
307,T35,OTHER,31,5,43,0,-1,-1,05T35@2,BUYER,0,31,-1,-1,3
538,T35,OTHER,31,2,43,0,-1,-1,05T35@2,BUYER,0,31,-1,-1,3
528,T35,OTHER,31,3,43,0,-1,-1,05T35@2,BUYER,0,31,-1,-1,3
1654,T35,T35,31,12,9,28,-1,28,01T35@0,02T35@1,17,31,-1,-1,1
415,T36,OTHER,32,1,43,0,-1,-1,04T36@2,BUYER,0,32,-1,-1,3
694,T36,OTHER,32,6,43,-1,-1,-1,04T36@2,BUYER,0,-1,-1,-1,3
1768,T35,T36,32,7,16,32,-1,32,03T35@1,04T36@2,17,32,-1,-1,2
1760,T35,T36,32,8,14,31,-1,31,03T35@1,04T36@2,17,32,-1,-1,2
447,OTHER,T35,32,5,10,0,-1,-1,SELLER,01T35@0,0,32,-1,-1,0
1653,T07,T35,32,10,28,-1,-1,27,00T07@0,03T35@1,17,-1,-1,-1,1
535,OTHER,T07,32,4,10,0,-1,-1,SELLER,00T07@0,0,32,-1,-1,0
81,T36,OTHER,32,1,43,0,-1,-1,04T36@2,BUYER,0,32,-1,-1,3
1622,T07,T35,32,6,28,-1,-1,26,00T07@0,03T35@1,17,-1,-1,-1,1
5,T35,OTHER,32,2,43,0,-1,-1,05T35@2,BUYER,0,32,-1,-1,3
555,OTHER,T35,32,2,10,0,-1,-1,SELLER,01T35@0,0,32,-1,-1,0
519,T35,OTHER,32,3,43,0,-1,-1,05T35@2,BUYER,0,32,-1,-1,3
1734,T07,T35,32,6,28,-1,-1,30,00T07@0,02T35@1,17,-1,-1,-1,1
1706,T07,T35,32,6,28,-1,-1,29,00T07@0,02T35@1,17,-1,-1,-1,1
15,OTHER,T35,32,1,10,0,-1,-1,SELLER,01T35@0,0,32,-1,-1,0
103,OTHER,T07,32,1,10,0,-1,-1,SELLER,00T07@0,0,32,-1,-1,0
781,T35,T35,32,12,15,1,-1,1,03T35@1,05T35@2,17,32,-1,-1,2
452,T36,OTHER,32,2,43,0,-1,-1,04T36@2,BUYER,0,32,-1,-1,3
185,T36,OTHER,32,3,43,0,-1,-1,04T36@2,BUYER,0,32,-1,-1,3
93,OTHER,T07,32,5,10,0,-1,-1,SELLER,00T07@0,0,32,-1,-1,0
1756,T35,T35,32,11,14,31,-1,31,03T35@1,05T35@2,17,32,-1,-1,2
1175,T35,T35,32,10,10,11,-1,11,01T35@0,03T35@1,17,32,-1,-1,1
194,T35,OTHER,32,2,43,0,-1,-1,05T35@2,BUYER,0,32,-1,-1,3
766,T35,T35,32,12,15,1,-1,1,02T35@1,05T35@2,17,32,-1,-1,2
1770,T35,T36,32,1,15,32,-1,32,02T35@1,04T36@2,17,32,-1,-1,2
67,OTHER,T35,32,2,10,0,-1,-1,SELLER,01T35@0,0,32,-1,-1,0
913,T35,T35,32,47,9,2,-1,2,01T35@0,03T35@1,17,32,-1,-1,1
1788,T35,T36,32,1,15,32,-1,32,03T35@1,04T36@2,17,32,-1,-1,2
29,OTHER,T07,33,3,10,0,-1,-1,SELLER,00T07@0,0,33,-1,-1,0
1743,T35,T35,33,13,9,31,-1,31,01T35@0,02T35@1,17,33,-1,-1,1
1695,T35,T35,33,5,14,29,-1,29,02T35@1,05T35@2,17,33,-1,-1,2
994,T35,T35,33,12,10,5,-1,5,01T35@0,02T35@1,17,33,-1,-1,1
264,OTHER,T07,33,4,10,0,-1,-1,SELLER,00T07@0,0,33,-1,-1,0
635,OTHER,T35,33,3,10,0,-1,-1,SELLER,01T35@0,0,33,-1,-1,0
366,T36,OTHER,33,1,43,0,-1,-1,04T36@2,BUYER,0,33,-1,-1,3
260,T36,OTHER,33,3,43,0,-1,-1,04T36@2,BUYER,0,33,-1,-1,3
661,T36,OTHER,33,4,43,-1,-1,-1,04T36@2,BUYER,0,-1,-1,-1,3
614,OTHER,T35,33,2,10,0,-1,-1,SELLER,01T35@0,0,33,-1,-1,0
1656,T07,T35,33,11,28,28,-1,28,00T07@0,02T35@1,17,33,-1,-1,1
530,T35,OTHER,33,2,43,0,-1,-1,05T35@2,BUYER,0,33,-1,-1,3
149,OTHER,T07,33,2,10,0,-1,-1,SELLER,00T07@0,0,33,-1,-1,0
1811,T35,T36,33,7,16,33,-1,33,02T35@1,04T36@2,17,33,-1,-1,2
162,OTHER,T35,33,4,10,0,-1,-1,SELLER,01T35@0,0,33,-1,-1,0
1803,T35,T36,33,1,15,33,-1,33,02T35@1,04T36@2,17,33,-1,-1,2
169,OTHER,T35,33,1,10,0,-1,-1,SELLER,01T35@0,0,33,-1,-1,0
1012,T35,T35,33,12,10,5,-1,5,01T35@0,03T35@1,17,33,-1,-1,1
1776,T35,T36,33,1,15,32,-1,32,02T35@1,04T36@2,17,33,-1,-1,2
1773,T35,T36,33,1,15,32,-1,32,03T35@1,04T36@2,17,33,-1,-1,2
1777,T35,T35,33,12,14,32,-1,32,03T35@1,05T35@2,17,33,-1,-1,2
438,OTHER,T07,33,1,10,0,-1,-1,SELLER,00T07@0,0,33,-1,-1,0
1757,T35,T36,33,7,14,31,-1,31,03T35@1,04T36@2,17,33,-1,-1,2
1234,T35,T35,33,11,10,13,-1,13,01T35@0,02T35@1,17,33,-1,-1,1
688,T36,OTHER,33,3,43,-1,-1,-1,04T36@2,BUYER,0,-1,-1,-1,3
433,T35,OTHER,33,2,43,0,-1,-1,05T35@2,BUYER,0,33,-1,-1,3
1765,T35,T35,33,12,14,32,-1,32,02T35@1,05T35@2,17,33,-1,-1,2
1714,T35,T36,33,7,14,30,-1,30,03T35@1,04T36@2,17,33,-1,-1,2
236,T35,OTHER,33,5,43,0,-1,-1,05T35@2,BUYER,0,33,-1,-1,3
475,OTHER,T07,34,3,10,0,-1,-1,SELLER,00T07@0,0,34,-1,-1,0
1792,T35,T36,34,1,15,33,-1,33,03T35@1,04T36@2,17,34,-1,-1,2
1839,T35,T36,34,1,15,34,-1,34,03T35@1,04T36@2,17,34,-1,-1,2
390,T35,OTHER,34,3,43,0,-1,-1,05T35@2,BUYER,0,34,-1,-1,3
1073,T35,T35,34,9,8,7,-1,7,01T35@0,03T35@1,17,34,-1,-1,1
1023,T35,T35,34,10,8,6,-1,6,01T35@0,03T35@1,17,34,-1,-1,1
3,OTHER,T07,34,1,10,0,-1,-1,SELLER,00T07@0,0,34,-1,-1,0
1834,T35,T35,34,5,16,34,-1,34,02T35@1,05T35@2,17,34,-1,-1,2
1738,T35,T36,34,7,14,31,-1,31,03T35@1,04T36@2,17,34,-1,-1,2
437,OTHER,T35,34,3,10,0,-1,-1,SELLER,01T35@0,0,34,-1,-1,0
1740,T35,T35,34,11,16,31,-1,31,02T35@1,05T35@2,17,34,-1,-1,2
454,OTHER,T35,34,3,10,0,-1,-1,SELLER,01T35@0,0,34,-1,-1,0
1783,T35,T36,34,7,14,32,-1,32,02T35@1,04T36@2,17,34,-1,-1,2
1066,T35,T35,34,9,8,7,-1,7,01T35@0,02T35@1,17,34,-1,-1,1
350,T36,OTHER,34,5,43,0,-1,-1,04T36@2,BUYER,0,34,-1,-1,3
848,T35,T35,34,13,15,1,-1,1,03T35@1,05T35@2,17,34,-1,-1,2
701,T36,OTHER,34,5,43,-1,-1,-1,04T36@2,BUYER,0,-1,-1,-1,3
252,OTHER,T35,34,2,10,0,-1,-1,SELLER,01T35@0,0,34,-1,-1,0
223,OTHER,T35,34,4,10,0,-1,-1,SELLER,01T35@0,0,34,-1,-1,0
110,T35,OTHER,34,5,43,0,-1,-1,05T35@2,BUYER,0,34,-1,-1,3
681,T36,OTHER,34,2,43,-1,-1,-1,04T36@2,BUYER,0,-1,-1,-1,3
316,OTHER,T07,34,4,10,0,-1,-1,SELLER,00T07@0,0,34,-1,-1,0
1710,T35,T35,34,13,16,30,-1,30,02T35@1,05T35@2,17,34,-1,-1,2
1686,T07,T35,34,11,28,29,-1,29,00T07@0,02T35@1,17,34,-1,-1,1
212,T35,OTHER,35,5,43,0,-1,-1,05T35@2,BUYER,0,35,-1,-1,3
34,T36,OTHER,35,3,43,0,-1,-1,04T36@2,BUYER,0,35,-1,-1,3
1813,T35,T35,35,10,14,33,-1,33,02T35@1,05T35@2,17,35,-1,-1,2
1751,T07,T35,35,6,29,31,-1,31,00T07@0,02T35@1,17,35,-1,-1,1
522,OTHER,T07,35,4,10,0,-1,-1,SELLER,00T07@0,0,35,-1,-1,0
725,T36,OTHER,35,2,43,-1,-1,-1,04T36@2,BUYER,0,-1,-1,-1,3
720,T36,OTHER,35,3,43,-1,-1,-1,04T36@2,BUYER,0,-1,-1,-1,3
1828,T35,T36,35,1,15,34,-1,34,02T35@1,04T36@2,17,35,-1,-1,2
1133,T35,T35,35,9,8,9,-1,9,01T35@0,02T35@1,17,35,-1,-1,1
719,T36,OTHER,35,3,43,-1,-1,-1,04T36@2,BUYER,0,-1,-1,-1,3
1860,T35,T36,35,1,15,35,-1,35,02T35@1,04T36@2,17,35,-1,-1,2
1766,T35,T35,35,11,9,32,-1,32,01T35@0,03T35@1,17,35,-1,-1,1
128,T35,OTHER,35,1,43,0,-1,-1,05T35@2,BUYER,0,35,-1,-1,3
1134,T35,T35,35,9,8,9,-1,9,01T35@0,03T35@1,17,35,-1,-1,1
1646,T07,T35,35,6,29,27,-1,27,00T07@0,02T35@1,17,35,-1,-1,1
1858,T35,T36,35,1,15,35,-1,35,03T35@1,04T36@2,17,35,-1,-1,2
287,OTHER,T07,35,3,10,0,-1,-1,SELLER,00T07@0,0,35,-1,-1,0
1780,T35,T36,35,7,14,32,-1,32,03T35@1,04T36@2,17,35,-1,-1,2
299,OTHER,T35,35,2,10,0,-1,-1,SELLER,01T35@0,0,35,-1,-1,0
1676,T07,T35,35,6,29,28,-1,28,00T07@0,02T35@1,17,35,-1,-1,1
576,T36,OTHER,35,2,43,0,-1,-1,04T36@2,BUYER,0,35,-1,-1,3
348,OTHER,T35,35,2,10,0,-1,-1,SELLER,01T35@0,0,35,-1,-1,0
191,OTHER,T07,35,2,10,0,-1,-1,SELLER,00T07@0,0,35,-1,-1,0
587,OTHER,T35,35,3,10,0,-1,-1,SELLER,01T35@0,0,35,-1,-1,0
486,OTHER,T35,35,4,10,0,-1,-1,SELLER,01T35@0,0,35,-1,-1,0
200,T35,OTHER,35,1,43,0,-1,-1,05T35@2,BUYER,0,35,-1,-1,3
1796,T35,T35,35,10,14,33,-1,33,03T35@1,05T35@2,17,35,-1,-1,2
854,T35,T35,35,12,15,1,-1,1,02T35@1,05T35@2,17,35,-1,-1,2
1797,T35,T36,36,7,14,33,-1,33,02T35@1,04T36@2,17,36,-1,-1,2
1808,T35,T35,36,12,9,33,-1,33,01T35@0,03T35@1,17,36,-1,-1,1
715,T36,OTHER,36,1,43,-1,-1,-1,04T36@2,BUYER,0,-1,-1,-1,3
84,OTHER,T35,36,2,10,0,-1,-1,SELLER,01T35@0,0,36,-1,-1,0
1793,T35,T36,36,7,14,33,-1,33,02T35@1,04T36@2,17,36,-1,-1,2
183,OTHER,T07,36,3,10,0,-1,-1,SELLER,00T07@0,0,36,-1,-1,0
611,OTHER,T07,36,5,10,0,-1,-1,SELLER,00T07@0,0,36,-1,-1,0
90,OTHER,T07,36,2,10,0,-1,-1,SELLER,00T07@0,0,36,-1,-1,0
450,T36,OTHER,36,4,43,0,-1,-1,04T36@2,BUYER,0,36,-1,-1,3
464,OTHER,T35,36,5,10,0,-1,-1,SELLER,01T35@0,0,36,-1,-1,0
487,T35,OTHER,36,3,43,0,-1,-1,05T35@2,BUYER,0,36,-1,-1,3
612,T35,OTHER,36,5,43,0,-1,-1,05T35@2,BUYER,0,36,-1,-1,3
339,T36,OTHER,36,2,43,0,-1,-1,04T36@2,BUYER,0,36,-1,-1,3
291,OTHER,T35,36,2,10,0,-1,-1,SELLER,01T35@0,0,36,-1,-1,0
976,T35,T35,36,6,8,4,-1,4,01T35@0,02T35@1,17,36,-1,-1,1
1881,T35,T36,36,1,15,36,-1,36,02T35@1,04T36@2,17,36,-1,-1,2
148,OTHER,T35,36,1,10,0,-1,-1,SELLER,01T35@0,0,36,-1,-1,0
1868,T35,T36,36,8,16,35,-1,35,03T35@1,04T36@2,17,36,-1,-1,2
1879,T35,T36,36,1,15,36,-1,36,03T35@1,04T36@2,17,36,-1,-1,2
1825,T35,T36,36,7,14,34,-1,34,03T35@1,04T36@2,17,36,-1,-1,2
551,T35,OTHER,36,2,43,0,-1,-1,05T35@2,BUYER,0,36,-1,-1,3
304,T35,OTHER,36,3,43,0,-1,-1,05T35@2,BUYER,0,36,-1,-1,3
1898,T35,T35,36,27,11,-1,-1,36,01T35@0,03T35@1,17,-1,-1,-1,1
501,T35,OTHER,37,2,43,0,-1,-1,05T35@2,BUYER,0,37,-1,-1,3
529,T35,OTHER,37,4,43,0,-1,-1,05T35@2,BUYER,0,37,-1,-1,3
92,OTHER,T07,37,3,10,0,-1,-1,SELLER,00T07@0,0,37,-1,-1,0
1638,T07,T35,37,10,29,27,-1,27,00T07@0,02T35@1,17,37,-1,-1,1
503,T35,OTHER,37,3,43,0,-1,-1,05T35@2,BUYER,0,37,-1,-1,3
1843,T35,T35,37,46,10,-1,-1,34,01T35@0,02T35@1,16,-1,-1,-1,1
548,OTHER,T07,37,1,10,0,-1,-1,SELLER,00T07@0,0,37,-1,-1,0
182,OTHER,T35,37,6,10,0,-1,-1,SELLER,01T35@0,0,37,-1,-1,0
1824,T35,T36,37,7,14,34,-1,34,03T35@1,04T36@2,17,37,-1,-1,2
657,T36,OTHER,37,4,43,-1,-1,-1,04T36@2,BUYER,0,-1,-1,-1,3
369,OTHER,T35,37,1,10,0,-1,-1,SELLER,01T35@0,0,37,-1,-1,0
393,OTHER,T35,37,2,10,0,-1,-1,SELLER,01T35@0,0,37,-1,-1,0
462,OTHER,T07,37,5,10,0,-1,-1,SELLER,00T07@0,0,37,-1,-1,0
244,OTHER,T07,37,1,10,0,-1,-1,SELLER,00T07@0,0,37,-1,-1,0
1863,T35,T36,37,7,14,35,-1,35,03T35@1,04T36@2,17,37,-1,-1,2
561,T36,OTHER,37,3,43,0,-1,-1,04T36@2,BUYER,0,37,-1,-1,3
1902,T35,T36,37,7,16,37,-1,37,02T35@1,04T36@2,17,37,-1,-1,2
1838,T35,T36,37,8,14,34,-1,34,03T35@1,04T36@2,17,37,-1,-1,2
1900,T35,T35,37,6,16,37,-1,37,02T35@1,05T35@2,17,37,-1,-1,2
483,OTHER,T35,37,1,10,0,-1,-1,SELLER,01T35@0,0,37,-1,-1,0
1926,T35,T35,37,55,10,-1,-1,37,01T35@0,03T35@1,16,-1,-1,-1,1
627,T35,OTHER,37,2,43,0,-1,-1,05T35@2,BUYER,0,37,-1,-1,3
137,T36,OTHER,37,2,43,0,-1,-1,04T36@2,BUYER,0,37,-1,-1,3
845,T35,T35,38,11,12,1,-1,1,03T35@1,05T35@2,17,38,-1,-1,2
138,T35,OTHER,38,3,43,0,-1,-1,05T35@2,BUYER,0,38,-1,-1,3
1826,T35,T35,38,5,14,34,-1,34,03T35@1,05T35@2,17,38,-1,-1,2
524,OTHER,T35,38,3,10,0,-1,-1,SELLER,01T35@0,0,38,-1,-1,0
823,T35,T35,38,13,12,1,-1,1,02T35@1,05T35@2,17,38,-1,-1,2
574,T35,OTHER,38,2,43,0,-1,-1,05T35@2,BUYER,0,38,-1,-1,3
158,T36,OTHER,38,1,43,0,-1,-1,04T36@2,BUYER,0,38,-1,-1,3
1954,T35,T35,38,13,14,-1,-1,38,03T35@1,05T35@2,17,-1,-1,-1,2
100,T35,OTHER,38,4,43,0,-1,-1,05T35@2,BUYER,0,38,-1,-1,3
533,T35,OTHER,38,3,43,0,-1,-1,05T35@2,BUYER,0,38,-1,-1,3
1895,T35,T35,38,19,11,36,-1,36,01T35@0,02T35@1,17,38,-1,-1,1
277,OTHER,T35,38,2,10,0,-1,-1,SELLER,01T35@0,0,38,-1,-1,0
404,OTHER,T35,38,3,10,0,-1,-1,SELLER,01T35@0,0,38,-1,-1,0
621,OTHER,T07,38,3,10,0,-1,-1,SELLER,00T07@0,0,38,-1,-1,0
1657,T07,T35,38,11,29,28,-1,28,00T07@0,03T35@1,17,38,-1,-1,1
1932,T35,T36,38,1,15,38,-1,38,03T35@1,04T36@2,17,38,-1,-1,2
683,T36,OTHER,38,4,43,-1,-1,-1,04T36@2,BUYER,0,-1,-1,-1,3
44,OTHER,T07,38,3,10,0,-1,-1,SELLER,00T07@0,0,38,-1,-1,0
1853,T35,T35,38,11,16,35,-1,35,02T35@1,05T35@2,17,38,-1,-1,2
1936,T35,T36,38,7,16,38,-1,38,02T35@1,04T36@2,17,38,-1,-1,2
1846,T35,T35,38,11,16,35,-1,35,03T35@1,05T35@2,17,38,-1,-1,2
1946,T35,T36,38,1,15,38,-1,38,02T35@1,04T36@2,17,38,-1,-1,2
1884,T35,T36,38,8,14,36,-1,36,02T35@1,04T36@2,17,38,-1,-1,2
202,OTHER,T07,38,1,10,0,-1,-1,SELLER,00T07@0,0,38,-1,-1,0
460,OTHER,T07,38,5,10,0,-1,-1,SELLER,00T07@0,0,38,-1,-1,0
1912,T35,T36,38,8,14,37,-1,37,02T35@1,04T36@2,17,38,-1,-1,2
87,T36,OTHER,38,3,43,0,-1,-1,04T36@2,BUYER,0,38,-1,-1,3
1845,T35,T35,38,55,10,-1,-1,34,01T35@0,03T35@1,16,-1,-1,-1,1
325,T36,OTHER,39,2,43,0,-1,-1,04T36@2,BUYER,0,39,-1,-1,3
1711,T07,T35,39,1,28,30,-1,30,00T07@0,02T35@1,17,39,-1,-1,1
367,T35,OTHER,39,2,43,0,-1,-1,05T35@2,BUYER,0,39,-1,-1,3
1737,T07,T35,39,1,28,31,-1,31,00T07@0,03T35@1,17,39,-1,-1,1
1685,T07,T35,39,11,29,29,-1,29,00T07@0,03T35@1,17,39,-1,-1,1
172,OTHER,T07,39,1,10,0,-1,-1,SELLER,00T07@0,0,39,-1,-1,0
513,OTHER,T35,39,2,10,0,-1,-1,SELLER,01T35@0,0,39,-1,-1,0
1781,T07,T35,39,1,28,32,-1,32,00T07@0,03T35@1,17,39,-1,-1,1
35,T36,OTHER,39,4,43,0,-1,-1,04T36@2,BUYER,0,39,-1,-1,3
259,OTHER,T07,39,2,10,0,-1,-1,SELLER,00T07@0,0,39,-1,-1,0
107,T35,OTHER,39,2,43,0,-1,-1,05T35@2,BUYER,0,39,-1,-1,3
435,OTHER,T35,39,4,10,0,-1,-1,SELLER,01T35@0,0,39,-1,-1,0
1807,T07,T35,39,5,28,33,-1,33,00T07@0,02T35@1,17,39,-1,-1,1
228,T35,OTHER,39,6,43,0,-1,-1,05T35@2,BUYER,0,39,-1,-1,3
150,T35,OTHER,39,1,43,0,-1,-1,05T35@2,BUYER,0,39,-1,-1,3
428,OTHER,T07,39,7,10,0,-1,-1,SELLER,00T07@0,0,39,-1,-1,0
147,OTHER,T07,39,1,10,0,-1,-1,SELLER,00T07@0,0,39,-1,-1,0
1975,T35,T36,39,1,15,39,-1,39,03T35@1,04T36@2,17,39,-1,-1,2
1897,T07,T35,39,5,28,-1,-1,36,00T07@0,02T35@1,17,-1,-1,-1,1
1862,T35,T36,39,6,14,35,-1,35,02T35@1,04T36@2,17,39,-1,-1,2
1827,T07,T35,39,5,28,34,-1,34,00T07@0,03T35@1,17,39,-1,-1,1
1890,T35,T35,39,12,16,36,-1,36,02T35@1,05T35@2,17,39,-1,-1,2
660,T36,OTHER,39,3,43,-1,-1,-1,04T36@2,BUYER,0,-1,-1,-1,3
890,T35,T35,39,9,9,2,-1,2,01T35@0,02T35@1,17,39,-1,-1,1
1867,T35,T35,39,26,9,35,-1,35,01T35@0,03T35@1,17,39,-1,-1,1
1971,T35,T35,39,9,11,39,-1,39,01T35@0,03T35@1,17,39,-1,-1,1
631,OTHER,T35,39,3,10,0,-1,-1,SELLER,01T35@0,0,39,-1,-1,0
981,T35,T35,39,6,9,4,-1,4,01T35@0,03T35@1,17,39,-1,-1,1
1907,T35,T36,39,1,15,37,-1,37,02T35@1,04T36@2,17,39,-1,-1,2
1916,T35,T36,39,1,15,37,-1,37,03T35@1,04T36@2,17,39,-1,-1,2
1942,T35,T36,39,7,16,38,-1,38,03T35@1,04T36@2,17,39,-1,-1,2
1874,T35,T35,39,12,16,36,-1,36,03T35@1,05T35@2,17,39,-1,-1,2
1880,T35,T36,39,7,14,36,-1,36,03T35@1,04T36@2,17,39,-1,-1,2
1847,T35,T35,39,47,10,35,-1,35,01T35@0,02T35@1,16,39,-1,-1,1
1877,T35,T36,39,6,14,36,-1,36,02T35@1,04T36@2,17,39,-1,-1,2
226,OTHER,T07,40,2,10,0,-1,-1,SELLER,00T07@0,0,40,-1,-1,0
1772,T35,T35,40,9,14,32,-1,32,03T35@1,05T35@2,17,40,-1,-1,2
1850,T07,T35,40,9,28,35,-1,35,00T07@0,02T35@1,17,40,-1,-1,1
608,T35,OTHER,40,3,43,0,-1,-1,05T35@2,BUYER,0,40,-1,-1,3
1184,T35,T35,40,8,13,11,-1,11,02T35@1,05T35@2,17,40,-1,-1,2
703,T36,OTHER,40,5,43,-1,-1,-1,04T36@2,BUYER,0,-1,-1,-1,3
263,OTHER,T35,40,5,10,0,-1,-1,SELLER,01T35@0,0,-1,-1,-1,0
1962,T35,T36,40,7,16,39,-1,39,02T35@1,04T36@2,17,40,-1,-1,2
1960,T35,T36,40,1,15,39,-1,39,02T35@1,04T36@2,17,40,-1,-1,2
1848,T35,T35,40,12,14,35,-1,35,03T35@1,05T35@2,17,40,-1,-1,2
1787,T07,T35,40,5,29,32,-1,32,00T07@0,02T35@1,17,40,-1,-1,1
282,OTHER,T07,40,2,10,0,-1,-1,SELLER,00T07@0,0,40,-1,-1,0
1191,T35,T35,40,8,15,11,-1,11,03T35@1,05T35@2,17,40,-1,-1,2
961,T35,T35,40,9,9,3,-1,3,01T35@0,02T35@1,17,-1,-1,-1,1
400,OTHER,T35,40,1,10,0,-1,-1,SELLER,01T35@0,0,-1,-1,-1,0
368,OTHER,T07,40,4,10,0,-1,-1,SELLER,00T07@0,0,40,-1,-1,0
1301,T35,T35,40,11,13,15,-1,15,03T35@1,05T35@2,17,40,-1,-1,2
1872,T07,T35,40,5,29,-1,-1,35,00T07@0,02T35@1,17,-1,-1,-1,1
1308,T35,T35,40,11,13,15,-1,15,02T35@1,05T35@2,17,40,-1,-1,2
1871,T07,T35,40,4,28,-1,-1,35,00T07@0,03T35@1,17,-1,-1,-1,1
1870,T07,T35,40,9,28,-1,-1,35,00T07@0,03T35@1,17,-1,-1,-1,1
958,T35,T35,40,9,9,3,-1,3,01T35@0,03T35@1,17,-1,-1,-1,1
341,T36,OTHER,40,2,43,0,-1,-1,04T36@2,BUYER,0,40,-1,-1,3
1998,T35,T36,40,7,16,40,-1,40,02T35@1,04T36@2,17,40,-1,-1,2
858,T35,T35,40,10,12,1,-1,1,03T35@1,05T35@2,17,40,-1,-1,2
332,T35,OTHER,40,2,43,0,-1,-1,05T35@2,BUYER,0,40,-1,-1,3
1987,T35,T36,40,7,16,40,-1,40,03T35@1,04T36@2,17,40,-1,-1,2
1957,T35,T35,40,44,10,-1,-1,38,01T35@0,03T35@1,16,-1,-1,-1,1
25,OTHER,T35,40,3,10,0,-1,-1,SELLER,01T35@0,0,-1,-1,-1,0
303,T36,OTHER,40,1,43,0,-1,-1,04T36@2,BUYER,0,40,-1,-1,3
1718,T35,T35,40,10,16,30,-1,30,03T35@1,05T35@2,17,40,-1,-1,2
1914,T35,T36,40,8,14,37,-1,37,03T35@1,04T36@2,17,40,-1,-1,2
690,T36,OTHER,40,5,43,-1,-1,-1,04T36@2,BUYER,0,-1,-1,-1,3
842,T35,T35,40,6,14,1,-1,1,03T35@1,05T35@2,17,40,-1,-1,2
1925,T07,T35,40,4,28,-1,-1,37,00T07@0,02T35@1,17,-1,-1,-1,1
891,T35,T35,40,9,9,2,-1,2,01T35@0,03T35@1,17,-1,-1,-1,1
1070,T35,T35,40,11,15,7,-1,7,02T35@1,05T35@2,17,40,-1,-1,2
1937,T35,T36,40,8,14,38,-1,38,02T35@1,04T36@2,17,40,-1,-1,2
197,T36,OTHER,40,2,43,0,-1,-1,04T36@2,BUYER,0,40,-1,-1,3
852,T35,T35,40,12,12,1,-1,1,03T35@1,05T35@2,17,40,-1,-1,2
897,T35,T35,40,9,9,2,-1,2,01T35@0,02T35@1,17,-1,-1,-1,1
799,T35,T35,40,10,12,1,-1,1,02T35@1,05T35@2,17,40,-1,-1,2
1924,T07,T35,40,5,29,-1,-1,37,00T07@0,02T35@1,17,-1,-1,-1,1
566,OTHER,T35,40,3,10,0,-1,-1,SELLER,01T35@0,0,-1,-1,-1,0
776,T35,T35,40,6,14,1,-1,1,02T35@1,05T35@2,17,40,-1,-1,2
1963,T35,T36,41,8,14,39,-1,39,03T35@1,04T36@2,17,41,-1,-1,2
1805,T35,T35,41,8,16,33,-1,33,02T35@1,05T35@2,17,41,-1,-1,2
679,T36,OTHER,41,3,43,-1,-1,-1,04T36@2,BUYER,0,-1,-1,-1,3
558,T35,OTHER,41,5,43,0,-1,-1,05T35@2,BUYER,0,41,-1,-1,3
1899,T07,T35,41,4,29,-1,-1,36,00T07@0,03T35@1,17,-1,-1,-1,1
330,T35,OTHER,41,4,43,0,-1,-1,05T35@2,BUYER,0,41,-1,-1,3
634,OTHER,T07,41,4,10,0,-1,-1,SELLER,00T07@0,0,41,-1,-1,0
189,T35,OTHER,41,2,43,0,-1,-1,05T35@2,BUYER,0,41,-1,-1,3
2016,T35,T36,41,1,15,41,-1,41,03T35@1,04T36@2,17,41,-1,-1,2
1968,T35,T35,41,10,16,39,-1,39,02T35@1,05T35@2,17,41,-1,-1,2
1761,T07,T35,41,11,29,31,-1,31,00T07@0,02T35@1,17,41,-1,-1,1
292,OTHER,T07,41,2,10,0,-1,-1,SELLER,00T07@0,0,41,-1,-1,0
1334,T35,T35,41,10,13,16,-1,16,03T35@1,05T35@2,17,41,-1,-1,2
1979,T35,T35,41,10,14,39,-1,39,03T35@1,05T35@2,17,41,-1,-1,2
2008,T35,T36,41,8,16,40,-1,40,03T35@1,04T36@2,17,41,-1,-1,2
783,T35,T35,41,10,12,1,-1,1,02T35@1,05T35@2,17,41,-1,-1,2
2032,T35,T36,41,1,15,41,-1,41,02T35@1,04T36@2,17,41,-1,-1,2
1141,T35,T35,41,10,15,10,-1,10,02T35@1,05T35@2,17,41,-1,-1,2
1927,T35,T35,41,54,10,-1,-1,37,01T35@0,02T35@1,16,-1,-1,-1,1
1815,T35,T35,41,8,14,33,-1,33,03T35@1,05T35@2,17,41,-1,-1,2
16,OTHER,T35,41,3,10,0,-1,-1,SELLER,01T35@0,0,-1,-1,-1,0
1993,T35,T36,41,8,14,40,-1,40,03T35@1,04T36@2,17,41,-1,-1,2
2026,T35,T36,41,1,15,41,-1,41,02T35@1,04T36@2,17,41,-1,-1,2
89,T36,OTHER,41,3,43,0,-1,-1,04T36@2,BUYER,0,41,-1,-1,3
1955,T07,T35,41,4,29,-1,-1,38,00T07@0,03T35@1,17,-1,-1,-1,1
1746,T35,T35,41,10,16,31,-1,31,02T35@1,05T35@2,17,41,-1,-1,2
2019,T35,T36,41,1,15,41,-1,41,03T35@1,04T36@2,17,41,-1,-1,2
1795,T07,T35,41,4,29,33,-1,33,00T07@0,02T35@1,17,41,-1,-1,1
1739,T35,T35,41,10,16,31,-1,31,03T35@1,05T35@2,17,41,-1,-1,2
354,OTHER,T35,41,3,10,0,-1,-1,SELLER,01T35@0,0,-1,-1,-1,0
1842,T07,T35,41,4,29,-1,-1,34,00T07@0,02T35@1,17,-1,-1,-1,1
1443,T35,T35,41,14,13,20,-1,20,03T35@1,05T35@2,17,41,-1,-1,2
43,OTHER,T07,41,2,10,0,-1,-1,SELLER,00T07@0,0,41,-1,-1,0
651,T36,OTHER,41,3,43,-1,-1,-1,04T36@2,BUYER,0,-1,-1,-1,3
2025,T35,T36,41,7,16,41,-1,41,02T35@1,04T36@2,17,41,-1,-1,2
1753,T07,T35,41,11,29,31,-1,31,00T07@0,03T35@1,17,41,-1,-1,1
344,OTHER,T35,41,2,10,0,-1,-1,SELLER,01T35@0,0,-1,-1,-1,0
1918,T35,T35,41,6,14,37,-1,37,03T35@1,05T35@2,17,41,-1,-1,2
253,OTHER,T07,41,4,10,0,-1,-1,SELLER,00T07@0,0,41,-1,-1,0
1785,T35,T35,41,9,16,32,-1,32,02T35@1,05T35@2,17,41,-1,-1,2
1272,T35,T35,42,9,15,14,-1,14,02T35@1,05T35@2,17,42,-1,-1,2
2002,T35,T35,42,10,16,40,-1,40,03T35@1,05T35@2,17,42,-1,-1,2
1978,T35,T35,42,15,11,39,-1,39,01T35@0,02T35@1,17,-1,-1,-1,1
2055,T07,T35,42,9,28,-1,-1,42,00T07@0,02T35@1,17,-1,-1,-1,1
1276,T35,T35,42,9,15,14,-1,14,03T35@1,05T35@2,17,42,-1,-1,2
2050,T35,T36,42,1,15,42,-1,42,03T35@1,04T36@2,17,42,-1,-1,2
141,T35,OTHER,42,5,43,0,-1,-1,05T35@2,BUYER,0,42,-1,-1,3
365,OTHER,T35,42,2,10,0,-1,-1,SELLER,01T35@0,0,-1,-1,-1,0
161,T35,OTHER,42,4,43,0,-1,-1,05T35@2,BUYER,0,42,-1,-1,3
1237,T35,T35,42,10,15,13,-1,13,03T35@1,05T35@2,17,42,-1,-1,2
1247,T35,T35,42,10,15,13,-1,13,02T35@1,05T35@2,17,42,-1,-1,2
1983,T07,T35,42,17,30,-1,-1,39,00T07@0,02T35@1,17,-1,-1,-1,1
108,T35,OTHER,42,3,43,0,-1,-1,05T35@2,BUYER,0,42,-1,-1,3
201,OTHER,T35,42,3,10,0,-1,-1,SELLER,01T35@0,0,-1,-1,-1,0
589,OTHER,T35,42,2,10,0,-1,-1,SELLER,01T35@0,0,-1,-1,-1,0
1953,T07,T35,42,17,30,-1,-1,38,00T07@0,03T35@1,17,-1,-1,-1,1
2006,T35,T35,42,10,16,40,-1,40,02T35@1,05T35@2,17,42,-1,-1,2
1950,T35,T35,42,55,10,-1,-1,38,01T35@0,02T35@1,16,-1,-1,-1,1
1959,T35,T36,42,7,14,39,-1,39,02T35@1,04T36@2,17,42,-1,-1,2
1944,T35,T35,42,13,16,38,-1,38,02T35@1,05T35@2,17,42,-1,-1,2
2018,T35,T36,42,8,16,41,-1,41,03T35@1,04T36@2,17,42,-1,-1,2
602,OTHER,T07,42,5,10,0,-1,-1,SELLER,00T07@0,0,42,-1,-1,0
49,T36,OTHER,42,2,43,0,-1,-1,04T36@2,BUYER,0,42,-1,-1,3
217,T36,OTHER,42,4,43,0,-1,-1,04T36@2,BUYER,0,42,-1,-1,3
673,T36,OTHER,42,2,43,-1,-1,-1,04T36@2,BUYER,0,-1,-1,-1,3
2015,T35,T36,42,8,16,41,-1,41,03T35@1,04T36@2,17,42,-1,-1,2
2024,T35,T35,42,12,14,41,-1,41,02T35@1,05T35@2,17,42,-1,-1,2
446,OTHER,T35,42,3,10,0,-1,-1,SELLER,01T35@0,0,-1,-1,-1,0
439,OTHER,T07,42,3,10,0,-1,-1,SELLER,00T07@0,0,42,-1,-1,0
2029,T35,T35,42,12,14,41,-1,41,03T35@1,05T35@2,17,42,-1,-1,2
480,OTHER,T07,42,2,10,0,-1,-1,SELLER,00T07@0,0,42,-1,-1,0
2056,T07,T35,42,9,28,-1,-1,42,00T07@0,03T35@1,17,-1,-1,-1,1
1200,T35,T35,42,11,15,12,-1,12,03T35@1,05T35@2,17,42,-1,-1,2
215,T35,OTHER,43,2,43,0,-1,-1,05T35@2,BUYER,0,43,-1,-1,3
745,T35,T35,43,9,12,1,-1,1,03T35@1,05T35@2,17,43,-1,-1,2
735,T35,T35,43,11,12,1,-1,1,03T35@1,05T35@2,17,43,-1,-1,2
71,OTHER,T07,43,3,10,0,-1,-1,SELLER,00T07@0,0,43,-1,-1,0
52,T36,OTHER,43,1,43,0,-1,-1,04T36@2,BUYER,0,43,-1,-1,3
4,T35,OTHER,43,1,43,0,-1,-1,05T35@2,BUYER,0,43,-1,-1,3
1941,T35,T35,43,8,16,38,-1,38,02T35@1,05T35@2,17,43,-1,-1,2
810,T35,T35,43,8,14,1,-1,1,03T35@1,05T35@2,17,43,-1,-1,2
706,T36,OTHER,43,5,43,-1,-1,-1,04T36@2,BUYER,0,-1,-1,-1,3
834,T35,T35,43,10,14,1,-1,1,03T35@1,05T35@2,17,43,-1,-1,2
1408,T35,T35,43,6,15,19,-1,19,03T35@1,05T35@2,17,43,-1,-1,2
1952,T07,T35,43,11,28,-1,-1,38,00T07@0,03T35@1,17,-1,-1,-1,1
166,OTHER,T07,43,2,10,0,-1,-1,SELLER,00T07@0,0,43,-1,-1,0
36,T35,OTHER,43,4,43,0,-1,-1,05T35@2,BUYER,0,43,-1,-1,3
828,T35,T35,43,11,12,1,-1,1,02T35@1,05T35@2,17,43,-1,-1,2
117,T36,OTHER,43,3,43,0,-1,-1,04T36@2,BUYER,0,43,-1,-1,3
819,T35,T35,43,8,14,1,-1,1,02T35@1,05T35@2,17,43,-1,-1,2
778,T35,T35,43,9,12,1,-1,1,03T35@1,05T35@2,17,43,-1,-1,2
290,OTHER,T35,43,2,10,0,-1,-1,SELLER,01T35@0,0,-1,-1,-1,0
1943,T35,T35,43,8,16,38,-1,38,03T35@1,05T35@2,17,43,-1,-1,2
665,T36,OTHER,43,3,43,-1,-1,-1,04T36@2,BUYER,0,-1,-1,-1,3
837,T35,T35,43,9,12,1,-1,1,02T35@1,05T35@2,17,43,-1,-1,2
302,OTHER,T07,43,4,10,0,-1,-1,SELLER,00T07@0,0,43,-1,-1,0
1822,T35,T35,43,6,14,34,-1,34,03T35@1,05T35@2,17,43,-1,-1,2
1833,T35,T35,43,6,14,34,-1,34,02T35@1,05T35@2,17,43,-1,-1,2
477,OTHER,T35,43,5,10,0,-1,-1,SELLER,01T35@0,0,-1,-1,-1,0
2049,T35,T36,43,1,15,42,-1,42,02T35@1,04T36@2,17,43,-1,-1,2
453,OTHER,T35,43,1,10,0,-1,-1,SELLER,01T35@0,0,-1,-1,-1,0
620,OTHER,T35,43,3,10,0,-1,-1,SELLER,01T35@0,0,-1,-1,-1,0
424,T36,OTHER,43,1,43,0,-1,-1,04T36@2,BUYER,0,43,-1,-1,3
2043,T35,T36,43,8,16,42,-1,42,03T35@1,04T36@2,17,43,-1,-1,2
2065,T35,T36,43,8,16,43,-1,43,03T35@1,04T36@2,17,43,-1,-1,2
2067,T35,T36,43,8,16,43,-1,43,02T35@1,04T36@2,17,43,-1,-1,2
198,OTHER,T35,44,3,10,0,-1,-1,SELLER,01T35@0,0,-1,-1,-1,0
1541,T35,T35,44,12,13,23,-1,23,02T35@1,05T35@2,17,44,-1,-1,2
1967,T07,T35,44,11,28,39,-1,39,00T07@0,02T35@1,17,-1,-1,-1,1
2048,T35,T36,44,8,14,42,-1,42,02T35@1,04T36@2,17,44,-1,-1,2
353,T36,OTHER,44,1,43,0,-1,-1,04T36@2,BUYER,0,44,-1,-1,3
1859,T35,T35,44,12,16,35,-1,35,02T35@1,05T35@2,17,44,-1,-1,2
32,T35,OTHER,44,6,43,0,-1,-1,05T35@2,BUYER,0,44,-1,-1,3
429,T35,OTHER,44,1,43,0,-1,-1,05T35@2,BUYER,0,44,-1,-1,3
207,OTHER,T35,44,2,10,0,-1,-1,SELLER,01T35@0,0,-1,-1,-1,0
1316,T35,T35,44,10,15,16,-1,16,02T35@1,05T35@2,17,44,-1,-1,2
580,T35,OTHER,44,1,43,0,-1,-1,05T35@2,BUYER,0,44,-1,-1,3
1375,T35,T35,44,8,13,18,-1,18,03T35@1,05T35@2,17,44,-1,-1,2
1356,T35,T35,44,9,15,17,-1,17,02T35@1,05T35@2,17,44,-1,-1,2
131,T35,OTHER,44,3,43,0,-1,-1,05T35@2,BUYER,0,44,-1,-1,3
1985,T07,T35,44,11,28,-1,-1,39,00T07@0,03T35@1,17,-1,-1,-1,1
1368,T35,T35,44,9,15,17,-1,17,03T35@1,05T35@2,17,44,-1,-1,2
323,OTHER,T07,44,3,10,0,-1,-1,SELLER,00T07@0,0,44,-1,-1,0
2010,T35,T35,44,49,10,40,-1,40,01T35@0,03T35@1,16,-1,-1,-1,1
1969,T35,T35,44,9,16,39,-1,39,03T35@1,05T35@2,17,44,-1,-1,2
2007,T35,T35,44,8,16,40,-1,40,02T35@1,05T35@2,17,44,-1,-1,2
14,OTHER,T07,44,3,10,0,-1,-1,SELLER,00T07@0,0,44,-1,-1,0
2001,T35,T35,44,48,10,40,-1,40,01T35@0,02T35@1,16,-1,-1,-1,1
2088,T35,T36,44,1,15,44,-1,44,03T35@1,04T36@2,17,44,-1,-1,2
1973,T35,T35,44,9,16,39,-1,39,02T35@1,05T35@2,17,44,-1,-1,2
156,OTHER,T35,44,3,10,0,-1,-1,SELLER,01T35@0,0,-1,-1,-1,0
40,T36,OTHER,44,4,43,0,-1,-1,04T36@2,BUYER,0,44,-1,-1,3
2079,T35,T36,44,1,15,44,-1,44,03T35@1,04T36@2,17,44,-1,-1,2
636,OTHER,T35,44,3,10,0,-1,-1,SELLER,01T35@0,0,-1,-1,-1,0
1396,T35,T35,44,8,13,18,-1,18,02T35@1,05T35@2,17,44,-1,-1,2
383,T35,OTHER,44,4,43,0,-1,-1,05T35@2,BUYER,0,44,-1,-1,3
463,OTHER,T07,44,3,10,0,-1,-1,SELLER,00T07@0,0,44,-1,-1,0
2040,T35,T35,44,7,16,42,-1,42,02T35@1,05T35@2,17,44,-1,-1,2
2081,T35,T36,44,1,15,44,-1,44,02T35@1,04T36@2,17,44,-1,-1,2
1994,T35,T35,44,8,16,40,-1,40,03T35@1,05T35@2,17,44,-1,-1,2
2041,T35,T35,44,7,16,42,-1,42,03T35@1,05T35@2,17,44,-1,-1,2
738,T35,T35,44,9,12,1,-1,1,02T35@1,05T35@2,17,44,-1,-1,2
1524,T35,T35,44,12,13,23,-1,23,03T35@1,05T35@2,17,44,-1,-1,2
2036,T35,T35,45,8,14,42,-1,42,03T35@1,05T35@2,17,45,-1,-1,2
104,T36,OTHER,45,3,43,0,-1,-1,04T36@2,BUYER,0,45,-1,-1,3
1410,T35,T35,45,6,13,19,-1,19,02T35@1,05T35@2,17,45,-1,-1,2
1887,T35,T35,45,13,16,36,-1,36,02T35@1,05T35@2,17,45,-1,-1,2
726,T36,OTHER,45,2,43,-1,-1,-1,04T36@2,BUYER,0,-1,-1,-1,3
295,OTHER,T07,45,1,10,0,-1,-1,SELLER,00T07@0,0,45,-1,-1,0
310,OTHER,T35,45,4,10,0,-1,-1,SELLER,01T35@0,0,-1,-1,-1,0
221,T35,OTHER,45,2,43,0,-1,-1,05T35@2,BUYER,0,45,-1,-1,3
1606,T35,T35,45,14,13,26,-1,26,03T35@1,05T35@2,17,45,-1,-1,2
2060,T35,T35,45,9,14,43,-1,43,02T35@1,05T35@2,17,45,-1,-1,2
709,T36,OTHER,45,3,43,-1,-1,-1,04T36@2,BUYER,0,-1,-1,-1,3
1569,T35,T35,45,12,13,24,-1,24,02T35@1,05T35@2,17,45,-1,-1,2
132,OTHER,T07,45,4,10,0,-1,-1,SELLER,00T07@0,0,45,-1,-1,0
756,T35,T35,45,9,14,1,-1,1,03T35@1,05T35@2,17,45,-1,-1,2
164,OTHER,T35,45,2,10,0,-1,-1,SELLER,01T35@0,0,-1,-1,-1,0
62,T35,OTHER,45,2,43,0,-1,-1,05T35@2,BUYER,0,45,-1,-1,3
257,T35,OTHER,45,3,43,0,-1,-1,05T35@2,BUYER,0,45,-1,-1,3
833,T35,T35,45,9,14,1,-1,1,02T35@1,05T35@2,17,45,-1,-1,2
552,T35,OTHER,45,3,43,0,-1,-1,05T35@2,BUYER,0,45,-1,-1,3
2072,T35,T35,45,9,16,43,-1,43,03T35@1,05T35@2,17,45,-1,-1,2
2093,T35,T36,45,8,14,44,-1,44,03T35@1,04T36@2,17,45,-1,-1,2
2108,T35,T36,45,1,15,45,-1,45,02T35@1,04T36@2,17,45,-1,-1,2
510,OTHER,T07,45,1,10,0,-1,-1,SELLER,00T07@0,0,45,-1,-1,0
1878,T35,T35,45,13,16,36,-1,36,03T35@1,05T35@2,17,45,-1,-1,2
2039,T35,T35,45,8,14,42,-1,42,02T35@1,05T35@2,17,45,-1,-1,2
556,OTHER,T07,45,4,10,0,-1,-1,SELLER,00T07@0,0,45,-1,-1,0
2107,T35,T36,45,1,15,45,-1,45,03T35@1,04T36@2,17,45,-1,-1,2
178,OTHER,T35,45,4,10,0,-1,-1,SELLER,01T35@0,0,-1,-1,-1,0
408,T36,OTHER,45,2,43,0,-1,-1,04T36@2,BUYER,0,45,-1,-1,3
1607,T35,T35,45,14,13,26,-1,26,02T35@1,05T35@2,17,45,-1,-1,2
906,T35,T35,46,9,14,2,-1,2,03T35@1,05T35@2,17,46,-1,-1,2
472,T36,OTHER,46,2,43,0,-1,-1,04T36@2,BUYER,0,46,-1,-1,3
2094,T35,T36,46,1,15,44,-1,44,02T35@1,04T36@2,17,-1,-1,-1,2
924,T35,T35,46,9,14,2,-1,2,02T35@1,05T35@2,17,-1,-1,-1,2
470,OTHER,T35,46,2,10,0,-1,-1,SELLER,01T35@0,0,-1,-1,-1,0
56,T36,OTHER,46,2,43,0,-1,-1,04T36@2,BUYER,0,46,-1,-1,3
2012,T07,T35,46,11,28,41,-1,41,00T07@0,02T35@1,17,-1,-1,-1,1
1058,T35,T35,46,11,12,7,-1,7,03T35@1,05T35@2,17,46,-1,-1,2
2080,T35,T35,46,9,14,44,-1,44,03T35@1,05T35@2,17,46,-1,-1,2
2078,T35,T35,46,9,14,44,-1,44,02T35@1,05T35@2,17,-1,-1,-1,2
2133,T35,T36,46,1,15,46,-1,46,03T35@1,04T36@2,17,46,-1,-1,2
376,T36,OTHER,46,2,43,0,-1,-1,04T36@2,BUYER,0,46,-1,-1,3
179,OTHER,T07,46,3,10,0,-1,-1,SELLER,00T07@0,0,46,-1,-1,0
167,OTHER,T35,46,1,10,0,-1,-1,SELLER,01T35@0,0,-1,-1,-1,0
422,OTHER,T07,46,2,10,0,-1,-1,SELLER,00T07@0,0,46,-1,-1,0
527,OTHER,T07,46,2,10,0,-1,-1,SELLER,00T07@0,0,46,-1,-1,0
181,T35,OTHER,46,2,43,0,-1,-1,05T35@2,BUYER,0,46,-1,-1,3
1514,T35,T35,46,9,15,22,-1,22,03T35@1,05T35@2,17,46,-1,-1,2
119,OTHER,T35,46,4,10,0,-1,-1,SELLER,01T35@0,0,-1,-1,-1,0
1485,T35,T35,46,11,15,21,-1,21,02T35@1,05T35@2,17,-1,-1,-1,2
1585,T35,T35,46,10,13,25,-1,25,03T35@1,05T35@2,17,46,-1,-1,2
1576,T35,T35,46,10,13,25,-1,25,02T35@1,05T35@2,17,-1,-1,-1,2
315,T35,OTHER,46,3,43,0,-1,-1,05T35@2,BUYER,0,46,-1,-1,3
2035,T35,T36,46,6,14,42,-1,42,02T35@1,04T36@2,17,-1,-1,-1,2
386,OTHER,T35,46,6,10,0,-1,-1,SELLER,01T35@0,0,-1,-1,-1,0
2058,T35,T36,46,7,14,43,-1,43,03T35@1,04T36@2,17,46,-1,-1,2
1013,T35,T35,46,10,12,5,-1,5,02T35@1,05T35@2,17,-1,-1,-1,2
388,T35,OTHER,46,5,43,0,-1,-1,05T35@2,BUYER,0,46,-1,-1,3
711,T36,OTHER,46,4,43,-1,-1,-1,04T36@2,BUYER,0,-1,-1,-1,3
2059,T35,T36,46,6,14,43,-1,43,02T35@1,04T36@2,17,-1,-1,-1,2
1518,T35,T35,46,9,15,22,-1,22,02T35@1,05T35@2,17,-1,-1,-1,2
1488,T35,T35,46,11,15,21,-1,21,03T35@1,05T35@2,17,46,-1,-1,2
140,T36,OTHER,47,4,43,0,-1,-1,04T36@2,BUYER,0,47,-1,-1,3
2061,T35,T35,47,11,16,43,-1,43,02T35@1,05T35@2,17,-1,-1,-1,2
2021,T35,T35,47,12,16,41,-1,41,02T35@1,05T35@2,17,-1,-1,-1,2
2127,T35,T36,47,1,15,46,-1,46,02T35@1,04T36@2,17,-1,-1,-1,2
2134,T35,T36,47,7,16,46,-1,46,02T35@1,04T36@2,17,-1,-1,-1,2
360,T35,OTHER,47,2,43,0,-1,-1,05T35@2,BUYER,0,47,-1,-1,3
1992,T07,T35,47,17,27,40,-1,40,00T07@0,03T35@1,17,-1,-1,-1,1
2075,T35,T36,47,7,14,44,-1,44,03T35@1,04T36@2,17,-1,-1,-1,2
2129,T35,T35,47,11,14,46,-1,46,03T35@1,05T35@2,17,-1,-1,-1,2
240,OTHER,T35,47,3,10,0,-1,-1,SELLER,01T35@0,0,-1,-1,-1,0
625,OTHER,T35,47,2,10,0,-1,-1,SELLER,01T35@0,0,-1,-1,-1,0
1640,T35,T35,47,11,13,27,-1,27,03T35@1,05T35@2,17,-1,-1,-1,2
234,T36,OTHER,47,1,43,0,-1,-1,04T36@2,BUYER,0,47,-1,-1,3
401,T35,OTHER,47,5,43,0,-1,-1,05T35@2,BUYER,0,47,-1,-1,3
61,OTHER,T35,47,3,10,0,-1,-1,SELLER,01T35@0,0,-1,-1,-1,0
2111,T35,T35,47,9,14,45,-1,45,02T35@1,05T35@2,17,-1,-1,-1,2
1046,T35,T35,47,9,12,6,-1,6,03T35@1,05T35@2,17,-1,-1,-1,2
2084,T35,T36,47,7,14,44,-1,44,03T35@1,04T36@2,17,-1,-1,-1,2
659,T36,OTHER,47,3,43,-1,-1,-1,04T36@2,BUYER,0,-1,-1,-1,3
2028,T35,T35,47,12,16,41,-1,41,03T35@1,05T35@2,17,-1,-1,-1,2
199,OTHER,T35,47,4,10,0,-1,-1,SELLER,01T35@0,0,-1,-1,-1,0
2031,T07,T35,47,17,27,41,-1,41,00T07@0,02T35@1,17,-1,-1,-1,1
562,T35,OTHER,47,3,43,0,-1,-1,05T35@2,BUYER,0,47,-1,-1,3
1036,T35,T35,47,9,12,6,-1,6,02T35@1,05T35@2,17,-1,-1,-1,2
2099,T35,T35,47,9,16,45,-1,45,03T35@1,05T35@2,17,-1,-1,-1,2
2069,T35,T35,47,11,16,43,-1,43,03T35@1,05T35@2,17,-1,-1,-1,2
956,T35,T35,47,6,12,3,-1,3,02T35@1,05T35@2,17,-1,-1,-1,2
6,OTHER,T07,47,3,10,0,-1,-1,SELLER,00T07@0,0,47,-1,-1,0
122,OTHER,T07,47,4,10,0,-1,-1,SELLER,00T07@0,0,47,-1,-1,0
279,OTHER,T07,47,1,10,0,-1,-1,SELLER,00T07@0,0,47,-1,-1,0
2105,T35,T36,47,7,14,45,-1,45,02T35@1,04T36@2,17,-1,-1,-1,2
952,T35,T35,47,6,12,3,-1,3,03T35@1,05T35@2,17,-1,-1,-1,2
2092,T35,T35,47,11,16,44,-1,44,03T35@1,05T35@2,17,-1,-1,-1,2
2143,T35,T36,47,7,16,47,-1,47,03T35@1,04T36@2,17,-1,-1,-1,2
2109,T35,T35,47,9,16,45,-1,45,02T35@1,05T35@2,17,-1,-1,-1,2
2091,T35,T35,47,11,16,44,-1,44,02T35@1,05T35@2,17,-1,-1,-1,2
2110,T35,T35,47,9,16,45,-1,45,03T35@1,05T35@2,17,-1,-1,-1,2
1901,T07,T35,47,17,27,37,-1,37,00T07@0,02T35@1,17,-1,-1,-1,1
399,T35,OTHER,47,2,43,0,-1,-1,05T35@2,BUYER,0,47,-1,-1,3
1444,T35,T35,48,14,15,20,-1,20,02T35@1,05T35@2,17,-1,-1,-1,2
1939,T07,T35,48,11,29,38,-1,38,00T07@0,02T35@1,17,-1,-1,-1,1
1553,T35,T35,48,12,15,24,-1,24,03T35@1,05T35@2,17,-1,-1,-1,2
1105,T35,T35,48,9,12,8,-1,8,02T35@1,05T35@2,17,-1,-1,-1,2
471,OTHER,T07,48,2,10,0,-1,-1,SELLER,00T07@0,0,48,-1,-1,0
540,OTHER,T35,48,1,10,0,-1,-1,SELLER,01T35@0,0,-1,-1,-1,0
1151,T35,T35,48,10,12,10,-1,10,03T35@1,05T35@2,17,-1,-1,-1,2
218,T36,OTHER,48,5,43,0,-1,-1,04T36@2,BUYER,0,48,-1,-1,3
343,T35,OTHER,48,1,43,0,-1,-1,05T35@2,BUYER,0,48,-1,-1,3
669,T36,OTHER,48,3,43,-1,-1,-1,04T36@2,BUYER,0,-1,-1,-1,3
2132,T35,T36,48,7,14,46,-1,46,02T35@1,04T36@2,17,-1,-1,-1,2
1009,T35,T35,48,10,14,5,-1,5,03T35@1,05T35@2,17,-1,-1,-1,2
144,T35,OTHER,48,3,43,0,-1,-1,05T35@2,BUYER,0,48,-1,-1,3
357,OTHER,T35,48,5,10,0,-1,-1,SELLER,01T35@0,0,-1,-1,-1,0
2112,T35,T36,48,7,14,45,-1,45,02T35@1,04T36@2,17,-1,-1,-1,2
692,T36,OTHER,48,3,43,-1,-1,-1,04T36@2,BUYER,0,-1,-1,-1,3
610,OTHER,T07,48,2,10,0,-1,-1,SELLER,00T07@0,0,48,-1,-1,0
338,OTHER,T07,48,7,10,0,-1,-1,SELLER,00T07@0,0,48,-1,-1,0
379,T35,OTHER,48,5,43,0,-1,-1,05T35@2,BUYER,0,48,-1,-1,3
2146,T35,T36,48,1,15,47,-1,47,03T35@1,04T36@2,17,-1,-1,-1,2
1667,T35,T35,48,10,13,28,-1,28,02T35@1,05T35@2,17,-1,-1,-1,2
326,OTHER,T35,48,3,10,0,-1,-1,SELLER,01T35@0,0,-1,-1,-1,0
2114,T35,T36,48,7,14,45,-1,45,03T35@1,04T36@2,17,-1,-1,-1,2
571,OTHER,T35,49,2,10,0,-1,-1,SELLER,01T35@0,0,-1,-1,-1,0
617,OTHER,T35,49,3,10,0,-1,-1,SELLER,01T35@0,0,-1,-1,-1,0
982,T35,T35,49,12,14,4,-1,4,02T35@1,05T35@2,17,-1,-1,-1,2
1688,T35,T35,49,9,13,29,-1,29,02T35@1,05T35@2,17,-1,-1,-1,2
1722,T35,T35,49,10,13,30,-1,30,02T35@1,05T35@2,17,-1,-1,-1,2
232,T35,OTHER,49,5,43,0,-1,-1,05T35@2,BUYER,0,49,-1,-1,3
19,OTHER,T35,49,5,10,0,-1,-1,SELLER,01T35@0,0,-1,-1,-1,0
2145,T35,T35,49,9,16,47,-1,47,03T35@1,05T35@2,17,-1,-1,-1,2
1081,T35,T35,49,9,14,8,-1,8,03T35@1,05T35@2,17,-1,-1,-1,2
113,T36,OTHER,49,3,43,0,-1,-1,04T36@2,BUYER,0,49,-1,-1,3
1125,T35,T35,49,7,14,9,-1,9,02T35@1,05T35@2,17,-1,-1,-1,2
336,T35,OTHER,49,2,43,0,-1,-1,05T35@2,BUYER,0,49,-1,-1,3
1922,T35,T35,49,16,13,37,-1,37,02T35@1,05T35@2,17,-1,-1,-1,2
2149,T35,T35,49,11,16,47,-1,47,03T35@1,05T35@2,17,-1,-1,-1,2
1692,T35,T35,49,9,15,29,-1,29,03T35@1,05T35@2,17,-1,-1,-1,2
2095,T07,T35,49,12,28,-1,-1,44,00T07@0,03T35@1,17,-1,-1,-1,1
671,T36,OTHER,49,6,43,-1,-1,-1,04T36@2,BUYER,0,-1,-1,-1,3
1671,T35,T35,49,10,15,28,-1,28,03T35@1,05T35@2,17,-1,-1,-1,2
2124,T35,T35,49,7,14,46,-1,46,03T35@1,05T35@2,17,-1,-1,-1,2
2121,T35,T35,49,11,16,46,-1,46,02T35@1,05T35@2,17,-1,-1,-1,2
1639,T35,T35,49,11,15,27,-1,27,02T35@1,05T35@2,17,-1,-1,-1,2
219,OTHER,T07,49,2,10,0,-1,-1,SELLER,00T07@0,0,49,-1,-1,0
645,T35,OTHER,49,2,43,0,-1,-1,05T35@2,BUYER,0,49,-1,-1,3
370,OTHER,T07,49,1,10,0,-1,-1,SELLER,00T07@0,0,49,-1,-1,0
1218,T35,T35,49,11,12,12,-1,12,02T35@1,05T35@2,17,-1,-1,-1,2
592,T36,OTHER,49,2,43,0,-1,-1,04T36@2,BUYER,0,49,-1,-1,3
1908,T35,T35,49,16,13,37,-1,37,03T35@1,05T35@2,17,-1,-1,-1,2
988,T35,T35,49,12,14,4,-1,4,03T35@1,05T35@2,17,-1,-1,-1,2
2136,T35,T36,49,7,14,46,-1,46,02T35@1,04T36@2,17,-1,-1,-1,2
1119,T35,T35,49,7,14,9,-1,9,03T35@1,05T35@2,17,-1,-1,-1,2
2142,T35,T36,49,9,14,47,-1,47,03T35@1,04T36@2,17,-1,-1,-1,2
572,OTHER,T35,49,2,10,0,-1,-1,SELLER,01T35@0,0,-1,-1,-1,0
2130,T35,T35,49,7,14,46,-1,46,02T35@1,05T35@2,17,-1,-1,-1,2
320,OTHER,T07,49,5,10,0,-1,-1,SELLER,00T07@0,0,49,-1,-1,0
537,T36,OTHER,50,2,43,0,-1,-1,04T36@2,BUYER,0,50,-1,-1,3
1988,T07,T35,50,11,29,40,-1,40,00T07@0,03T35@1,17,-1,-1,-1,1
531,OTHER,T35,50,4,10,0,-1,-1,SELLER,01T35@0,0,-1,-1,-1,0
152,OTHER,T07,50,1,10,0,-1,-1,SELLER,00T07@0,0,50,-1,-1,0
644,OTHER,T35,50,2,10,0,-1,-1,SELLER,01T35@0,0,-1,-1,-1,0
525,OTHER,T07,50,4,10,0,-1,-1,SELLER,00T07@0,0,50,-1,-1,0
2005,T07,T35,50,11,29,40,-1,40,00T07@0,02T35@1,17,-1,-1,-1,1
595,T35,OTHER,50,4,43,0,-1,-1,05T35@2,BUYER,0,50,-1,-1,3
306,OTHER,T35,50,2,10,0,-1,-1,SELLER,01T35@0,0,-1,-1,-1,0
585,T36,OTHER,50,2,43,0,-1,-1,04T36@2,BUYER,0,50,-1,-1,3
273,OTHER,T35,50,3,10,0,-1,-1,SELLER,01T35@0,0,-1,-1,-1,0
675,T36,OTHER,50,7,43,-1,-1,-1,04T36@2,BUYER,0,-1,-1,-1,3
563,OTHER,T07,50,4,10,0,-1,-1,SELLER,00T07@0,0,50,-1,-1,0
2074,T07,T35,50,2,29,-1,-1,43,00T07@0,03T35@1,17,-1,-1,-1,1
47,T35,OTHER,50,5,43,0,-1,-1,05T35@2,BUYER,0,50,-1,-1,3
2116,T07,T35,51,2,28,-1,-1,45,00T07@0,03T35@1,17,-1,-1,-1,1
680,T36,OTHER,51,2,43,-1,-1,-1,04T36@2,BUYER,0,-1,-1,-1,3
623,T35,OTHER,51,1,43,0,-1,-1,05T35@2,BUYER,0,51,-1,-1,3
648,OTHER,T35,51,2,10,0,-1,-1,SELLER,01T35@0,0,-1,-1,-1,0
412,OTHER,T07,51,4,10,0,-1,-1,SELLER,00T07@0,0,51,-1,-1,0
466,OTHER,T07,51,3,10,0,-1,-1,SELLER,00T07@0,0,51,-1,-1,0
588,T35,OTHER,51,2,43,0,-1,-1,05T35@2,BUYER,0,51,-1,-1,3
2138,T07,T35,51,2,28,-1,-1,46,00T07@0,02T35@1,17,-1,-1,-1,1
324,OTHER,T07,51,3,10,0,-1,-1,SELLER,00T07@0,0,51,-1,-1,0
8,OTHER,T07,51,1,10,0,-1,-1,SELLER,00T07@0,0,51,-1,-1,0
313,OTHER,T35,51,3,10,0,-1,-1,SELLER,01T35@0,0,-1,-1,-1,0
579,T35,OTHER,51,5,43,0,-1,-1,05T35@2,BUYER,0,51,-1,-1,3
434,T36,OTHER,51,1,43,0,-1,-1,04T36@2,BUYER,0,51,-1,-1,3
2027,T07,T35,51,11,29,41,-1,41,00T07@0,03T35@1,17,-1,-1,-1,1
432,T35,OTHER,51,2,43,0,-1,-1,05T35@2,BUYER,0,51,-1,-1,3
2098,T07,T35,51,2,28,-1,-1,44,00T07@0,03T35@1,17,-1,-1,-1,1
184,OTHER,T35,51,4,10,0,-1,-1,SELLER,01T35@0,0,-1,-1,-1,0
655,T36,OTHER,51,2,43,-1,-1,-1,04T36@2,BUYER,0,-1,-1,-1,3
180,T36,OTHER,51,5,43,0,-1,-1,04T36@2,BUYER,0,51,-1,-1,3
626,T35,OTHER,52,3,43,0,-1,-1,05T35@2,BUYER,0,52,-1,-1,3
233,OTHER,T35,52,2,10,0,-1,-1,SELLER,01T35@0,0,-1,-1,-1,0
60,T35,OTHER,52,3,43,0,-1,-1,05T35@2,BUYER,0,52,-1,-1,3
467,T36,OTHER,52,1,43,0,-1,-1,04T36@2,BUYER,0,52,-1,-1,3
559,T35,OTHER,52,3,43,0,-1,-1,05T35@2,BUYER,0,52,-1,-1,3
319,OTHER,T35,52,2,10,0,-1,-1,SELLER,01T35@0,0,-1,-1,-1,0
38,OTHER,T07,52,3,10,0,-1,-1,SELLER,00T07@0,0,52,-1,-1,0
168,T35,OTHER,52,2,43,0,-1,-1,05T35@2,BUYER,0,52,-1,-1,3
2140,T07,T35,52,12,28,47,-1,47,00T07@0,03T35@1,17,-1,-1,-1,1
270,OTHER,T07,52,1,10,0,-1,-1,SELLER,00T07@0,0,52,-1,-1,0
79,OTHER,T35,52,2,10,0,-1,-1,SELLER,01T35@0,0,-1,-1,-1,0
667,T36,OTHER,52,6,43,-1,-1,-1,04T36@2,BUYER,0,-1,-1,-1,3
204,OTHER,T07,52,2,10,0,-1,-1,SELLER,00T07@0,0,52,-1,-1,0
203,T36,OTHER,52,2,43,0,-1,-1,04T36@2,BUYER,0,52,-1,-1,3
457,OTHER,T35,52,4,10,0,-1,-1,SELLER,01T35@0,0,-1,-1,-1,0
26,OTHER,T07,52,4,10,0,-1,-1,SELLER,00T07@0,0,52,-1,-1,0
2137,T07,T35,53,3,29,-1,-1,46,00T07@0,03T35@1,17,-1,-1,-1,1
857,OTHER,T07,53,3,10,1,-1,-1,SELLER,00T07@0,0,53,-1,-1,0
2151,T07,T35,53,3,29,47,-1,47,00T07@0,03T35@1,17,-1,-1,-1,1
753,OTHER,T35,53,3,10,1,-1,-1,SELLER,01T35@0,0,-1,-1,-1,0
758,T35,OTHER,53,4,43,1,-1,-1,05T35@2,BUYER,0,53,-1,-1,3
760,T36,OTHER,53,3,43,1,-1,-1,04T36@2,BUYER,0,53,-1,-1,3
762,T36,OTHER,53,1,43,1,-1,-1,04T36@2,BUYER,0,53,-1,-1,3
742,T35,OTHER,53,1,43,1,-1,-1,05T35@2,BUYER,0,53,-1,-1,3
767,T35,OTHER,53,3,43,1,-1,-1,05T35@2,BUYER,0,53,-1,-1,3
734,OTHER,T07,53,1,10,1,-1,-1,SELLER,00T07@0,0,53,-1,-1,0
769,T36,OTHER,53,2,43,1,-1,-1,04T36@2,BUYER,0,53,-1,-1,3
750,OTHER,T35,53,1,10,1,-1,-1,SELLER,01T35@0,0,-1,-1,-1,0
780,T35,OTHER,53,2,43,1,-1,-1,05T35@2,BUYER,0,53,-1,-1,3
811,OTHER,T35,53,4,10,1,-1,-1,SELLER,01T35@0,0,-1,-1,-1,0
820,OTHER,T35,53,3,10,1,-1,-1,SELLER,01T35@0,0,-1,-1,-1,0
866,T36,OTHER,53,4,43,-1,-1,-1,04T36@2,BUYER,0,-1,-1,-1,3
846,OTHER,T07,53,5,10,1,-1,-1,SELLER,00T07@0,0,53,-1,-1,0
936,T36,OTHER,54,1,43,-1,-1,-1,04T36@2,BUYER,0,-1,-1,-1,3
937,T36,OTHER,54,5,43,-1,-1,-1,04T36@2,BUYER,0,-1,-1,-1,3
939,T36,OTHER,54,3,43,-1,-1,-1,04T36@2,BUYER,0,-1,-1,-1,3
2077,T07,T35,54,12,29,44,-1,44,00T07@0,02T35@1,17,-1,-1,-1,1
935,T36,OTHER,54,3,43,-1,-1,-1,04T36@2,BUYER,0,-1,-1,-1,3
909,T35,OTHER,54,3,43,2,-1,-1,05T35@2,BUYER,0,54,-1,-1,3
930,OTHER,T35,54,2,10,2,-1,-1,SELLER,01T35@0,0,-1,-1,-1,0
898,OTHER,T07,54,3,10,2,-1,-1,SELLER,00T07@0,0,54,-1,-1,0
895,OTHER,T07,54,1,10,2,-1,-1,SELLER,00T07@0,0,54,-1,-1,0
869,OTHER,T35,54,7,10,2,-1,-1,SELLER,01T35@0,0,-1,-1,-1,0
885,OTHER,T35,54,2,10,2,-1,-1,SELLER,01T35@0,0,-1,-1,-1,0
875,T35,OTHER,54,1,43,2,-1,-1,05T35@2,BUYER,0,54,-1,-1,3
873,T36,OTHER,54,1,43,2,-1,-1,04T36@2,BUYER,0,54,-1,-1,3
871,OTHER,T07,54,5,10,2,-1,-1,SELLER,00T07@0,0,54,-1,-1,0
908,T35,OTHER,54,3,43,2,-1,-1,05T35@2,BUYER,0,54,-1,-1,3
967,T36,OTHER,55,3,43,-1,-1,-1,04T36@2,BUYER,0,-1,-1,-1,3
966,T36,OTHER,55,3,43,-1,-1,-1,04T36@2,BUYER,0,-1,-1,-1,3
965,T36,OTHER,55,2,43,-1,-1,-1,04T36@2,BUYER,0,-1,-1,-1,3
960,T35,OTHER,55,3,43,3,-1,-1,05T35@2,BUYER,0,55,-1,-1,3
959,T35,OTHER,55,3,43,3,-1,-1,05T35@2,BUYER,0,55,-1,-1,3
954,OTHER,T35,55,2,10,3,-1,-1,SELLER,01T35@0,0,-1,-1,-1,0
951,OTHER,T07,55,1,10,3,-1,-1,SELLER,00T07@0,0,55,-1,-1,0
949,OTHER,T35,55,3,10,3,-1,-1,SELLER,01T35@0,0,-1,-1,-1,0
947,OTHER,T07,55,5,10,3,-1,-1,SELLER,00T07@0,0,55,-1,-1,0
945,T35,OTHER,55,2,43,3,-1,-1,05T35@2,BUYER,0,55,-1,-1,3
944,OTHER,T07,55,3,10,3,-1,-1,SELLER,00T07@0,0,55,-1,-1,0
943,T35,OTHER,55,4,43,3,-1,-1,05T35@2,BUYER,0,55,-1,-1,3
940,OTHER,T35,55,5,10,3,-1,-1,SELLER,01T35@0,0,-1,-1,-1,0
953,OTHER,T35,55,1,10,3,-1,-1,SELLER,01T35@0,0,-1,-1,-1,0
984,OTHER,T07,56,1,10,4,-1,-1,SELLER,00T07@0,0,56,-1,-1,0
990,T35,OTHER,56,4,43,4,-1,-1,05T35@2,BUYER,0,56,-1,-1,3
989,T35,OTHER,56,4,43,4,-1,-1,05T35@2,BUYER,0,56,-1,-1,3
987,T35,OTHER,56,2,43,4,-1,-1,05T35@2,BUYER,0,56,-1,-1,3
985,T36,OTHER,56,1,43,4,-1,-1,04T36@2,BUYER,0,56,-1,-1,3
980,T36,OTHER,56,3,43,4,-1,-1,04T36@2,BUYER,0,56,-1,-1,3
974,T36,OTHER,56,1,43,4,-1,-1,04T36@2,BUYER,0,56,-1,-1,3
978,OTHER,T07,56,6,10,4,-1,-1,SELLER,00T07@0,0,56,-1,-1,0
977,T36,OTHER,56,5,43,4,-1,-1,04T36@2,BUYER,0,56,-1,-1,3
975,OTHER,T07,56,5,10,4,-1,-1,SELLER,00T07@0,0,56,-1,-1,0
979,OTHER,T35,56,2,10,4,-1,-1,SELLER,01T35@0,0,-1,-1,-1,0
971,OTHER,T35,56,1,10,4,-1,-1,SELLER,01T35@0,0,-1,-1,-1,0
969,OTHER,T35,56,5,10,4,-1,-1,SELLER,01T35@0,0,-1,-1,-1,0
1020,T36,OTHER,57,3,43,-1,-1,-1,04T36@2,BUYER,0,-1,-1,-1,3
1019,T35,OTHER,57,2,43,5,-1,-1,05T35@2,BUYER,0,57,-1,-1,3
1018,OTHER,T07,57,4,10,5,-1,-1,SELLER,00T07@0,0,57,-1,-1,0
1017,T36,OTHER,57,3,43,5,-1,-1,04T36@2,BUYER,0,57,-1,-1,3
1015,T36,OTHER,57,3,43,5,-1,-1,04T36@2,BUYER,0,57,-1,-1,3
1014,OTHER,T35,57,4,10,5,-1,-1,SELLER,01T35@0,0,-1,-1,-1,0
999,OTHER,T35,57,5,10,5,-1,-1,SELLER,01T35@0,0,-1,-1,-1,0
1010,OTHER,T07,57,4,10,5,-1,-1,SELLER,00T07@0,0,57,-1,-1,0
1007,T35,OTHER,57,3,43,5,-1,-1,05T35@2,BUYER,0,57,-1,-1,3
997,T35,OTHER,57,4,43,5,-1,-1,05T35@2,BUYER,0,57,-1,-1,3
996,T36,OTHER,57,2,43,5,-1,-1,04T36@2,BUYER,0,57,-1,-1,3
995,OTHER,T35,57,1,10,5,-1,-1,SELLER,01T35@0,0,-1,-1,-1,0
1011,OTHER,T07,57,2,10,5,-1,-1,SELLER,00T07@0,0,57,-1,-1,0
1048,T36,OTHER,58,5,43,-1,-1,-1,04T36@2,BUYER,0,-1,-1,-1,3
1043,OTHER,T07,58,1,10,6,-1,-1,SELLER,00T07@0,0,58,-1,-1,0
1042,OTHER,T35,58,2,10,6,-1,-1,SELLER,01T35@0,0,-1,-1,-1,0
1039,OTHER,T07,58,4,10,6,-1,-1,SELLER,00T07@0,0,58,-1,-1,0
1038,OTHER,T35,58,1,10,6,-1,-1,SELLER,01T35@0,0,-1,-1,-1,0
1037,T35,OTHER,58,3,43,6,-1,-1,05T35@2,BUYER,0,58,-1,-1,3
1031,OTHER,T07,58,2,10,6,-1,-1,SELLER,00T07@0,0,58,-1,-1,0
1029,T35,OTHER,58,4,43,6,-1,-1,05T35@2,BUYER,0,58,-1,-1,3
1028,OTHER,T35,58,2,10,6,-1,-1,SELLER,01T35@0,0,-1,-1,-1,0
1026,OTHER,T35,58,5,10,6,-1,-1,SELLER,01T35@0,0,-1,-1,-1,0
1025,T35,OTHER,58,4,43,6,-1,-1,05T35@2,BUYER,0,58,-1,-1,3
1024,T36,OTHER,58,2,43,6,-1,-1,04T36@2,BUYER,0,58,-1,-1,3
1021,T36,OTHER,58,1,43,6,-1,-1,04T36@2,BUYER,0,58,-1,-1,3
1030,OTHER,T07,58,3,10,6,-1,-1,SELLER,00T07@0,0,58,-1,-1,0
1022,T35,OTHER,58,1,43,6,-1,-1,05T35@2,BUYER,0,58,-1,-1,3
1063,OTHER,T07,59,2,10,7,-1,-1,SELLER,00T07@0,0,59,-1,-1,0
1078,T36,OTHER,59,4,43,-1,-1,-1,04T36@2,BUYER,0,-1,-1,-1,3
1072,OTHER,T35,59,5,10,7,-1,-1,SELLER,01T35@0,0,-1,-1,-1,0
1071,OTHER,T35,59,3,10,7,-1,-1,SELLER,01T35@0,0,-1,-1,-1,0
1068,T35,OTHER,59,2,43,7,-1,-1,05T35@2,BUYER,0,59,-1,-1,3
1064,OTHER,T35,59,1,10,7,-1,-1,SELLER,01T35@0,0,-1,-1,-1,0
1061,OTHER,T07,59,3,10,7,-1,-1,SELLER,00T07@0,0,59,-1,-1,0
1060,T35,OTHER,59,3,43,7,-1,-1,05T35@2,BUYER,0,59,-1,-1,3
1057,T35,OTHER,59,4,43,7,-1,-1,05T35@2,BUYER,0,59,-1,-1,3
1054,T36,OTHER,59,1,43,7,-1,-1,04T36@2,BUYER,0,59,-1,-1,3
1052,OTHER,T35,59,3,10,7,-1,-1,SELLER,01T35@0,0,-1,-1,-1,0
1051,T36,OTHER,59,1,43,7,-1,-1,04T36@2,BUYER,0,59,-1,-1,3
1049,T36,OTHER,59,5,43,7,-1,-1,04T36@2,BUYER,0,59,-1,-1,3
1062,OTHER,T07,59,3,10,7,-1,-1,SELLER,00T07@0,0,59,-1,-1,0
1108,T36,OTHER,60,1,43,-1,-1,-1,04T36@2,BUYER,0,-1,-1,-1,3
1106,T36,OTHER,60,4,43,-1,-1,-1,04T36@2,BUYER,0,-1,-1,-1,3
1104,OTHER,T35,60,3,10,8,-1,-1,SELLER,01T35@0,0,-1,-1,-1,0
1098,T35,OTHER,60,3,43,8,-1,-1,05T35@2,BUYER,0,60,-1,-1,3
1091,OTHER,T07,60,1,10,8,-1,-1,SELLER,00T07@0,0,60,-1,-1,0
1090,OTHER,T35,60,5,10,8,-1,-1,SELLER,01T35@0,0,-1,-1,-1,0
1087,T35,OTHER,60,4,43,8,-1,-1,05T35@2,BUYER,0,60,-1,-1,3
1086,OTHER,T07,60,3,10,8,-1,-1,SELLER,00T07@0,0,60,-1,-1,0
1085,T35,OTHER,60,1,43,8,-1,-1,05T35@2,BUYER,0,60,-1,-1,3
1084,T36,OTHER,60,4,43,8,-1,-1,04T36@2,BUYER,0,60,-1,-1,3
1082,T36,OTHER,60,3,43,8,-1,-1,04T36@2,BUYER,0,60,-1,-1,3
1080,OTHER,T35,60,5,10,8,-1,-1,SELLER,01T35@0,0,-1,-1,-1,0
1089,OTHER,T07,60,3,10,8,-1,-1,SELLER,00T07@0,0,60,-1,-1,0
1127,T35,OTHER,61,2,43,9,-1,-1,05T35@2,BUYER,0,61,-1,-1,3
1136,T36,OTHER,61,5,43,-1,-1,-1,04T36@2,BUYER,0,-1,-1,-1,3
1135,OTHER,T07,61,3,10,9,-1,-1,SELLER,00T07@0,0,61,-1,-1,0
1132,T35,OTHER,61,3,43,9,-1,-1,05T35@2,BUYER,0,61,-1,-1,3
1131,OTHER,T35,61,2,10,9,-1,-1,SELLER,01T35@0,0,-1,-1,-1,0
1128,OTHER,T35,61,1,10,9,-1,-1,SELLER,01T35@0,0,-1,-1,-1,0
1124,T35,OTHER,61,5,43,9,-1,-1,05T35@2,BUYER,0,61,-1,-1,3
1122,OTHER,T07,61,3,10,9,-1,-1,SELLER,00T07@0,0,61,-1,-1,0
1121,T35,OTHER,61,1,43,9,-1,-1,05T35@2,BUYER,0,61,-1,-1,3
1120,OTHER,T35,61,6,10,9,-1,-1,SELLER,01T35@0,0,-1,-1,-1,0
1118,T36,OTHER,61,3,43,9,-1,-1,04T36@2,BUYER,0,61,-1,-1,3
1117,OTHER,T07,61,3,10,9,-1,-1,SELLER,00T07@0,0,61,-1,-1,0
1113,OTHER,T07,61,1,10,9,-1,-1,SELLER,00T07@0,0,61,-1,-1,0
1111,OTHER,T35,61,1,10,9,-1,-1,SELLER,01T35@0,0,-1,-1,-1,0
1110,T36,OTHER,61,1,43,9,-1,-1,04T36@2,BUYER,0,61,-1,-1,3
1166,T36,OTHER,62,3,43,-1,-1,-1,04T36@2,BUYER,0,-1,-1,-1,3
1165,T36,OTHER,62,3,43,-1,-1,-1,04T36@2,BUYER,0,-1,-1,-1,3
1162,OTHER,T07,62,3,10,10,-1,-1,SELLER,00T07@0,0,62,-1,-1,0
1161,OTHER,T35,62,4,10,10,-1,-1,SELLER,01T35@0,0,-1,-1,-1,0
1160,T35,OTHER,62,3,43,10,-1,-1,05T35@2,BUYER,0,62,-1,-1,3
1154,T35,OTHER,62,3,43,10,-1,-1,05T35@2,BUYER,0,62,-1,-1,3
1153,OTHER,T35,62,1,10,10,-1,-1,SELLER,01T35@0,0,-1,-1,-1,0
1152,T36,OTHER,62,3,43,10,-1,-1,04T36@2,BUYER,0,62,-1,-1,3
1149,OTHER,T35,62,6,10,10,-1,-1,SELLER,01T35@0,0,-1,-1,-1,0
1148,OTHER,T07,62,2,10,10,-1,-1,SELLER,00T07@0,0,62,-1,-1,0
1145,T35,OTHER,62,2,43,10,-1,-1,05T35@2,BUYER,0,62,-1,-1,3
1143,T36,OTHER,62,3,43,10,-1,-1,04T36@2,BUYER,0,62,-1,-1,3
1142,OTHER,T35,62,1,10,10,-1,-1,SELLER,01T35@0,0,-1,-1,-1,0
1138,OTHER,T07,62,3,10,10,-1,-1,SELLER,00T07@0,0,62,-1,-1,0
1195,T36,OTHER,63,4,43,-1,-1,-1,04T36@2,BUYER,0,-1,-1,-1,3
1190,OTHER,T07,63,2,10,11,-1,-1,SELLER,00T07@0,0,63,-1,-1,0
1189,T35,OTHER,63,3,43,11,-1,-1,05T35@2,BUYER,0,63,-1,-1,3
1186,OTHER,T07,63,3,10,11,-1,-1,SELLER,00T07@0,0,63,-1,-1,0
1185,OTHER,T35,63,1,10,11,-1,-1,SELLER,01T35@0,0,-1,-1,-1,0
1181,T36,OTHER,63,3,43,11,-1,-1,04T36@2,BUYER,0,63,-1,-1,3
1180,T35,OTHER,63,5,43,11,-1,-1,05T35@2,BUYER,0,63,-1,-1,3
1171,OTHER,T35,63,3,10,11,-1,-1,SELLER,01T35@0,0,-1,-1,-1,0
1177,T35,OTHER,63,3,43,11,-1,-1,05T35@2,BUYER,0,63,-1,-1,3
1176,OTHER,T35,63,1,10,11,-1,-1,SELLER,01T35@0,0,-1,-1,-1,0
1174,OTHER,T35,63,6,10,11,-1,-1,SELLER,01T35@0,0,-1,-1,-1,0
1170,T36,OTHER,63,1,43,11,-1,-1,04T36@2,BUYER,0,63,-1,-1,3
1167,T35,OTHER,63,1,43,11,-1,-1,05T35@2,BUYER,0,63,-1,-1,3
1179,OTHER,T07,63,4,10,11,-1,-1,SELLER,00T07@0,0,63,-1,-1,0
1223,T36,OTHER,64,3,43,-1,-1,-1,04T36@2,BUYER,0,-1,-1,-1,3
1215,T35,OTHER,64,3,43,12,-1,-1,05T35@2,BUYER,0,64,-1,-1,3
1212,OTHER,T35,64,2,10,12,-1,-1,SELLER,01T35@0,0,-1,-1,-1,0
1202,OTHER,T07,64,1,10,12,-1,-1,SELLER,00T07@0,0,64,-1,-1,0
1209,OTHER,T07,64,4,10,12,-1,-1,SELLER,00T07@0,0,64,-1,-1,0
1205,T36,OTHER,64,4,43,12,-1,-1,04T36@2,BUYER,0,64,-1,-1,3
1204,OTHER,T35,64,3,10,12,-1,-1,SELLER,01T35@0,0,-1,-1,-1,0
1203,T35,OTHER,64,1,43,12,-1,-1,05T35@2,BUYER,0,64,-1,-1,3
1220,OTHER,T07,64,5,10,12,-1,-1,SELLER,00T07@0,0,64,-1,-1,0
1199,OTHER,T07,64,1,10,12,-1,-1,SELLER,00T07@0,0,64,-1,-1,0
1222,T36,OTHER,64,2,43,-1,-1,-1,04T36@2,BUYER,0,-1,-1,-1,3
1198,T35,OTHER,64,3,43,12,-1,-1,05T35@2,BUYER,0,64,-1,-1,3
1197,OTHER,T35,64,4,10,12,-1,-1,SELLER,01T35@0,0,-1,-1,-1,0
1196,T35,OTHER,64,4,43,12,-1,-1,05T35@2,BUYER,0,64,-1,-1,3
1250,OTHER,T07,65,1,10,13,-1,-1,SELLER,00T07@0,0,65,-1,-1,0
1252,T36,OTHER,65,3,43,-1,-1,-1,04T36@2,BUYER,0,-1,-1,-1,3
1248,T35,OTHER,65,4,43,13,-1,-1,05T35@2,BUYER,0,65,-1,-1,3
1245,OTHER,T07,65,5,10,13,-1,-1,SELLER,00T07@0,0,65,-1,-1,0
1232,T35,OTHER,65,2,43,13,-1,-1,05T35@2,BUYER,0,65,-1,-1,3
1244,T36,OTHER,65,2,43,13,-1,-1,04T36@2,BUYER,0,65,-1,-1,3
1231,T35,OTHER,65,1,43,13,-1,-1,05T35@2,BUYER,0,65,-1,-1,3
1243,T35,OTHER,65,3,43,13,-1,-1,05T35@2,BUYER,0,65,-1,-1,3
1227,OTHER,T07,65,1,10,13,-1,-1,SELLER,00T07@0,0,65,-1,-1,0
1240,OTHER,T35,65,1,10,13,-1,-1,SELLER,01T35@0,0,-1,-1,-1,0
1241,OTHER,T07,65,4,10,13,-1,-1,SELLER,00T07@0,0,65,-1,-1,0
1249,OTHER,T35,65,5,10,13,-1,-1,SELLER,01T35@0,0,-1,-1,-1,0
1242,T36,OTHER,65,2,43,13,-1,-1,04T36@2,BUYER,0,65,-1,-1,3
1233,T36,OTHER,65,3,43,13,-1,-1,04T36@2,BUYER,0,65,-1,-1,3
1238,OTHER,T07,65,3,10,13,-1,-1,SELLER,00T07@0,0,65,-1,-1,0
1267,T35,OTHER,66,3,43,14,-1,-1,05T35@2,BUYER,0,66,-1,-1,3
1255,OTHER,T35,66,2,10,14,-1,-1,SELLER,01T35@0,0,-1,-1,-1,0
1256,OTHER,T07,66,2,10,14,-1,-1,SELLER,00T07@0,0,66,-1,-1,0
1257,T35,OTHER,66,3,43,14,-1,-1,05T35@2,BUYER,0,66,-1,-1,3
1260,OTHER,T35,66,2,10,14,-1,-1,SELLER,01T35@0,0,-1,-1,-1,0
1261,OTHER,T07,66,3,10,14,-1,-1,SELLER,00T07@0,0,66,-1,-1,0
1262,OTHER,T07,66,5,10,14,-1,-1,SELLER,00T07@0,0,66,-1,-1,0
1265,OTHER,T35,66,3,10,14,-1,-1,SELLER,01T35@0,0,-1,-1,-1,0
1271,T35,OTHER,66,2,43,14,-1,-1,05T35@2,BUYER,0,66,-1,-1,3
1274,OTHER,T35,66,3,10,14,-1,-1,SELLER,01T35@0,0,-1,-1,-1,0
1275,T35,OTHER,66,3,43,14,-1,-1,05T35@2,BUYER,0,66,-1,-1,3
1279,T36,OTHER,66,9,43,-1,-1,-1,04T36@2,BUYER,0,-1,-1,-1,3
1291,T36,OTHER,67,5,43,15,-1,-1,04T36@2,BUYER,0,67,-1,-1,3
1289,T36,OTHER,67,4,43,15,-1,-1,04T36@2,BUYER,0,67,-1,-1,3
1287,T35,OTHER,67,2,43,15,-1,-1,05T35@2,BUYER,0,67,-1,-1,3
1281,OTHER,T07,67,5,10,15,-1,-1,SELLER,00T07@0,0,67,-1,-1,0
1295,T35,OTHER,67,4,43,15,-1,-1,05T35@2,BUYER,0,67,-1,-1,3
1282,T35,OTHER,67,4,43,15,-1,-1,05T35@2,BUYER,0,67,-1,-1,3
1296,OTHER,T07,67,2,10,15,-1,-1,SELLER,00T07@0,0,67,-1,-1,0
1297,T35,OTHER,67,1,43,15,-1,-1,05T35@2,BUYER,0,67,-1,-1,3
1300,OTHER,T35,67,3,10,15,-1,-1,SELLER,01T35@0,0,-1,-1,-1,0
1303,OTHER,T35,67,1,10,15,-1,-1,SELLER,01T35@0,0,-1,-1,-1,0
1305,OTHER,T35,67,1,10,15,-1,-1,SELLER,01T35@0,0,-1,-1,-1,0
1306,OTHER,T35,67,5,10,15,-1,-1,SELLER,01T35@0,0,-1,-1,-1,0
1299,OTHER,T07,67,3,10,15,-1,-1,SELLER,00T07@0,0,67,-1,-1,0
1330,OTHER,T35,68,1,10,16,-1,-1,SELLER,01T35@0,0,-1,-1,-1,0
1338,T36,OTHER,68,6,43,-1,-1,-1,04T36@2,BUYER,0,-1,-1,-1,3
1337,T35,OTHER,68,6,43,16,-1,-1,05T35@2,BUYER,0,68,-1,-1,3
1328,T36,OTHER,68,1,43,16,-1,-1,04T36@2,BUYER,0,68,-1,-1,3
1326,OTHER,T07,68,3,10,16,-1,-1,SELLER,00T07@0,0,68,-1,-1,0
1324,OTHER,T07,68,2,10,16,-1,-1,SELLER,00T07@0,0,68,-1,-1,0
1321,T35,OTHER,68,3,43,16,-1,-1,05T35@2,BUYER,0,68,-1,-1,3
1319,OTHER,T35,68,5,10,16,-1,-1,SELLER,01T35@0,0,-1,-1,-1,0
1318,OTHER,T35,68,1,10,16,-1,-1,SELLER,01T35@0,0,-1,-1,-1,0
1314,OTHER,T35,68,5,10,16,-1,-1,SELLER,01T35@0,0,-1,-1,-1,0
1313,OTHER,T35,68,3,10,16,-1,-1,SELLER,01T35@0,0,-1,-1,-1,0
1312,T36,OTHER,68,4,43,16,-1,-1,04T36@2,BUYER,0,68,-1,-1,3
1371,T36,OTHER,69,3,43,-1,-1,-1,04T36@2,BUYER,0,-1,-1,-1,3
1348,OTHER,T07,69,2,10,17,-1,-1,SELLER,00T07@0,0,69,-1,-1,0
1370,T36,OTHER,69,4,43,-1,-1,-1,04T36@2,BUYER,0,-1,-1,-1,3
1364,T35,OTHER,69,1,43,17,-1,-1,05T35@2,BUYER,0,69,-1,-1,3
1363,T35,OTHER,69,6,43,17,-1,-1,05T35@2,BUYER,0,69,-1,-1,3
1362,OTHER,T07,69,3,10,17,-1,-1,SELLER,00T07@0,0,69,-1,-1,0
1359,OTHER,T07,69,4,10,17,-1,-1,SELLER,00T07@0,0,69,-1,-1,0
1352,T35,OTHER,69,1,43,17,-1,-1,05T35@2,BUYER,0,69,-1,-1,3
1355,T36,OTHER,69,1,43,17,-1,-1,04T36@2,BUYER,0,69,-1,-1,3
1354,OTHER,T35,69,3,10,17,-1,-1,SELLER,01T35@0,0,-1,-1,-1,0
1350,T35,OTHER,69,2,43,17,-1,-1,05T35@2,BUYER,0,69,-1,-1,3
1342,OTHER,T07,69,3,10,17,-1,-1,SELLER,00T07@0,0,69,-1,-1,0
1353,OTHER,T35,69,2,10,17,-1,-1,SELLER,01T35@0,0,-1,-1,-1,0
1344,T36,OTHER,69,2,43,17,-1,-1,04T36@2,BUYER,0,69,-1,-1,3
1357,OTHER,T07,69,1,10,17,-1,-1,SELLER,00T07@0,0,69,-1,-1,0
1346,OTHER,T35,69,2,10,17,-1,-1,SELLER,01T35@0,0,-1,-1,-1,0
1397,OTHER,T35,70,4,10,18,-1,-1,SELLER,01T35@0,0,-1,-1,-1,0
1394,OTHER,T35,70,2,10,18,-1,-1,SELLER,01T35@0,0,-1,-1,-1,0
1380,OTHER,T35,70,2,10,18,-1,-1,SELLER,01T35@0,0,-1,-1,-1,0
1382,OTHER,T07,70,6,10,18,-1,-1,SELLER,00T07@0,0,70,-1,-1,0
1383,T35,OTHER,70,2,43,18,-1,-1,05T35@2,BUYER,0,70,-1,-1,3
1385,T35,OTHER,70,4,43,18,-1,-1,05T35@2,BUYER,0,70,-1,-1,3
1387,OTHER,T07,70,2,10,18,-1,-1,SELLER,00T07@0,0,70,-1,-1,0
1390,OTHER,T07,70,3,10,18,-1,-1,SELLER,00T07@0,0,70,-1,-1,0
1402,T36,OTHER,70,1,43,-1,-1,-1,04T36@2,BUYER,0,-1,-1,-1,3
1391,OTHER,T07,70,1,10,18,-1,-1,SELLER,00T07@0,0,70,-1,-1,0
1392,T36,OTHER,70,3,43,18,-1,-1,04T36@2,BUYER,0,70,-1,-1,3
1399,T36,OTHER,70,5,43,-1,-1,-1,04T36@2,BUYER,0,-1,-1,-1,3
1373,T36,OTHER,70,4,43,18,-1,-1,04T36@2,BUYER,0,70,-1,-1,3
1393,T36,OTHER,70,1,43,18,-1,-1,04T36@2,BUYER,0,70,-1,-1,3
1419,T35,OTHER,71,2,43,19,-1,-1,05T35@2,BUYER,0,71,-1,-1,3
1416,T35,OTHER,71,2,43,19,-1,-1,05T35@2,BUYER,0,71,-1,-1,3
1423,OTHER,T35,71,5,10,19,-1,-1,SELLER,01T35@0,0,-1,-1,-1,0
1405,T35,OTHER,71,4,43,19,-1,-1,05T35@2,BUYER,0,71,-1,-1,3
1406,OTHER,T07,71,3,10,19,-1,-1,SELLER,00T07@0,0,71,-1,-1,0
1407,OTHER,T07,71,2,10,19,-1,-1,SELLER,00T07@0,0,71,-1,-1,0
1422,T35,OTHER,71,4,43,19,-1,-1,05T35@2,BUYER,0,71,-1,-1,3
1409,OTHER,T07,71,4,10,19,-1,-1,SELLER,00T07@0,0,71,-1,-1,0
1413,OTHER,T35,71,1,10,19,-1,-1,SELLER,01T35@0,0,-1,-1,-1,0
1414,T36,OTHER,71,4,43,19,-1,-1,04T36@2,BUYER,0,71,-1,-1,3
1424,OTHER,T35,71,3,10,19,-1,-1,SELLER,01T35@0,0,-1,-1,-1,0
1426,OTHER,T07,71,2,10,19,-1,-1,SELLER,00T07@0,0,71,-1,-1,0
1420,T35,OTHER,71,2,43,19,-1,-1,05T35@2,BUYER,0,71,-1,-1,3
1431,T36,OTHER,71,2,43,-1,-1,-1,04T36@2,BUYER,0,-1,-1,-1,3
1451,OTHER,T07,72,4,10,20,-1,-1,SELLER,00T07@0,0,72,-1,-1,0
1452,T35,OTHER,72,5,43,20,-1,-1,05T35@2,BUYER,0,72,-1,-1,3
1457,OTHER,T35,72,3,10,20,-1,-1,SELLER,01T35@0,0,-1,-1,-1,0
1458,T35,OTHER,72,1,43,20,-1,-1,05T35@2,BUYER,0,72,-1,-1,3
1460,OTHER,T07,72,3,10,20,-1,-1,SELLER,00T07@0,0,72,-1,-1,0
1461,T35,OTHER,72,2,43,20,-1,-1,05T35@2,BUYER,0,72,-1,-1,3
1449,OTHER,T07,72,1,10,20,-1,-1,SELLER,00T07@0,0,72,-1,-1,0
1453,OTHER,T35,72,3,10,20,-1,-1,SELLER,01T35@0,0,-1,-1,-1,0
1462,OTHER,T07,72,2,10,20,-1,-1,SELLER,00T07@0,0,72,-1,-1,0
1439,T35,OTHER,72,4,43,20,-1,-1,05T35@2,BUYER,0,72,-1,-1,3
1438,T36,OTHER,72,1,43,20,-1,-1,04T36@2,BUYER,0,72,-1,-1,3
1464,T36,OTHER,72,3,43,-1,-1,-1,04T36@2,BUYER,0,-1,-1,-1,3
1435,OTHER,T35,72,1,10,20,-1,-1,SELLER,01T35@0,0,-1,-1,-1,0
1434,T36,OTHER,72,3,43,20,-1,-1,04T36@2,BUYER,0,72,-1,-1,3
1442,OTHER,T35,72,3,10,20,-1,-1,SELLER,01T35@0,0,-1,-1,-1,0
1456,T35,OTHER,72,1,43,20,-1,-1,05T35@2,BUYER,0,72,-1,-1,3
1483,T35,OTHER,73,1,43,21,-1,-1,05T35@2,BUYER,0,73,-1,-1,3
1465,T36,OTHER,73,5,43,21,-1,-1,04T36@2,BUYER,0,73,-1,-1,3
1486,OTHER,T35,73,2,10,21,-1,-1,SELLER,01T35@0,0,-1,-1,-1,0
1479,T36,OTHER,73,1,43,21,-1,-1,04T36@2,BUYER,0,73,-1,-1,3
1468,T35,OTHER,73,2,43,21,-1,-1,05T35@2,BUYER,0,73,-1,-1,3
1478,OTHER,T35,73,3,10,21,-1,-1,SELLER,01T35@0,0,-1,-1,-1,0
1474,OTHER,T07,73,4,10,21,-1,-1,SELLER,00T07@0,0,73,-1,-1,0
1475,OTHER,T35,73,3,10,21,-1,-1,SELLER,01T35@0,0,-1,-1,-1,0
1476,T35,OTHER,73,4,43,21,-1,-1,05T35@2,BUYER,0,73,-1,-1,3
1487,OTHER,T35,73,3,10,21,-1,-1,SELLER,01T35@0,0,-1,-1,-1,0
1491,T36,OTHER,73,1,43,-1,-1,-1,04T36@2,BUYER,0,-1,-1,-1,3
1477,OTHER,T07,73,2,10,21,-1,-1,SELLER,00T07@0,0,73,-1,-1,0
1492,T36,OTHER,73,3,43,-1,-1,-1,04T36@2,BUYER,0,-1,-1,-1,3
1466,T35,OTHER,73,3,43,21,-1,-1,05T35@2,BUYER,0,73,-1,-1,3
1480,OTHER,T07,73,3,10,21,-1,-1,SELLER,00T07@0,0,73,-1,-1,0
1520,T36,OTHER,74,3,43,-1,-1,-1,04T36@2,BUYER,0,-1,-1,-1,3
1505,T35,OTHER,74,3,43,22,-1,-1,05T35@2,BUYER,0,74,-1,-1,3
1501,T35,OTHER,74,3,43,22,-1,-1,05T35@2,BUYER,0,74,-1,-1,3
1500,T36,OTHER,74,3,43,22,-1,-1,04T36@2,BUYER,0,74,-1,-1,3
1512,OTHER,T35,74,3,10,22,-1,-1,SELLER,01T35@0,0,-1,-1,-1,0
1493,OTHER,T35,74,4,10,22,-1,-1,SELLER,01T35@0,0,-1,-1,-1,0
1494,OTHER,T07,74,1,10,22,-1,-1,SELLER,00T07@0,0,74,-1,-1,0
1509,T35,OTHER,74,2,43,22,-1,-1,05T35@2,BUYER,0,74,-1,-1,3
1498,OTHER,T07,74,4,10,22,-1,-1,SELLER,00T07@0,0,74,-1,-1,0
1508,T36,OTHER,74,2,43,22,-1,-1,04T36@2,BUYER,0,74,-1,-1,3
1507,OTHER,T07,74,7,10,22,-1,-1,SELLER,00T07@0,0,74,-1,-1,0
1496,OTHER,T35,74,1,10,22,-1,-1,SELLER,01T35@0,0,-1,-1,-1,0
1502,T35,OTHER,74,4,43,22,-1,-1,05T35@2,BUYER,0,74,-1,-1,3
1540,OTHER,T07,75,5,10,23,-1,-1,SELLER,00T07@0,0,75,-1,-1,0
1542,T35,OTHER,75,3,43,23,-1,-1,05T35@2,BUYER,0,75,-1,-1,3
1543,OTHER,T35,75,5,10,23,-1,-1,SELLER,01T35@0,0,-1,-1,-1,0
1544,T36,OTHER,75,1,43,23,-1,-1,04T36@2,BUYER,0,75,-1,-1,3
1521,OTHER,T35,75,4,10,23,-1,-1,SELLER,01T35@0,0,-1,-1,-1,0
1535,OTHER,T07,75,2,10,23,-1,-1,SELLER,00T07@0,0,75,-1,-1,0
1537,T35,OTHER,75,2,43,23,-1,-1,05T35@2,BUYER,0,75,-1,-1,3
1531,T36,OTHER,75,1,43,23,-1,-1,04T36@2,BUYER,0,75,-1,-1,3
1530,T35,OTHER,75,1,43,23,-1,-1,05T35@2,BUYER,0,75,-1,-1,3
1527,OTHER,T07,75,4,10,23,-1,-1,SELLER,00T07@0,0,75,-1,-1,0
1526,T35,OTHER,75,4,43,23,-1,-1,05T35@2,BUYER,0,75,-1,-1,3
1525,T35,OTHER,75,3,43,23,-1,-1,05T35@2,BUYER,0,75,-1,-1,3
1545,T36,OTHER,75,5,43,-1,-1,-1,04T36@2,BUYER,0,-1,-1,-1,3
1558,OTHER,T35,76,3,10,24,-1,-1,SELLER,01T35@0,0,-1,-1,-1,0
1556,T36,OTHER,76,3,43,24,-1,-1,04T36@2,BUYER,0,76,-1,-1,3
1564,OTHER,T35,76,2,10,24,-1,-1,SELLER,01T35@0,0,-1,-1,-1,0
1570,OTHER,T35,76,2,10,24,-1,-1,SELLER,01T35@0,0,-1,-1,-1,0
1546,T35,OTHER,76,5,43,24,-1,-1,05T35@2,BUYER,0,76,-1,-1,3
1560,T35,OTHER,76,5,43,24,-1,-1,05T35@2,BUYER,0,76,-1,-1,3
1548,T36,OTHER,76,4,43,24,-1,-1,04T36@2,BUYER,0,76,-1,-1,3
1568,OTHER,T07,76,1,10,24,-1,-1,SELLER,00T07@0,0,76,-1,-1,0
1567,OTHER,T35,76,4,10,24,-1,-1,SELLER,01T35@0,0,-1,-1,-1,0
1561,T36,OTHER,76,1,43,24,-1,-1,04T36@2,BUYER,0,76,-1,-1,3
1566,OTHER,T07,76,4,10,24,-1,-1,SELLER,00T07@0,0,76,-1,-1,0
1565,T35,OTHER,76,1,43,24,-1,-1,05T35@2,BUYER,0,76,-1,-1,3
1551,OTHER,T07,76,4,10,24,-1,-1,SELLER,00T07@0,0,76,-1,-1,0
1555,T35,OTHER,76,1,43,24,-1,-1,05T35@2,BUYER,0,76,-1,-1,3
1586,OTHER,T07,77,5,10,25,-1,-1,SELLER,00T07@0,0,77,-1,-1,0
1587,T35,OTHER,77,6,43,25,-1,-1,05T35@2,BUYER,0,77,-1,-1,3
1589,T35,OTHER,77,1,43,25,-1,-1,05T35@2,BUYER,0,77,-1,-1,3
1590,T36,OTHER,77,1,43,25,-1,-1,04T36@2,BUYER,0,77,-1,-1,3
1574,OTHER,T35,77,2,10,25,-1,-1,SELLER,01T35@0,0,-1,-1,-1,0
1593,OTHER,T07,77,3,10,25,-1,-1,SELLER,00T07@0,0,77,-1,-1,0
1594,T36,OTHER,77,4,43,25,-1,-1,04T36@2,BUYER,0,77,-1,-1,3
1575,OTHER,T35,77,1,10,25,-1,-1,SELLER,01T35@0,0,-1,-1,-1,0
1582,OTHER,T07,77,2,10,25,-1,-1,SELLER,00T07@0,0,77,-1,-1,0
1581,OTHER,T35,77,5,10,25,-1,-1,SELLER,01T35@0,0,-1,-1,-1,0
1578,T35,OTHER,77,3,43,25,-1,-1,05T35@2,BUYER,0,77,-1,-1,3
1577,OTHER,T35,77,2,10,25,-1,-1,SELLER,01T35@0,0,-1,-1,-1,0
1592,T35,OTHER,77,2,43,25,-1,-1,05T35@2,BUYER,0,77,-1,-1,3
1583,T35,OTHER,77,3,43,25,-1,-1,05T35@2,BUYER,0,77,-1,-1,3
1609,OTHER,T07,78,4,10,26,-1,-1,SELLER,00T07@0,0,78,-1,-1,0
1600,OTHER,T07,78,1,10,26,-1,-1,SELLER,00T07@0,0,78,-1,-1,0
1599,OTHER,T35,78,5,10,26,-1,-1,SELLER,01T35@0,0,-1,-1,-1,0
1623,T36,OTHER,78,3,43,-1,-1,-1,04T36@2,BUYER,0,-1,-1,-1,3
1619,OTHER,T35,78,1,10,26,-1,-1,SELLER,01T35@0,0,-1,-1,-1,0
1618,T35,OTHER,78,2,43,26,-1,-1,05T35@2,BUYER,0,78,-1,-1,3
1612,OTHER,T35,78,1,10,26,-1,-1,SELLER,01T35@0,0,-1,-1,-1,0
1611,T35,OTHER,78,4,43,26,-1,-1,05T35@2,BUYER,0,78,-1,-1,3
1613,OTHER,T07,78,2,10,26,-1,-1,SELLER,00T07@0,0,78,-1,-1,0
1608,OTHER,T35,78,3,10,26,-1,-1,SELLER,01T35@0,0,-1,-1,-1,0
1605,T36,OTHER,78,2,43,26,-1,-1,04T36@2,BUYER,0,78,-1,-1,3
1604,T35,OTHER,78,2,43,26,-1,-1,05T35@2,BUYER,0,78,-1,-1,3
1603,T36,OTHER,78,4,43,26,-1,-1,04T36@2,BUYER,0,78,-1,-1,3
1601,T35,OTHER,78,3,43,26,-1,-1,05T35@2,BUYER,0,78,-1,-1,3
1610,OTHER,T07,78,3,10,26,-1,-1,SELLER,00T07@0,0,78,-1,-1,0
1642,OTHER,T07,79,2,10,27,-1,-1,SELLER,00T07@0,0,79,-1,-1,0
1651,T36,OTHER,79,5,43,-1,-1,-1,04T36@2,BUYER,0,-1,-1,-1,3
1650,T35,OTHER,79,4,43,27,-1,-1,05T35@2,BUYER,0,79,-1,-1,3
1647,T35,OTHER,79,2,43,27,-1,-1,05T35@2,BUYER,0,79,-1,-1,3
1644,OTHER,T07,79,3,10,27,-1,-1,SELLER,00T07@0,0,79,-1,-1,0
1634,OTHER,T35,79,4,10,27,-1,-1,SELLER,01T35@0,0,-1,-1,-1,0
1628,T35,OTHER,79,4,43,27,-1,-1,05T35@2,BUYER,0,79,-1,-1,3
1631,OTHER,T35,79,2,10,27,-1,-1,SELLER,01T35@0,0,-1,-1,-1,0
1630,OTHER,T07,79,2,10,27,-1,-1,SELLER,00T07@0,0,79,-1,-1,0
1627,T36,OTHER,79,1,43,27,-1,-1,04T36@2,BUYER,0,79,-1,-1,3
1626,T35,OTHER,79,1,43,27,-1,-1,05T35@2,BUYER,0,79,-1,-1,3
1625,OTHER,T35,79,4,10,27,-1,-1,SELLER,01T35@0,0,-1,-1,-1,0
1624,T36,OTHER,79,3,43,27,-1,-1,04T36@2,BUYER,0,79,-1,-1,3
1633,OTHER,T35,79,3,10,27,-1,-1,SELLER,01T35@0,0,-1,-1,-1,0
1677,OTHER,T07,80,2,10,28,-1,-1,SELLER,00T07@0,0,80,-1,-1,0
1683,T36,OTHER,80,2,43,-1,-1,-1,04T36@2,BUYER,0,-1,-1,-1,3
1682,T36,OTHER,80,3,43,-1,-1,-1,04T36@2,BUYER,0,-1,-1,-1,3
1680,OTHER,T35,80,3,10,28,-1,-1,SELLER,01T35@0,0,-1,-1,-1,0
1679,OTHER,T35,80,2,10,28,-1,-1,SELLER,01T35@0,0,-1,-1,-1,0
1678,OTHER,T07,80,4,10,28,-1,-1,SELLER,00T07@0,0,80,-1,-1,0
1675,OTHER,T35,80,1,10,28,-1,-1,SELLER,01T35@0,0,-1,-1,-1,0
1665,T35,OTHER,80,3,43,28,-1,-1,05T35@2,BUYER,0,80,-1,-1,3
1672,T36,OTHER,80,3,43,28,-1,-1,04T36@2,BUYER,0,80,-1,-1,3
1670,OTHER,T07,80,1,10,28,-1,-1,SELLER,00T07@0,0,80,-1,-1,0
1669,T35,OTHER,80,1,43,28,-1,-1,05T35@2,BUYER,0,80,-1,-1,3
1668,T36,OTHER,80,2,43,28,-1,-1,04T36@2,BUYER,0,80,-1,-1,3
1666,T35,OTHER,80,2,43,28,-1,-1,05T35@2,BUYER,0,80,-1,-1,3
1659,T35,OTHER,80,4,43,28,-1,-1,05T35@2,BUYER,0,80,-1,-1,3
1658,OTHER,T35,80,2,10,28,-1,-1,SELLER,01T35@0,0,-1,-1,-1,0
1673,OTHER,T35,80,5,10,28,-1,-1,SELLER,01T35@0,0,-1,-1,-1,0
1708,T36,OTHER,81,4,43,-1,-1,-1,04T36@2,BUYER,0,-1,-1,-1,3
1707,T36,OTHER,81,1,43,-1,-1,-1,04T36@2,BUYER,0,-1,-1,-1,3
1705,T35,OTHER,81,3,43,29,-1,-1,05T35@2,BUYER,0,81,-1,-1,3
1704,OTHER,T35,81,2,10,29,-1,-1,SELLER,01T35@0,0,-1,-1,-1,0
1702,OTHER,T07,81,2,10,29,-1,-1,SELLER,00T07@0,0,81,-1,-1,0
1700,OTHER,T35,81,3,10,29,-1,-1,SELLER,01T35@0,0,-1,-1,-1,0
1694,T35,OTHER,81,2,43,29,-1,-1,05T35@2,BUYER,0,81,-1,-1,3
1697,OTHER,T07,81,4,10,29,-1,-1,SELLER,00T07@0,0,81,-1,-1,0
1696,T36,OTHER,81,3,43,29,-1,-1,04T36@2,BUYER,0,81,-1,-1,3
1691,OTHER,T07,81,5,10,29,-1,-1,SELLER,00T07@0,0,81,-1,-1,0
1689,OTHER,T07,81,2,10,29,-1,-1,SELLER,00T07@0,0,81,-1,-1,0
1687,T35,OTHER,81,2,43,29,-1,-1,05T35@2,BUYER,0,81,-1,-1,3
1684,OTHER,T35,81,2,10,29,-1,-1,SELLER,01T35@0,0,-1,-1,-1,0
1698,T35,OTHER,81,3,43,29,-1,-1,05T35@2,BUYER,0,81,-1,-1,3
1709,T36,OTHER,81,2,43,-1,-1,-1,04T36@2,BUYER,0,-1,-1,-1,3
1717,T35,OTHER,82,4,43,30,-1,-1,05T35@2,BUYER,0,82,-1,-1,3
1729,T36,OTHER,82,1,43,30,-1,-1,04T36@2,BUYER,0,82,-1,-1,3
1713,T35,OTHER,82,4,43,30,-1,-1,05T35@2,BUYER,0,82,-1,-1,3
1715,T36,OTHER,82,2,43,30,-1,-1,04T36@2,BUYER,0,82,-1,-1,3
1719,OTHER,T35,82,3,10,30,-1,-1,SELLER,01T35@0,0,-1,-1,-1,0
1720,OTHER,T07,82,3,10,30,-1,-1,SELLER,00T07@0,0,82,-1,-1,0
1723,OTHER,T35,82,3,10,30,-1,-1,SELLER,01T35@0,0,-1,-1,-1,0
1724,OTHER,T07,82,3,10,30,-1,-1,SELLER,00T07@0,0,82,-1,-1,0
1726,OTHER,T07,82,3,10,30,-1,-1,SELLER,00T07@0,0,82,-1,-1,0
1732,OTHER,T35,82,1,10,30,-1,-1,SELLER,01T35@0,0,-1,-1,-1,0
1733,T36,OTHER,82,7,43,-1,-1,-1,04T36@2,BUYER,0,-1,-1,-1,3
1727,T35,OTHER,82,2,43,30,-1,-1,05T35@2,BUYER,0,82,-1,-1,3
1731,OTHER,T07,82,3,10,30,-1,-1,SELLER,00T07@0,0,82,-1,-1,0
1728,OTHER,T07,82,1,10,30,-1,-1,SELLER,00T07@0,0,82,-1,-1,0
1745,OTHER,T35,83,2,10,31,-1,-1,SELLER,01T35@0,0,-1,-1,-1,0
1736,T36,OTHER,83,4,43,31,-1,-1,04T36@2,BUYER,0,83,-1,-1,3
1750,T35,OTHER,83,4,43,31,-1,-1,05T35@2,BUYER,0,83,-1,-1,3
1744,OTHER,T07,83,4,10,31,-1,-1,SELLER,00T07@0,0,83,-1,-1,0
1747,OTHER,T07,83,3,10,31,-1,-1,SELLER,00T07@0,0,83,-1,-1,0
1762,OTHER,T07,83,2,10,31,-1,-1,SELLER,00T07@0,0,83,-1,-1,0
1752,T36,OTHER,83,2,43,31,-1,-1,04T36@2,BUYER,0,83,-1,-1,3
1758,OTHER,T07,83,3,10,31,-1,-1,SELLER,00T07@0,0,83,-1,-1,0
1748,OTHER,T35,83,4,10,31,-1,-1,SELLER,01T35@0,0,-1,-1,-1,0
1741,OTHER,T07,83,1,10,31,-1,-1,SELLER,00T07@0,0,83,-1,-1,0
1755,T35,OTHER,83,2,43,31,-1,-1,05T35@2,BUYER,0,83,-1,-1,3
1749,OTHER,T35,83,1,10,31,-1,-1,SELLER,01T35@0,0,-1,-1,-1,0
1754,T36,OTHER,83,2,43,31,-1,-1,04T36@2,BUYER,0,83,-1,-1,3
1759,T35,OTHER,83,3,43,31,-1,-1,05T35@2,BUYER,0,83,-1,-1,3
1763,T36,OTHER,83,3,43,-1,-1,-1,04T36@2,BUYER,0,-1,-1,-1,3
1764,T36,OTHER,84,3,43,32,-1,-1,04T36@2,BUYER,0,84,-1,-1,3
1771,OTHER,T07,84,2,10,32,-1,-1,SELLER,00T07@0,0,84,-1,-1,0
1774,T35,OTHER,84,2,43,32,-1,-1,05T35@2,BUYER,0,84,-1,-1,3
1775,OTHER,T35,84,3,10,32,-1,-1,SELLER,01T35@0,0,-1,-1,-1,0
1779,OTHER,T07,84,4,10,32,-1,-1,SELLER,00T07@0,0,84,-1,-1,0
1782,OTHER,T07,84,4,10,32,-1,-1,SELLER,00T07@0,0,84,-1,-1,0
1784,OTHER,T35,84,2,10,32,-1,-1,SELLER,01T35@0,0,-1,-1,-1,0
1786,OTHER,T07,84,2,10,32,-1,-1,SELLER,00T07@0,0,84,-1,-1,0
1789,T35,OTHER,84,3,43,32,-1,-1,05T35@2,BUYER,0,84,-1,-1,3
1790,T36,OTHER,84,3,43,-1,-1,-1,04T36@2,BUYER,0,-1,-1,-1,3
1791,T36,OTHER,84,5,43,-1,-1,-1,04T36@2,BUYER,0,-1,-1,-1,3
1769,OTHER,T35,84,3,10,32,-1,-1,SELLER,01T35@0,0,-1,-1,-1,0
1778,T36,OTHER,84,1,43,32,-1,-1,04T36@2,BUYER,0,84,-1,-1,3
1767,T35,OTHER,84,3,43,32,-1,-1,05T35@2,BUYER,0,84,-1,-1,3
1816,T36,OTHER,85,3,43,-1,-1,-1,04T36@2,BUYER,0,-1,-1,-1,3
1801,OTHER,T35,85,5,10,33,-1,-1,SELLER,01T35@0,0,-1,-1,-1,0
1814,OTHER,T35,85,1,10,33,-1,-1,SELLER,01T35@0,0,-1,-1,-1,0
1802,T35,OTHER,85,3,43,33,-1,-1,05T35@2,BUYER,0,85,-1,-1,3
1804,OTHER,T07,85,2,10,33,-1,-1,SELLER,00T07@0,0,85,-1,-1,0
1800,OTHER,T07,85,2,10,33,-1,-1,SELLER,00T07@0,0,85,-1,-1,0
1806,T35,OTHER,85,3,43,33,-1,-1,05T35@2,BUYER,0,85,-1,-1,3
1799,OTHER,T07,85,5,10,33,-1,-1,SELLER,00T07@0,0,85,-1,-1,0
1798,T36,OTHER,85,3,43,33,-1,-1,04T36@2,BUYER,0,85,-1,-1,3
1810,OTHER,T35,85,1,10,33,-1,-1,SELLER,01T35@0,0,-1,-1,-1,0
1817,T36,OTHER,85,4,43,-1,-1,-1,04T36@2,BUYER,0,-1,-1,-1,3
1812,T35,OTHER,85,1,43,33,-1,-1,05T35@2,BUYER,0,85,-1,-1,3
1809,T36,OTHER,85,3,43,33,-1,-1,04T36@2,BUYER,0,85,-1,-1,3
1794,OTHER,T07,85,4,10,33,-1,-1,SELLER,00T07@0,0,85,-1,-1,0
1841,OTHER,T07,86,2,10,34,-1,-1,SELLER,00T07@0,0,86,-1,-1,0
1836,OTHER,T07,86,4,10,34,-1,-1,SELLER,00T07@0,0,86,-1,-1,0
1844,T36,OTHER,86,1,43,-1,-1,-1,04T36@2,BUYER,0,-1,-1,-1,3
1840,T35,OTHER,86,2,43,34,-1,-1,05T35@2,BUYER,0,86,-1,-1,3
1837,OTHER,T35,86,2,10,34,-1,-1,SELLER,01T35@0,0,-1,-1,-1,0
1835,T35,OTHER,86,4,43,34,-1,-1,05T35@2,BUYER,0,86,-1,-1,3
1831,OTHER,T35,86,4,10,34,-1,-1,SELLER,01T35@0,0,-1,-1,-1,0
1830,T36,OTHER,86,2,43,34,-1,-1,04T36@2,BUYER,0,86,-1,-1,3
1818,T35,OTHER,86,3,43,34,-1,-1,05T35@2,BUYER,0,86,-1,-1,3
1819,T35,OTHER,86,1,43,34,-1,-1,05T35@2,BUYER,0,86,-1,-1,3
1829,OTHER,T35,86,3,10,34,-1,-1,SELLER,01T35@0,0,-1,-1,-1,0
1823,OTHER,T07,86,3,10,34,-1,-1,SELLER,00T07@0,0,86,-1,-1,0
1820,OTHER,T07,86,2,10,34,-1,-1,SELLER,00T07@0,0,86,-1,-1,0
1832,T35,OTHER,86,3,43,34,-1,-1,05T35@2,BUYER,0,86,-1,-1,3
1821,T36,OTHER,86,4,43,34,-1,-1,04T36@2,BUYER,0,86,-1,-1,3
1851,OTHER,T07,87,3,10,35,-1,-1,SELLER,00T07@0,0,87,-1,-1,0
1852,OTHER,T07,87,5,10,35,-1,-1,SELLER,00T07@0,0,87,-1,-1,0
1854,T35,OTHER,87,1,43,35,-1,-1,05T35@2,BUYER,0,87,-1,-1,3
1855,T35,OTHER,87,2,43,35,-1,-1,05T35@2,BUYER,0,87,-1,-1,3
1857,OTHER,T07,87,1,10,35,-1,-1,SELLER,00T07@0,0,87,-1,-1,0
1861,OTHER,T35,87,2,10,35,-1,-1,SELLER,01T35@0,0,-1,-1,-1,0
1864,OTHER,T35,87,2,10,35,-1,-1,SELLER,01T35@0,0,-1,-1,-1,0
1865,T35,OTHER,87,3,43,35,-1,-1,05T35@2,BUYER,0,87,-1,-1,3
1866,OTHER,T07,87,3,10,35,-1,-1,SELLER,00T07@0,0,87,-1,-1,0
1873,T36,OTHER,87,6,43,-1,-1,-1,04T36@2,BUYER,0,-1,-1,-1,3
1869,T35,OTHER,87,4,43,35,-1,-1,05T35@2,BUYER,0,87,-1,-1,3
1856,OTHER,T35,87,4,10,35,-1,-1,SELLER,01T35@0,0,-1,-1,-1,0
1849,T35,OTHER,87,4,43,35,-1,-1,05T35@2,BUYER,0,87,-1,-1,3
1892,OTHER,T35,88,3,10,36,-1,-1,SELLER,01T35@0,0,-1,-1,-1,0
1891,T35,OTHER,88,6,43,36,-1,-1,05T35@2,BUYER,0,88,-1,-1,3
1889,OTHER,T35,88,2,10,36,-1,-1,SELLER,01T35@0,0,-1,-1,-1,0
1888,T35,OTHER,88,2,43,36,-1,-1,05T35@2,BUYER,0,88,-1,-1,3
1893,OTHER,T35,88,3,10,36,-1,-1,SELLER,01T35@0,0,-1,-1,-1,0
1894,OTHER,T07,88,3,10,36,-1,-1,SELLER,00T07@0,0,88,-1,-1,0
1896,T35,OTHER,88,3,43,36,-1,-1,05T35@2,BUYER,0,88,-1,-1,3
1886,T36,OTHER,88,3,43,36,-1,-1,04T36@2,BUYER,0,88,-1,-1,3
1885,OTHER,T07,88,4,10,36,-1,-1,SELLER,00T07@0,0,88,-1,-1,0
1875,T35,OTHER,88,3,43,36,-1,-1,05T35@2,BUYER,0,88,-1,-1,3
1876,T36,OTHER,88,1,43,36,-1,-1,04T36@2,BUYER,0,88,-1,-1,3
1883,OTHER,T07,88,5,10,36,-1,-1,SELLER,00T07@0,0,88,-1,-1,0
1882,T35,OTHER,88,2,43,36,-1,-1,05T35@2,BUYER,0,88,-1,-1,3
1921,OTHER,T35,89,3,10,37,-1,-1,SELLER,01T35@0,0,-1,-1,-1,0
1903,OTHER,T35,89,4,10,37,-1,-1,SELLER,01T35@0,0,-1,-1,-1,0
1904,OTHER,T07,89,2,10,37,-1,-1,SELLER,00T07@0,0,89,-1,-1,0
1920,T35,OTHER,89,3,43,37,-1,-1,05T35@2,BUYER,0,89,-1,-1,3
1905,OTHER,T07,89,2,10,37,-1,-1,SELLER,00T07@0,0,89,-1,-1,0
1906,T36,OTHER,89,3,43,37,-1,-1,04T36@2,BUYER,0,89,-1,-1,3
1909,OTHER,T35,89,2,10,37,-1,-1,SELLER,01T35@0,0,-1,-1,-1,0
1910,OTHER,T07,89,4,10,37,-1,-1,SELLER,00T07@0,0,89,-1,-1,0
1911,T36,OTHER,89,4,43,37,-1,-1,04T36@2,BUYER,0,89,-1,-1,3
1913,T36,OTHER,89,3,43,37,-1,-1,04T36@2,BUYER,0,89,-1,-1,3
1915,T35,OTHER,89,3,43,37,-1,-1,05T35@2,BUYER,0,89,-1,-1,3
1917,T35,OTHER,89,2,43,37,-1,-1,05T35@2,BUYER,0,89,-1,-1,3
1919,T36,OTHER,89,2,43,37,-1,-1,04T36@2,BUYER,0,89,-1,-1,3
1923,OTHER,T35,89,3,10,37,-1,-1,SELLER,01T35@0,0,-1,-1,-1,0
1934,OTHER,T07,90,2,10,38,-1,-1,SELLER,00T07@0,0,90,-1,-1,0
1935,OTHER,T07,90,4,10,38,-1,-1,SELLER,00T07@0,0,90,-1,-1,0
1933,OTHER,T35,90,3,10,38,-1,-1,SELLER,01T35@0,0,-1,-1,-1,0
1951,T36,OTHER,90,4,43,-1,-1,-1,04T36@2,BUYER,0,-1,-1,-1,3
1949,T35,OTHER,90,3,43,38,-1,-1,05T35@2,BUYER,0,90,-1,-1,3
1948,T35,OTHER,90,4,43,38,-1,-1,05T35@2,BUYER,0,90,-1,-1,3
1947,T36,OTHER,90,1,43,38,-1,-1,04T36@2,BUYER,0,90,-1,-1,3
1945,T35,OTHER,90,2,43,38,-1,-1,05T35@2,BUYER,0,90,-1,-1,3
1928,OTHER,T35,90,4,10,38,-1,-1,SELLER,01T35@0,0,-1,-1,-1,0
1956,T36,OTHER,90,3,43,-1,-1,-1,04T36@2,BUYER,0,-1,-1,-1,3
1940,OTHER,T07,90,3,10,38,-1,-1,SELLER,00T07@0,0,90,-1,-1,0
1930,OTHER,T35,90,3,10,38,-1,-1,SELLER,01T35@0,0,-1,-1,-1,0
1938,T35,OTHER,90,1,43,38,-1,-1,05T35@2,BUYER,0,90,-1,-1,3
1931,T36,OTHER,90,2,43,38,-1,-1,04T36@2,BUYER,0,90,-1,-1,3
1929,OTHER,T35,90,1,10,38,-1,-1,SELLER,01T35@0,0,-1,-1,-1,0
1976,OTHER,T35,91,2,10,39,-1,-1,SELLER,01T35@0,0,-1,-1,-1,0
1977,T35,OTHER,91,3,43,39,-1,-1,05T35@2,BUYER,0,91,-1,-1,3
1970,OTHER,T35,91,5,10,39,-1,-1,SELLER,01T35@0,0,-1,-1,-1,0
1980,OTHER,T07,91,3,10,39,-1,-1,SELLER,00T07@0,0,91,-1,-1,0
1966,T35,OTHER,91,3,43,39,-1,-1,05T35@2,BUYER,0,91,-1,-1,3
1984,T36,OTHER,91,3,43,-1,-1,-1,04T36@2,BUYER,0,-1,-1,-1,3
1965,OTHER,T35,91,3,10,39,-1,-1,SELLER,01T35@0,0,-1,-1,-1,0
1964,T36,OTHER,91,2,43,39,-1,-1,04T36@2,BUYER,0,91,-1,-1,3
1961,T36,OTHER,91,3,43,39,-1,-1,04T36@2,BUYER,0,91,-1,-1,3
1982,T36,OTHER,91,4,43,-1,-1,-1,04T36@2,BUYER,0,-1,-1,-1,3
1958,T35,OTHER,91,2,43,39,-1,-1,05T35@2,BUYER,0,91,-1,-1,3
1974,OTHER,T07,91,2,10,39,-1,-1,SELLER,00T07@0,0,91,-1,-1,0
1981,OTHER,T35,91,1,10,39,-1,-1,SELLER,01T35@0,0,-1,-1,-1,0
1972,OTHER,T07,91,4,10,39,-1,-1,SELLER,00T07@0,0,91,-1,-1,0
1996,T35,OTHER,92,3,43,40,-1,-1,05T35@2,BUYER,0,92,-1,-1,3
1997,OTHER,T07,92,2,10,40,-1,-1,SELLER,00T07@0,0,92,-1,-1,0
1989,OTHER,T35,92,3,10,40,-1,-1,SELLER,01T35@0,0,-1,-1,-1,0
1995,T35,OTHER,92,3,43,40,-1,-1,05T35@2,BUYER,0,92,-1,-1,3
1991,T35,OTHER,92,6,43,40,-1,-1,05T35@2,BUYER,0,92,-1,-1,3
1990,T36,OTHER,92,3,43,40,-1,-1,04T36@2,BUYER,0,92,-1,-1,3
1999,OTHER,T07,92,1,10,40,-1,-1,SELLER,00T07@0,0,92,-1,-1,0
1986,OTHER,T35,92,6,10,40,-1,-1,SELLER,01T35@0,0,-1,-1,-1,0
2003,OTHER,T35,92,2,10,40,-1,-1,SELLER,01T35@0,0,-1,-1,-1,0
2004,OTHER,T07,92,6,10,40,-1,-1,SELLER,00T07@0,0,92,-1,-1,0
2009,T35,OTHER,92,1,43,40,-1,-1,05T35@2,BUYER,0,92,-1,-1,3
2000,T36,OTHER,92,4,43,40,-1,-1,04T36@2,BUYER,0,92,-1,-1,3
2011,OTHER,T07,93,4,10,41,-1,-1,SELLER,00T07@0,0,93,-1,-1,0
2013,T35,OTHER,93,1,43,41,-1,-1,05T35@2,BUYER,0,93,-1,-1,3
2014,OTHER,T07,93,1,10,41,-1,-1,SELLER,00T07@0,0,93,-1,-1,0
2020,T35,OTHER,93,3,43,41,-1,-1,05T35@2,BUYER,0,93,-1,-1,3
2022,T36,OTHER,93,2,43,41,-1,-1,04T36@2,BUYER,0,93,-1,-1,3
2023,OTHER,T07,93,3,10,41,-1,-1,SELLER,00T07@0,0,93,-1,-1,0
2030,T35,OTHER,93,4,43,41,-1,-1,05T35@2,BUYER,0,93,-1,-1,3
2033,T36,OTHER,93,6,43,-1,-1,-1,04T36@2,BUYER,0,-1,-1,-1,3
2034,T36,OTHER,93,3,43,-1,-1,-1,04T36@2,BUYER,0,-1,-1,-1,3
2017,T36,OTHER,93,1,43,41,-1,-1,04T36@2,BUYER,0,93,-1,-1,3
2047,T35,OTHER,94,2,43,42,-1,-1,05T35@2,BUYER,0,94,-1,-1,3
2046,T35,OTHER,94,5,43,42,-1,-1,05T35@2,BUYER,0,94,-1,-1,3
2037,T36,OTHER,94,3,43,42,-1,-1,04T36@2,BUYER,0,94,-1,-1,3
2042,OTHER,T07,94,3,10,42,-1,-1,SELLER,00T07@0,0,94,-1,-1,0
2054,T36,OTHER,94,3,43,-1,-1,-1,04T36@2,BUYER,0,-1,-1,-1,3
2053,OTHER,T07,94,5,10,42,-1,-1,SELLER,00T07@0,0,94,-1,-1,0
2052,OTHER,T07,94,3,10,42,-1,-1,SELLER,00T07@0,0,94,-1,-1,0
2038,T36,OTHER,94,2,43,42,-1,-1,04T36@2,BUYER,0,94,-1,-1,3
2044,OTHER,T07,94,1,10,42,-1,-1,SELLER,00T07@0,0,94,-1,-1,0
2045,T35,OTHER,94,4,43,42,-1,-1,05T35@2,BUYER,0,94,-1,-1,3
2051,T35,OTHER,94,1,43,42,-1,-1,05T35@2,BUYER,0,94,-1,-1,3
2073,T36,OTHER,95,4,43,-1,-1,-1,04T36@2,BUYER,0,-1,-1,-1,3
2057,T36,OTHER,95,4,43,43,-1,-1,04T36@2,BUYER,0,95,-1,-1,3
2062,OTHER,T07,95,1,10,43,-1,-1,SELLER,00T07@0,0,95,-1,-1,0
2063,T35,OTHER,95,3,43,43,-1,-1,05T35@2,BUYER,0,95,-1,-1,3
2064,T35,OTHER,95,1,43,43,-1,-1,05T35@2,BUYER,0,95,-1,-1,3
2066,T35,OTHER,95,3,43,43,-1,-1,05T35@2,BUYER,0,95,-1,-1,3
2068,OTHER,T07,95,1,10,43,-1,-1,SELLER,00T07@0,0,95,-1,-1,0
2070,T35,OTHER,95,5,43,43,-1,-1,05T35@2,BUYER,0,95,-1,-1,3
2071,OTHER,T07,95,5,10,43,-1,-1,SELLER,00T07@0,0,95,-1,-1,0
2097,T36,OTHER,96,3,43,-1,-1,-1,04T36@2,BUYER,0,-1,-1,-1,3
2096,T36,OTHER,96,3,43,-1,-1,-1,04T36@2,BUYER,0,-1,-1,-1,3
2090,T35,OTHER,96,2,43,44,-1,-1,05T35@2,BUYER,0,96,-1,-1,3
2089,OTHER,T07,96,2,10,44,-1,-1,SELLER,00T07@0,0,96,-1,-1,0
2076,T36,OTHER,96,1,43,44,-1,-1,04T36@2,BUYER,0,96,-1,-1,3
2087,OTHER,T07,96,2,10,44,-1,-1,SELLER,00T07@0,0,96,-1,-1,0
2086,T35,OTHER,96,5,43,44,-1,-1,05T35@2,BUYER,0,96,-1,-1,3
2082,OTHER,T07,96,5,10,44,-1,-1,SELLER,00T07@0,0,96,-1,-1,0
2085,T35,OTHER,96,2,43,44,-1,-1,05T35@2,BUYER,0,96,-1,-1,3
2083,T36,OTHER,96,4,43,44,-1,-1,04T36@2,BUYER,0,96,-1,-1,3
2100,T36,OTHER,97,5,43,45,-1,-1,04T36@2,BUYER,0,97,-1,-1,3
2102,T35,OTHER,97,4,43,45,-1,-1,05T35@2,BUYER,0,97,-1,-1,3
2103,T36,OTHER,97,2,43,45,-1,-1,04T36@2,BUYER,0,97,-1,-1,3
2118,T36,OTHER,97,1,43,-1,-1,-1,04T36@2,BUYER,0,-1,-1,-1,3
2104,OTHER,T07,97,2,10,45,-1,-1,SELLER,00T07@0,0,97,-1,-1,0
2106,OTHER,T07,97,3,10,45,-1,-1,SELLER,00T07@0,0,97,-1,-1,0
2101,T35,OTHER,97,3,43,45,-1,-1,05T35@2,BUYER,0,97,-1,-1,3
2115,T36,OTHER,97,4,43,-1,-1,-1,04T36@2,BUYER,0,-1,-1,-1,3
2113,OTHER,T07,97,4,10,45,-1,-1,SELLER,00T07@0,0,97,-1,-1,0
2117,T36,OTHER,97,1,43,-1,-1,-1,04T36@2,BUYER,0,-1,-1,-1,3
2120,OTHER,T07,98,3,10,46,-1,-1,SELLER,00T07@0,0,98,-1,-1,0
2122,T36,OTHER,98,3,43,46,-1,-1,04T36@2,BUYER,0,98,-1,-1,3
2123,OTHER,T07,98,3,10,46,-1,-1,SELLER,00T07@0,0,98,-1,-1,0
2131,OTHER,T07,98,3,10,46,-1,-1,SELLER,00T07@0,0,98,-1,-1,0
2119,OTHER,T07,98,3,10,46,-1,-1,SELLER,00T07@0,0,98,-1,-1,0
2125,OTHER,T07,98,3,10,46,-1,-1,SELLER,00T07@0,0,98,-1,-1,0
2139,T36,OTHER,98,6,43,-1,-1,-1,04T36@2,BUYER,0,-1,-1,-1,3
2126,T35,OTHER,98,4,43,46,-1,-1,05T35@2,BUYER,0,98,-1,-1,3
2128,T35,OTHER,98,3,43,46,-1,-1,05T35@2,BUYER,0,98,-1,-1,3
2135,T35,OTHER,98,4,43,46,-1,-1,05T35@2,BUYER,0,98,-1,-1,3
2154,T36,OTHER,99,4,43,-1,-1,-1,04T36@2,BUYER,0,-1,-1,-1,3
2153,T36,OTHER,99,2,43,-1,-1,-1,04T36@2,BUYER,0,-1,-1,-1,3
2155,T36,OTHER,99,3,43,-1,-1,-1,04T36@2,BUYER,0,-1,-1,-1,3
2152,T36,OTHER,99,2,43,-1,-1,-1,04T36@2,BUYER,0,-1,-1,-1,3
2144,T35,OTHER,99,4,43,47,-1,-1,05T35@2,BUYER,0,99,-1,-1,3
2148,T35,OTHER,99,3,43,47,-1,-1,05T35@2,BUYER,0,99,-1,-1,3
2147,OTHER,T07,99,4,10,47,-1,-1,SELLER,00T07@0,0,99,-1,-1,0
2141,T35,OTHER,99,2,43,47,-1,-1,05T35@2,BUYER,0,99,-1,-1,3
2150,OTHER,T07,99,5,10,47,-1,-1,SELLER,00T07@0,0,99,-1,-1,0
2161,T35,OTHER,100,1,43,48,-1,-1,05T35@2,BUYER,0,100,-1,-1,3
2156,T35,OTHER,100,2,43,48,-1,-1,05T35@2,BUYER,0,100,-1,-1,3
2157,OTHER,T07,100,2,10,48,-1,-1,SELLER,00T07@0,0,100,-1,-1,0
2158,OTHER,T07,100,3,10,48,-1,-1,SELLER,00T07@0,0,100,-1,-1,0
2159,OTHER,T07,100,3,10,48,-1,-1,SELLER,00T07@0,0,100,-1,-1,0
2160,T35,OTHER,100,1,43,48,-1,-1,05T35@2,BUYER,0,100,-1,-1,3
2162,T35,OTHER,100,7,43,48,-1,-1,05T35@2,BUYER,0,100,-1,-1,3
2163,T36,OTHER,100,3,43,-1,-1,-1,04T36@2,BUYER,0,-1,-1,-1,3
2164,T36,OTHER,100,2,43,-1,-1,-1,04T36@2,BUYER,0,-1,-1,-1,3
2165,T36,OTHER,100,4,43,-1,-1,-1,04T36@2,BUYER,0,-1,-1,-1,3
2173,OTHER,T07,101,5,10,49,-1,-1,SELLER,00T07@0,0,101,-1,-1,0
2176,T36,OTHER,101,3,43,-1,-1,-1,04T36@2,BUYER,0,-1,-1,-1,3
2172,OTHER,T07,101,1,10,49,-1,-1,SELLER,00T07@0,0,101,-1,-1,0
2174,T36,OTHER,101,3,43,-1,-1,-1,04T36@2,BUYER,0,-1,-1,-1,3
2171,OTHER,T07,101,2,10,49,-1,-1,SELLER,00T07@0,0,101,-1,-1,0
2175,T36,OTHER,101,3,43,-1,-1,-1,04T36@2,BUYER,0,-1,-1,-1,3
2169,T35,OTHER,101,2,43,49,-1,-1,05T35@2,BUYER,0,101,-1,-1,3
2168,T35,OTHER,101,1,43,49,-1,-1,05T35@2,BUYER,0,101,-1,-1,3
2167,T35,OTHER,101,4,43,49,-1,-1,05T35@2,BUYER,0,101,-1,-1,3
2166,T35,OTHER,101,4,43,49,-1,-1,05T35@2,BUYER,0,101,-1,-1,3
2170,OTHER,T07,101,3,10,49,-1,-1,SELLER,00T07@0,0,101,-1,-1,0
2186,T36,OTHER,102,4,43,-1,-1,-1,04T36@2,BUYER,0,-1,-1,-1,3
2185,T35,OTHER,102,4,43,50,-1,-1,05T35@2,BUYER,0,102,-1,-1,3
2184,T35,OTHER,102,3,43,50,-1,-1,05T35@2,BUYER,0,102,-1,-1,3
2183,T35,OTHER,102,2,43,50,-1,-1,05T35@2,BUYER,0,102,-1,-1,3
2182,OTHER,T07,102,3,10,50,-1,-1,SELLER,00T07@0,0,102,-1,-1,0
2181,T35,OTHER,102,2,43,50,-1,-1,05T35@2,BUYER,0,102,-1,-1,3
2180,T36,OTHER,102,2,43,50,-1,-1,04T36@2,BUYER,0,102,-1,-1,3
2179,OTHER,T07,102,2,10,50,-1,-1,SELLER,00T07@0,0,102,-1,-1,0
2178,OTHER,T07,102,3,10,50,-1,-1,SELLER,00T07@0,0,102,-1,-1,0
2177,T36,OTHER,102,3,43,50,-1,-1,04T36@2,BUYER,0,102,-1,-1,3
2197,OTHER,T07,103,4,10,51,-1,-1,SELLER,00T07@0,0,103,-1,-1,0
2196,T36,OTHER,103,4,43,51,-1,-1,04T36@2,BUYER,0,103,-1,-1,3
2195,OTHER,T07,103,1,10,51,-1,-1,SELLER,00T07@0,0,103,-1,-1,0
2194,T35,OTHER,103,4,43,51,-1,-1,05T35@2,BUYER,0,103,-1,-1,3
2193,T35,OTHER,103,3,43,51,-1,-1,05T35@2,BUYER,0,103,-1,-1,3
2192,OTHER,T07,103,4,10,51,-1,-1,SELLER,00T07@0,0,103,-1,-1,0
2191,OTHER,T07,103,3,10,51,-1,-1,SELLER,00T07@0,0,103,-1,-1,0
2190,T35,OTHER,103,2,43,51,-1,-1,05T35@2,BUYER,0,103,-1,-1,3
2189,T35,OTHER,103,3,43,51,-1,-1,05T35@2,BUYER,0,103,-1,-1,3
2188,T35,OTHER,103,1,43,51,-1,-1,05T35@2,BUYER,0,103,-1,-1,3
2187,T36,OTHER,103,3,43,51,-1,-1,04T36@2,BUYER,0,103,-1,-1,3
2208,OTHER,T07,104,5,10,52,-1,-1,SELLER,00T07@0,0,104,-1,-1,0
2207,T36,OTHER,104,4,43,52,-1,-1,04T36@2,BUYER,0,104,-1,-1,3
2206,OTHER,T07,104,2,10,52,-1,-1,SELLER,00T07@0,0,104,-1,-1,0
2205,T35,OTHER,104,3,43,52,-1,-1,05T35@2,BUYER,0,104,-1,-1,3
2204,T35,OTHER,104,3,43,52,-1,-1,05T35@2,BUYER,0,104,-1,-1,3
2203,T35,OTHER,104,2,43,52,-1,-1,05T35@2,BUYER,0,104,-1,-1,3
2202,OTHER,T07,104,1,10,52,-1,-1,SELLER,00T07@0,0,104,-1,-1,0
2201,T35,OTHER,104,3,43,52,-1,-1,05T35@2,BUYER,0,104,-1,-1,3
2200,T36,OTHER,104,1,43,52,-1,-1,04T36@2,BUYER,0,104,-1,-1,3
2199,T35,OTHER,104,2,43,52,-1,-1,05T35@2,BUYER,0,104,-1,-1,3
2198,T36,OTHER,104,2,43,52,-1,-1,04T36@2,BUYER,0,104,-1,-1,3
2218,T35,OTHER,105,3,43,53,-1,-1,05T35@2,BUYER,0,105,-1,-1,3
2217,T35,OTHER,105,3,43,53,-1,-1,05T35@2,BUYER,0,105,-1,-1,3
2219,OTHER,T07,105,5,10,53,-1,-1,SELLER,00T07@0,0,105,-1,-1,0
2216,T36,OTHER,105,3,43,53,-1,-1,04T36@2,BUYER,0,105,-1,-1,3
2215,OTHER,T07,105,4,10,53,-1,-1,SELLER,00T07@0,0,105,-1,-1,0
2211,T36,OTHER,105,2,43,53,-1,-1,04T36@2,BUYER,0,105,-1,-1,3
2213,T36,OTHER,105,2,43,53,-1,-1,04T36@2,BUYER,0,105,-1,-1,3
2212,T36,OTHER,105,3,43,53,-1,-1,04T36@2,BUYER,0,105,-1,-1,3
2210,T35,OTHER,105,1,43,53,-1,-1,05T35@2,BUYER,0,105,-1,-1,3
2209,T36,OTHER,105,3,43,53,-1,-1,04T36@2,BUYER,0,105,-1,-1,3
2214,OTHER,T07,105,3,10,53,-1,-1,SELLER,00T07@0,0,105,-1,-1,0
2229,T36,OTHER,106,4,43,54,-1,-1,04T36@2,BUYER,0,106,-1,-1,3
2228,T35,OTHER,106,1,43,54,-1,-1,05T35@2,BUYER,0,106,-1,-1,3
2227,T35,OTHER,106,5,43,54,-1,-1,05T35@2,BUYER,0,106,-1,-1,3
2226,OTHER,T07,106,3,10,54,-1,-1,SELLER,00T07@0,0,106,-1,-1,0
2225,T36,OTHER,106,4,43,54,-1,-1,04T36@2,BUYER,0,106,-1,-1,3
2224,T35,OTHER,106,3,43,54,-1,-1,05T35@2,BUYER,0,106,-1,-1,3
2222,OTHER,T07,106,2,10,54,-1,-1,SELLER,00T07@0,0,106,-1,-1,0
2221,T35,OTHER,106,2,43,54,-1,-1,05T35@2,BUYER,0,106,-1,-1,3
2220,OTHER,T07,106,3,10,54,-1,-1,SELLER,00T07@0,0,106,-1,-1,0
2223,T36,OTHER,106,1,43,54,-1,-1,04T36@2,BUYER,0,106,-1,-1,3
2240,T36,OTHER,107,3,43,-1,-1,-1,04T36@2,BUYER,0,-1,-1,-1,3
2239,T36,OTHER,107,4,43,-1,-1,-1,04T36@2,BUYER,0,-1,-1,-1,3
2238,T35,OTHER,107,3,43,55,-1,-1,05T35@2,BUYER,0,107,-1,-1,3
2237,T36,OTHER,107,2,43,55,-1,-1,04T36@2,BUYER,0,107,-1,-1,3
2236,T35,OTHER,107,2,43,55,-1,-1,05T35@2,BUYER,0,107,-1,-1,3
2233,T35,OTHER,107,2,43,55,-1,-1,05T35@2,BUYER,0,107,-1,-1,3
2234,OTHER,T07,107,2,10,55,-1,-1,SELLER,00T07@0,0,107,-1,-1,0
2232,T35,OTHER,107,4,43,55,-1,-1,05T35@2,BUYER,0,107,-1,-1,3
2231,OTHER,T07,107,4,10,55,-1,-1,SELLER,00T07@0,0,107,-1,-1,0
2230,OTHER,T07,107,3,10,55,-1,-1,SELLER,00T07@0,0,107,-1,-1,0
2235,OTHER,T07,107,1,10,55,-1,-1,SELLER,00T07@0,0,107,-1,-1,0
2250,T36,OTHER,108,2,43,-1,-1,-1,04T36@2,BUYER,0,-1,-1,-1,3
2241,OTHER,T07,108,4,10,56,-1,-1,SELLER,00T07@0,0,108,-1,-1,0
2242,T35,OTHER,108,4,43,56,-1,-1,05T35@2,BUYER,0,108,-1,-1,3
2243,OTHER,T07,108,2,10,56,-1,-1,SELLER,00T07@0,0,108,-1,-1,0
2244,T35,OTHER,108,3,43,56,-1,-1,05T35@2,BUYER,0,108,-1,-1,3
2245,OTHER,T07,108,1,10,56,-1,-1,SELLER,00T07@0,0,108,-1,-1,0
2246,T36,OTHER,108,5,43,-1,-1,-1,04T36@2,BUYER,0,-1,-1,-1,3
2247,T36,OTHER,108,3,43,-1,-1,-1,04T36@2,BUYER,0,-1,-1,-1,3
2248,T36,OTHER,108,2,43,-1,-1,-1,04T36@2,BUYER,0,-1,-1,-1,3
2249,T36,OTHER,108,1,43,-1,-1,-1,04T36@2,BUYER,0,-1,-1,-1,3
2258,T36,OTHER,109,1,43,57,-1,-1,04T36@2,BUYER,0,109,-1,-1,3
2261,T36,OTHER,109,4,43,-1,-1,-1,04T36@2,BUYER,0,-1,-1,-1,3
2260,T36,OTHER,109,3,43,57,-1,-1,04T36@2,BUYER,0,109,-1,-1,3
2259,OTHER,T07,109,1,10,57,-1,-1,SELLER,00T07@0,0,109,-1,-1,0
2257,T35,OTHER,109,4,43,57,-1,-1,05T35@2,BUYER,0,109,-1,-1,3
2254,T35,OTHER,109,1,43,57,-1,-1,05T35@2,BUYER,0,109,-1,-1,3
2255,OTHER,T07,109,3,10,57,-1,-1,SELLER,00T07@0,0,109,-1,-1,0
2253,T36,OTHER,109,4,43,57,-1,-1,04T36@2,BUYER,0,109,-1,-1,3
2252,OTHER,T07,109,3,10,57,-1,-1,SELLER,00T07@0,0,109,-1,-1,0
2251,T35,OTHER,109,3,43,57,-1,-1,05T35@2,BUYER,0,109,-1,-1,3
2256,OTHER,T07,109,4,10,57,-1,-1,SELLER,00T07@0,0,109,-1,-1,0
2270,T36,OTHER,110,6,43,-1,-1,-1,04T36@2,BUYER,0,-1,-1,-1,3
2269,OTHER,T07,110,4,10,58,-1,-1,SELLER,00T07@0,0,110,-1,-1,0
2268,OTHER,T07,110,3,10,58,-1,-1,SELLER,00T07@0,0,110,-1,-1,0
2267,T35,OTHER,110,4,43,58,-1,-1,05T35@2,BUYER,0,110,-1,-1,3
2266,T35,OTHER,110,2,43,58,-1,-1,05T35@2,BUYER,0,110,-1,-1,3
2265,T35,OTHER,110,2,43,58,-1,-1,05T35@2,BUYER,0,110,-1,-1,3
2264,T36,OTHER,110,3,43,58,-1,-1,04T36@2,BUYER,0,110,-1,-1,3
2263,T36,OTHER,110,3,43,58,-1,-1,04T36@2,BUYER,0,110,-1,-1,3
2262,OTHER,T07,110,1,10,58,-1,-1,SELLER,00T07@0,0,110,-1,-1,0
2281,T36,OTHER,111,3,43,-1,-1,-1,04T36@2,BUYER,0,-1,-1,-1,3
2280,T35,OTHER,111,3,43,59,-1,-1,05T35@2,BUYER,0,111,-1,-1,3
2279,T35,OTHER,111,2,43,59,-1,-1,05T35@2,BUYER,0,111,-1,-1,3
2278,T35,OTHER,111,6,43,59,-1,-1,05T35@2,BUYER,0,111,-1,-1,3
2276,T36,OTHER,111,3,43,59,-1,-1,04T36@2,BUYER,0,111,-1,-1,3
2277,T36,OTHER,111,3,43,59,-1,-1,04T36@2,BUYER,0,111,-1,-1,3
2274,OTHER,T07,111,3,10,59,-1,-1,SELLER,00T07@0,0,111,-1,-1,0
2273,OTHER,T07,111,1,10,59,-1,-1,SELLER,00T07@0,0,111,-1,-1,0
2272,OTHER,T07,111,3,10,59,-1,-1,SELLER,00T07@0,0,111,-1,-1,0
2271,OTHER,T07,111,3,10,59,-1,-1,SELLER,00T07@0,0,111,-1,-1,0
2275,OTHER,T07,111,3,10,59,-1,-1,SELLER,00T07@0,0,111,-1,-1,0
2287,T35,OTHER,112,3,43,60,-1,-1,05T35@2,BUYER,0,112,-1,-1,3
2291,OTHER,T07,112,3,10,60,-1,-1,SELLER,00T07@0,0,112,-1,-1,0
2290,T35,OTHER,112,2,43,60,-1,-1,05T35@2,BUYER,0,112,-1,-1,3
2289,T35,OTHER,112,4,43,60,-1,-1,05T35@2,BUYER,0,112,-1,-1,3
2288,T36,OTHER,112,6,43,60,-1,-1,04T36@2,BUYER,0,112,-1,-1,3
2285,T36,OTHER,112,1,43,60,-1,-1,04T36@2,BUYER,0,112,-1,-1,3
2292,T36,OTHER,112,2,43,-1,-1,-1,04T36@2,BUYER,0,-1,-1,-1,3
2284,T35,OTHER,112,1,43,60,-1,-1,05T35@2,BUYER,0,112,-1,-1,3
2283,T36,OTHER,112,1,43,60,-1,-1,04T36@2,BUYER,0,112,-1,-1,3
2282,OTHER,T07,112,3,10,60,-1,-1,SELLER,00T07@0,0,112,-1,-1,0
2286,OTHER,T07,112,4,10,60,-1,-1,SELLER,00T07@0,0,112,-1,-1,0
2301,OTHER,T07,113,2,10,61,-1,-1,SELLER,00T07@0,0,113,-1,-1,0
2300,OTHER,T07,113,6,10,61,-1,-1,SELLER,00T07@0,0,113,-1,-1,0
2303,T36,OTHER,113,2,43,-1,-1,-1,04T36@2,BUYER,0,-1,-1,-1,3
2302,T35,OTHER,113,2,43,61,-1,-1,05T35@2,BUYER,0,113,-1,-1,3
2299,T35,OTHER,113,3,43,61,-1,-1,05T35@2,BUYER,0,113,-1,-1,3
2293,OTHER,T07,113,3,10,61,-1,-1,SELLER,00T07@0,0,113,-1,-1,0
2297,T36,OTHER,113,3,43,61,-1,-1,04T36@2,BUYER,0,113,-1,-1,3
2296,T35,OTHER,113,4,43,61,-1,-1,05T35@2,BUYER,0,113,-1,-1,3
2295,T35,OTHER,113,3,43,61,-1,-1,05T35@2,BUYER,0,113,-1,-1,3
2294,OTHER,T07,113,1,10,61,-1,-1,SELLER,00T07@0,0,113,-1,-1,0
2298,T36,OTHER,113,3,43,61,-1,-1,04T36@2,BUYER,0,113,-1,-1,3
2313,OTHER,T07,114,1,10,62,-1,-1,SELLER,00T07@0,0,114,-1,-1,0
2312,OTHER,T07,114,1,10,62,-1,-1,SELLER,00T07@0,0,114,-1,-1,0
2311,T36,OTHER,114,1,43,62,-1,-1,04T36@2,BUYER,0,114,-1,-1,3
2310,OTHER,T07,114,2,10,62,-1,-1,SELLER,00T07@0,0,114,-1,-1,0
2309,T35,OTHER,114,3,43,62,-1,-1,05T35@2,BUYER,0,114,-1,-1,3
2314,T36,OTHER,114,6,43,-1,-1,-1,04T36@2,BUYER,0,-1,-1,-1,3
2307,T36,OTHER,114,2,43,62,-1,-1,04T36@2,BUYER,0,114,-1,-1,3
2306,T35,OTHER,114,5,43,62,-1,-1,05T35@2,BUYER,0,114,-1,-1,3
2305,OTHER,T07,114,6,10,62,-1,-1,SELLER,00T07@0,0,114,-1,-1,0
2304,T36,OTHER,114,2,43,62,-1,-1,04T36@2,BUYER,0,114,-1,-1,3
2308,T35,OTHER,114,1,43,62,-1,-1,05T35@2,BUYER,0,114,-1,-1,3
2326,T36,OTHER,115,6,43,-1,-1,-1,04T36@2,BUYER,0,-1,-1,-1,3
2325,OTHER,T07,115,2,10,63,-1,-1,SELLER,00T07@0,0,115,-1,-1,0
2324,T36,OTHER,115,2,43,63,-1,-1,04T36@2,BUYER,0,115,-1,-1,3
2323,OTHER,T07,115,2,10,63,-1,-1,SELLER,00T07@0,0,115,-1,-1,0
2322,OTHER,T07,115,2,10,63,-1,-1,SELLER,00T07@0,0,115,-1,-1,0
2321,T35,OTHER,115,2,43,63,-1,-1,05T35@2,BUYER,0,115,-1,-1,3
2320,OTHER,T07,115,3,10,63,-1,-1,SELLER,00T07@0,0,115,-1,-1,0
2318,T36,OTHER,115,1,43,63,-1,-1,04T36@2,BUYER,0,115,-1,-1,3
2317,OTHER,T07,115,4,10,63,-1,-1,SELLER,00T07@0,0,115,-1,-1,0
2316,T35,OTHER,115,5,43,63,-1,-1,05T35@2,BUYER,0,115,-1,-1,3
2315,T35,OTHER,115,1,43,63,-1,-1,05T35@2,BUYER,0,115,-1,-1,3
2319,T36,OTHER,115,3,43,63,-1,-1,04T36@2,BUYER,0,115,-1,-1,3
2332,T35,OTHER,116,2,43,64,-1,-1,05T35@2,BUYER,0,116,-1,-1,3
2335,T36,OTHER,116,3,43,-1,-1,-1,04T36@2,BUYER,0,-1,-1,-1,3
2333,OTHER,T07,116,3,10,64,-1,-1,SELLER,00T07@0,0,116,-1,-1,0
2331,OTHER,T07,116,2,10,64,-1,-1,SELLER,00T07@0,0,116,-1,-1,0
2334,T36,OTHER,116,5,43,-1,-1,-1,04T36@2,BUYER,0,-1,-1,-1,3
2329,OTHER,T07,116,2,10,64,-1,-1,SELLER,00T07@0,0,116,-1,-1,0
2327,T36,OTHER,116,3,43,64,-1,-1,04T36@2,BUYER,0,116,-1,-1,3
2330,T35,OTHER,116,3,43,64,-1,-1,05T35@2,BUYER,0,116,-1,-1,3
2328,T35,OTHER,116,4,43,64,-1,-1,05T35@2,BUYER,0,116,-1,-1,3
2336,OTHER,T07,117,3,10,65,-1,-1,SELLER,00T07@0,0,117,-1,-1,0
2337,T35,OTHER,117,4,43,65,-1,-1,05T35@2,BUYER,0,117,-1,-1,3
2338,T35,OTHER,117,3,43,65,-1,-1,05T35@2,BUYER,0,117,-1,-1,3
2339,T35,OTHER,117,2,43,65,-1,-1,05T35@2,BUYER,0,117,-1,-1,3
2340,OTHER,T07,117,4,10,65,-1,-1,SELLER,00T07@0,0,117,-1,-1,0
2341,T36,OTHER,117,3,43,65,-1,-1,04T36@2,BUYER,0,117,-1,-1,3
2342,OTHER,T07,117,2,10,65,-1,-1,SELLER,00T07@0,0,117,-1,-1,0
2343,T35,OTHER,117,1,43,65,-1,-1,05T35@2,BUYER,0,117,-1,-1,3
2344,T36,OTHER,117,3,43,-1,-1,-1,04T36@2,BUYER,0,-1,-1,-1,3
2345,T36,OTHER,117,4,43,-1,-1,-1,04T36@2,BUYER,0,-1,-1,-1,3
2353,T36,OTHER,118,4,43,-1,-1,-1,04T36@2,BUYER,0,-1,-1,-1,3
2350,T35,OTHER,118,3,43,66,-1,-1,05T35@2,BUYER,0,118,-1,-1,3
2349,T35,OTHER,118,4,43,66,-1,-1,05T35@2,BUYER,0,118,-1,-1,3
2352,OTHER,T07,118,6,10,66,-1,-1,SELLER,00T07@0,0,118,-1,-1,0
2347,T35,OTHER,118,2,43,66,-1,-1,05T35@2,BUYER,0,118,-1,-1,3
2348,T36,OTHER,118,2,43,66,-1,-1,04T36@2,BUYER,0,118,-1,-1,3
2346,T36,OTHER,118,4,43,66,-1,-1,04T36@2,BUYER,0,118,-1,-1,3
2351,T36,OTHER,118,1,43,66,-1,-1,04T36@2,BUYER,0,118,-1,-1,3
2354,T35,OTHER,119,1,43,67,-1,-1,05T35@2,BUYER,0,119,-1,-1,3
2365,T36,OTHER,119,5,43,-1,-1,-1,04T36@2,BUYER,0,-1,-1,-1,3
2364,T35,OTHER,119,1,43,67,-1,-1,05T35@2,BUYER,0,119,-1,-1,3
2363,OTHER,T07,119,4,10,67,-1,-1,SELLER,00T07@0,0,119,-1,-1,0
2361,T35,OTHER,119,3,43,67,-1,-1,05T35@2,BUYER,0,119,-1,-1,3
2362,T36,OTHER,119,2,43,67,-1,-1,04T36@2,BUYER,0,119,-1,-1,3
2358,OTHER,T07,119,1,10,67,-1,-1,SELLER,00T07@0,0,119,-1,-1,0
2357,T35,OTHER,119,2,43,67,-1,-1,05T35@2,BUYER,0,119,-1,-1,3
2356,T35,OTHER,119,6,43,67,-1,-1,05T35@2,BUYER,0,119,-1,-1,3
2355,OTHER,T07,119,1,10,67,-1,-1,SELLER,00T07@0,0,119,-1,-1,0
2359,OTHER,T07,119,5,10,67,-1,-1,SELLER,00T07@0,0,119,-1,-1,0
2360,OTHER,T07,119,4,10,67,-1,-1,SELLER,00T07@0,0,119,-1,-1,0
2372,OTHER,T07,120,4,10,68,-1,-1,SELLER,00T07@0,0,120,-1,-1,0
2376,OTHER,T07,120,2,10,68,-1,-1,SELLER,00T07@0,0,120,-1,-1,0
2375,T35,OTHER,120,2,43,68,-1,-1,05T35@2,BUYER,0,120,-1,-1,3
2374,T36,OTHER,120,3,43,68,-1,-1,04T36@2,BUYER,0,120,-1,-1,3
2373,T36,OTHER,120,5,43,68,-1,-1,04T36@2,BUYER,0,120,-1,-1,3
2371,T35,OTHER,120,2,43,68,-1,-1,05T35@2,BUYER,0,120,-1,-1,3
2369,OTHER,T07,120,3,10,68,-1,-1,SELLER,00T07@0,0,120,-1,-1,0
2368,T36,OTHER,120,1,43,68,-1,-1,04T36@2,BUYER,0,120,-1,-1,3
2367,T35,OTHER,120,4,43,68,-1,-1,05T35@2,BUYER,0,120,-1,-1,3
2366,OTHER,T07,120,2,10,68,-1,-1,SELLER,00T07@0,0,120,-1,-1,0
2370,T35,OTHER,120,3,43,68,-1,-1,05T35@2,BUYER,0,120,-1,-1,3
2387,T36,OTHER,121,3,43,-1,-1,-1,04T36@2,BUYER,0,-1,-1,-1,3
2386,T36,OTHER,121,3,43,-1,-1,-1,04T36@2,BUYER,0,-1,-1,-1,3
2385,T35,OTHER,121,2,43,69,-1,-1,05T35@2,BUYER,0,121,-1,-1,3
2384,OTHER,T07,121,3,10,69,-1,-1,SELLER,00T07@0,0,121,-1,-1,0
2383,T36,OTHER,121,2,43,69,-1,-1,04T36@2,BUYER,0,121,-1,-1,3
2382,T35,OTHER,121,3,43,69,-1,-1,05T35@2,BUYER,0,121,-1,-1,3
2380,T35,OTHER,121,4,43,69,-1,-1,05T35@2,BUYER,0,121,-1,-1,3
2379,T36,OTHER,121,3,43,69,-1,-1,04T36@2,BUYER,0,121,-1,-1,3
2378,OTHER,T07,121,4,10,69,-1,-1,SELLER,00T07@0,0,121,-1,-1,0
2377,OTHER,T07,121,4,10,69,-1,-1,SELLER,00T07@0,0,121,-1,-1,0
2381,OTHER,T07,121,3,10,69,-1,-1,SELLER,00T07@0,0,121,-1,-1,0
2397,T36,OTHER,122,3,43,-1,-1,-1,04T36@2,BUYER,0,-1,-1,-1,3
2396,T35,OTHER,122,4,43,70,-1,-1,05T35@2,BUYER,0,122,-1,-1,3
2395,T35,OTHER,122,2,43,70,-1,-1,05T35@2,BUYER,0,122,-1,-1,3
2394,T35,OTHER,122,1,43,70,-1,-1,05T35@2,BUYER,0,122,-1,-1,3
2393,OTHER,T07,122,4,10,70,-1,-1,SELLER,00T07@0,0,122,-1,-1,0
2391,T35,OTHER,122,3,43,70,-1,-1,05T35@2,BUYER,0,122,-1,-1,3
2390,T36,OTHER,122,2,43,70,-1,-1,04T36@2,BUYER,0,122,-1,-1,3
2389,T35,OTHER,122,5,43,70,-1,-1,05T35@2,BUYER,0,122,-1,-1,3
2388,OTHER,T07,122,1,10,70,-1,-1,SELLER,00T07@0,0,122,-1,-1,0
2392,OTHER,T07,122,3,10,70,-1,-1,SELLER,00T07@0,0,122,-1,-1,0
2407,T36,OTHER,123,3,43,71,-1,-1,04T36@2,BUYER,0,123,-1,-1,3
2406,T35,OTHER,123,1,43,71,-1,-1,05T35@2,BUYER,0,123,-1,-1,3
2405,T35,OTHER,123,3,43,71,-1,-1,05T35@2,BUYER,0,123,-1,-1,3
2404,OTHER,T07,123,1,10,71,-1,-1,SELLER,00T07@0,0,123,-1,-1,0
2403,OTHER,T07,123,3,10,71,-1,-1,SELLER,00T07@0,0,123,-1,-1,0
2402,OTHER,T07,123,2,10,71,-1,-1,SELLER,00T07@0,0,123,-1,-1,0
2400,OTHER,T07,123,4,10,71,-1,-1,SELLER,00T07@0,0,123,-1,-1,0
2399,T35,OTHER,123,4,43,71,-1,-1,05T35@2,BUYER,0,123,-1,-1,3
2398,T35,OTHER,123,6,43,71,-1,-1,05T35@2,BUYER,0,123,-1,-1,3
2401,T36,OTHER,123,3,43,71,-1,-1,04T36@2,BUYER,0,123,-1,-1,3
2414,OTHER,T07,124,2,10,72,-1,-1,SELLER,00T07@0,0,124,-1,-1,0
2416,T36,OTHER,124,2,43,-1,-1,-1,04T36@2,BUYER,0,-1,-1,-1,3
2417,T36,OTHER,124,3,43,-1,-1,-1,04T36@2,BUYER,0,-1,-1,-1,3
2413,T36,OTHER,124,4,43,72,-1,-1,04T36@2,BUYER,0,124,-1,-1,3
2415,OTHER,T07,124,2,10,72,-1,-1,SELLER,00T07@0,0,124,-1,-1,0
2411,OTHER,T07,124,4,10,72,-1,-1,SELLER,00T07@0,0,124,-1,-1,0
2410,T35,OTHER,124,4,43,72,-1,-1,05T35@2,BUYER,0,124,-1,-1,3
2409,T35,OTHER,124,1,43,72,-1,-1,05T35@2,BUYER,0,124,-1,-1,3
2408,T36,OTHER,124,3,43,72,-1,-1,04T36@2,BUYER,0,124,-1,-1,3
2412,T35,OTHER,124,3,43,72,-1,-1,05T35@2,BUYER,0,124,-1,-1,3
2428,T36,OTHER,125,5,43,-1,-1,-1,04T36@2,BUYER,0,-1,-1,-1,3
2427,T35,OTHER,125,3,43,73,-1,-1,05T35@2,BUYER,0,125,-1,-1,3
2426,T35,OTHER,125,4,43,73,-1,-1,05T35@2,BUYER,0,125,-1,-1,3
2425,T36,OTHER,125,2,43,73,-1,-1,04T36@2,BUYER,0,125,-1,-1,3
2424,OTHER,T07,125,2,10,73,-1,-1,SELLER,00T07@0,0,125,-1,-1,0
2423,T36,OTHER,125,1,43,73,-1,-1,04T36@2,BUYER,0,125,-1,-1,3
2422,OTHER,T07,125,6,10,73,-1,-1,SELLER,00T07@0,0,125,-1,-1,0
2421,OTHER,T07,125,3,10,73,-1,-1,SELLER,00T07@0,0,125,-1,-1,0
2420,OTHER,T07,125,3,10,73,-1,-1,SELLER,00T07@0,0,125,-1,-1,0
2419,T35,OTHER,125,2,43,73,-1,-1,05T35@2,BUYER,0,125,-1,-1,3
2418,T35,OTHER,125,3,43,73,-1,-1,05T35@2,BUYER,0,125,-1,-1,3
2438,T36,OTHER,126,3,43,-1,-1,-1,04T36@2,BUYER,0,-1,-1,-1,3
2437,OTHER,T07,126,1,10,74,-1,-1,SELLER,00T07@0,0,126,-1,-1,0
2436,OTHER,T07,126,1,10,74,-1,-1,SELLER,00T07@0,0,126,-1,-1,0
2435,T35,OTHER,126,4,43,74,-1,-1,05T35@2,BUYER,0,126,-1,-1,3
2434,T35,OTHER,126,3,43,74,-1,-1,05T35@2,BUYER,0,126,-1,-1,3
2433,OTHER,T07,126,6,10,74,-1,-1,SELLER,00T07@0,0,126,-1,-1,0
2432,T36,OTHER,126,4,43,74,-1,-1,04T36@2,BUYER,0,126,-1,-1,3
2431,T36,OTHER,126,1,43,74,-1,-1,04T36@2,BUYER,0,126,-1,-1,3
2430,T35,OTHER,126,1,43,74,-1,-1,05T35@2,BUYER,0,126,-1,-1,3
2429,T35,OTHER,126,4,43,74,-1,-1,05T35@2,BUYER,0,126,-1,-1,3
2449,T36,OTHER,127,3,43,-1,-1,-1,04T36@2,BUYER,0,-1,-1,-1,3
2448,T36,OTHER,127,1,43,-1,-1,-1,04T36@2,BUYER,0,-1,-1,-1,3
2447,T35,OTHER,127,3,43,75,-1,-1,05T35@2,BUYER,0,127,-1,-1,3
2446,T35,OTHER,127,4,43,75,-1,-1,05T35@2,BUYER,0,127,-1,-1,3
2445,T36,OTHER,127,3,43,75,-1,-1,04T36@2,BUYER,0,127,-1,-1,3
2444,T36,OTHER,127,4,43,75,-1,-1,04T36@2,BUYER,0,127,-1,-1,3
2443,OTHER,T07,127,3,10,75,-1,-1,SELLER,00T07@0,0,127,-1,-1,0
2442,OTHER,T07,127,2,10,75,-1,-1,SELLER,00T07@0,0,127,-1,-1,0
2441,OTHER,T07,127,3,10,75,-1,-1,SELLER,00T07@0,0,127,-1,-1,0
2440,T35,OTHER,127,2,43,75,-1,-1,05T35@2,BUYER,0,127,-1,-1,3
2439,OTHER,T07,127,3,10,75,-1,-1,SELLER,00T07@0,0,127,-1,-1,0
2460,T36,OTHER,128,4,43,-1,-1,-1,04T36@2,BUYER,0,-1,-1,-1,3
2459,T36,OTHER,128,2,43,76,-1,-1,04T36@2,BUYER,0,128,-1,-1,3
2458,T35,OTHER,128,3,43,76,-1,-1,05T35@2,BUYER,0,128,-1,-1,3
2457,T35,OTHER,128,2,43,76,-1,-1,05T35@2,BUYER,0,128,-1,-1,3
2456,OTHER,T07,128,2,10,76,-1,-1,SELLER,00T07@0,0,128,-1,-1,0
2454,T35,OTHER,128,4,43,76,-1,-1,05T35@2,BUYER,0,128,-1,-1,3
2453,T35,OTHER,128,2,43,76,-1,-1,05T35@2,BUYER,0,128,-1,-1,3
2452,OTHER,T07,128,2,10,76,-1,-1,SELLER,00T07@0,0,128,-1,-1,0
2451,T35,OTHER,128,3,43,76,-1,-1,05T35@2,BUYER,0,128,-1,-1,3
2450,OTHER,T07,128,2,10,76,-1,-1,SELLER,00T07@0,0,128,-1,-1,0
2455,OTHER,T07,128,4,10,76,-1,-1,SELLER,00T07@0,0,128,-1,-1,0
2466,T36,OTHER,129,1,43,77,-1,-1,04T36@2,BUYER,0,129,-1,-1,3
2471,T35,OTHER,129,2,43,77,-1,-1,05T35@2,BUYER,0,129,-1,-1,3
2470,OTHER,T07,129,4,10,77,-1,-1,SELLER,00T07@0,0,129,-1,-1,0
2469,T36,OTHER,129,2,43,77,-1,-1,04T36@2,BUYER,0,129,-1,-1,3
2468,T35,OTHER,129,4,43,77,-1,-1,05T35@2,BUYER,0,129,-1,-1,3
2467,OTHER,T07,129,4,10,77,-1,-1,SELLER,00T07@0,0,129,-1,-1,0
2464,T36,OTHER,129,4,43,77,-1,-1,04T36@2,BUYER,0,129,-1,-1,3
2463,T35,OTHER,129,2,43,77,-1,-1,05T35@2,BUYER,0,129,-1,-1,3
2462,T35,OTHER,129,2,43,77,-1,-1,05T35@2,BUYER,0,129,-1,-1,3
2461,OTHER,T07,129,2,10,77,-1,-1,SELLER,00T07@0,0,129,-1,-1,0
2465,T35,OTHER,129,3,43,77,-1,-1,05T35@2,BUYER,0,129,-1,-1,3
2479,OTHER,T07,130,2,10,78,-1,-1,SELLER,00T07@0,0,130,-1,-1,0
2480,T36,OTHER,130,1,43,78,-1,-1,04T36@2,BUYER,0,130,-1,-1,3
2476,T35,OTHER,130,4,43,78,-1,-1,05T35@2,BUYER,0,130,-1,-1,3
2482,T36,OTHER,130,5,43,-1,-1,-1,04T36@2,BUYER,0,-1,-1,-1,3
2481,T36,OTHER,130,4,43,-1,-1,-1,04T36@2,BUYER,0,-1,-1,-1,3
2478,OTHER,T07,130,2,10,78,-1,-1,SELLER,00T07@0,0,130,-1,-1,0
2474,T35,OTHER,130,1,43,78,-1,-1,05T35@2,BUYER,0,130,-1,-1,3
2475,OTHER,T07,130,3,10,78,-1,-1,SELLER,00T07@0,0,130,-1,-1,0
2473,T36,OTHER,130,3,43,78,-1,-1,04T36@2,BUYER,0,130,-1,-1,3
2472,OTHER,T07,130,3,10,78,-1,-1,SELLER,00T07@0,0,130,-1,-1,0
2477,T35,OTHER,130,2,43,78,-1,-1,05T35@2,BUYER,0,130,-1,-1,3
2492,T36,OTHER,131,2,43,-1,-1,-1,04T36@2,BUYER,0,-1,-1,-1,3
2483,OTHER,T07,131,2,10,79,-1,-1,SELLER,00T07@0,0,131,-1,-1,0
2484,T35,OTHER,131,3,43,79,-1,-1,05T35@2,BUYER,0,131,-1,-1,3
2485,T36,OTHER,131,6,43,79,-1,-1,04T36@2,BUYER,0,131,-1,-1,3
2486,T36,OTHER,131,2,43,79,-1,-1,04T36@2,BUYER,0,131,-1,-1,3
2487,T35,OTHER,131,4,43,79,-1,-1,05T35@2,BUYER,0,131,-1,-1,3
2488,OTHER,T07,131,3,10,79,-1,-1,SELLER,00T07@0,0,131,-1,-1,0
2489,OTHER,T07,131,3,10,79,-1,-1,SELLER,00T07@0,0,131,-1,-1,0
2490,OTHER,T07,131,2,10,79,-1,-1,SELLER,00T07@0,0,131,-1,-1,0
2491,T36,OTHER,131,3,43,-1,-1,-1,04T36@2,BUYER,0,-1,-1,-1,3
2500,T35,OTHER,132,2,43,80,-1,-1,05T35@2,BUYER,0,132,-1,-1,3
2499,OTHER,T07,132,3,10,80,-1,-1,SELLER,00T07@0,0,132,-1,-1,0
2501,T36,OTHER,132,6,43,-1,-1,-1,04T36@2,BUYER,0,-1,-1,-1,3
2498,T35,OTHER,132,6,43,80,-1,-1,05T35@2,BUYER,0,132,-1,-1,3
2493,T36,OTHER,132,3,43,80,-1,-1,04T36@2,BUYER,0,132,-1,-1,3
2496,OTHER,T07,132,8,10,80,-1,-1,SELLER,00T07@0,0,132,-1,-1,0
2495,OTHER,T07,132,1,10,80,-1,-1,SELLER,00T07@0,0,132,-1,-1,0
2494,T35,OTHER,132,1,43,80,-1,-1,05T35@2,BUYER,0,132,-1,-1,3
2497,T35,OTHER,132,2,43,80,-1,-1,05T35@2,BUYER,0,132,-1,-1,3
2511,T36,OTHER,133,4,43,-1,-1,-1,04T36@2,BUYER,0,-1,-1,-1,3
2510,T36,OTHER,133,3,43,81,-1,-1,04T36@2,BUYER,0,133,-1,-1,3
2509,T35,OTHER,133,3,43,81,-1,-1,05T35@2,BUYER,0,133,-1,-1,3
2508,OTHER,T07,133,2,10,81,-1,-1,SELLER,00T07@0,0,133,-1,-1,0
2507,T35,OTHER,133,5,43,81,-1,-1,05T35@2,BUYER,0,133,-1,-1,3
2505,T35,OTHER,133,2,43,81,-1,-1,05T35@2,BUYER,0,133,-1,-1,3
2504,OTHER,T07,133,4,10,81,-1,-1,SELLER,00T07@0,0,133,-1,-1,0
2503,OTHER,T07,133,2,10,81,-1,-1,SELLER,00T07@0,0,133,-1,-1,0
2502,T36,OTHER,133,2,43,81,-1,-1,04T36@2,BUYER,0,133,-1,-1,3
2506,T36,OTHER,133,1,43,81,-1,-1,04T36@2,BUYER,0,133,-1,-1,3
2520,T35,OTHER,134,1,43,82,-1,-1,05T35@2,BUYER,0,134,-1,-1,3
2523,T36,OTHER,134,3,43,-1,-1,-1,04T36@2,BUYER,0,-1,-1,-1,3
2522,T36,OTHER,134,1,43,-1,-1,-1,04T36@2,BUYER,0,-1,-1,-1,3
2521,T35,OTHER,134,5,43,82,-1,-1,05T35@2,BUYER,0,134,-1,-1,3
2519,OTHER,T07,134,1,10,82,-1,-1,SELLER,00T07@0,0,134,-1,-1,0
2518,OTHER,T07,134,4,10,82,-1,-1,SELLER,00T07@0,0,134,-1,-1,0
2516,T35,OTHER,134,3,43,82,-1,-1,05T35@2,BUYER,0,134,-1,-1,3
2515,OTHER,T07,134,3,10,82,-1,-1,SELLER,00T07@0,0,134,-1,-1,0
2514,T36,OTHER,134,3,43,82,-1,-1,04T36@2,BUYER,0,134,-1,-1,3
2513,T35,OTHER,134,3,43,82,-1,-1,05T35@2,BUYER,0,134,-1,-1,3
2512,T35,OTHER,134,1,43,82,-1,-1,05T35@2,BUYER,0,134,-1,-1,3
2517,OTHER,T07,134,2,10,82,-1,-1,SELLER,00T07@0,0,134,-1,-1,0
2528,OTHER,T07,135,2,10,83,-1,-1,SELLER,00T07@0,0,135,-1,-1,0
2532,T36,OTHER,135,4,43,-1,-1,-1,04T36@2,BUYER,0,-1,-1,-1,3
2531,T35,OTHER,135,2,43,83,-1,-1,05T35@2,BUYER,0,135,-1,-1,3
2530,T35,OTHER,135,3,43,83,-1,-1,05T35@2,BUYER,0,135,-1,-1,3
2529,T35,OTHER,135,5,43,83,-1,-1,05T35@2,BUYER,0,135,-1,-1,3
2526,OTHER,T07,135,2,10,83,-1,-1,SELLER,00T07@0,0,135,-1,-1,0
2533,T36,OTHER,135,2,43,-1,-1,-1,04T36@2,BUYER,0,-1,-1,-1,3
2525,T36,OTHER,135,2,43,83,-1,-1,04T36@2,BUYER,0,135,-1,-1,3
2524,T35,OTHER,135,2,43,83,-1,-1,05T35@2,BUYER,0,135,-1,-1,3
2527,OTHER,T07,135,4,10,83,-1,-1,SELLER,00T07@0,0,135,-1,-1,0
2542,T35,OTHER,136,4,43,84,-1,-1,05T35@2,BUYER,0,136,-1,-1,3
2541,OTHER,T07,136,5,10,84,-1,-1,SELLER,00T07@0,0,136,-1,-1,0
2543,T35,OTHER,136,4,43,84,-1,-1,05T35@2,BUYER,0,136,-1,-1,3
2544,T35,OTHER,136,2,43,84,-1,-1,05T35@2,BUYER,0,136,-1,-1,3
2540,T36,OTHER,136,4,43,84,-1,-1,04T36@2,BUYER,0,136,-1,-1,3
2535,T36,OTHER,136,2,43,84,-1,-1,04T36@2,BUYER,0,136,-1,-1,3
2538,T36,OTHER,136,3,43,84,-1,-1,04T36@2,BUYER,0,136,-1,-1,3
2537,OTHER,T07,136,3,10,84,-1,-1,SELLER,00T07@0,0,136,-1,-1,0
2536,T35,OTHER,136,1,43,84,-1,-1,05T35@2,BUYER,0,136,-1,-1,3
2534,OTHER,T07,136,2,10,84,-1,-1,SELLER,00T07@0,0,136,-1,-1,0
2539,OTHER,T07,136,1,10,84,-1,-1,SELLER,00T07@0,0,136,-1,-1,0
2545,OTHER,T07,137,3,10,85,-1,-1,SELLER,00T07@0,0,137,-1,-1,0
2546,T36,OTHER,137,1,43,85,-1,-1,04T36@2,BUYER,0,137,-1,-1,3
2547,T35,OTHER,137,3,43,85,-1,-1,05T35@2,BUYER,0,137,-1,-1,3
2548,T35,OTHER,137,5,43,85,-1,-1,05T35@2,BUYER,0,137,-1,-1,3
2549,T36,OTHER,137,1,43,85,-1,-1,04T36@2,BUYER,0,137,-1,-1,3
2550,OTHER,T07,137,3,10,85,-1,-1,SELLER,00T07@0,0,137,-1,-1,0
2551,T35,OTHER,137,4,43,85,-1,-1,05T35@2,BUYER,0,137,-1,-1,3
2552,T36,OTHER,137,6,43,-1,-1,-1,04T36@2,BUYER,0,-1,-1,-1,3
2559,T36,OTHER,138,2,43,-1,-1,-1,04T36@2,BUYER,0,-1,-1,-1,3
2558,T36,OTHER,138,2,43,-1,-1,-1,04T36@2,BUYER,0,-1,-1,-1,3
2557,T35,OTHER,138,3,43,86,-1,-1,05T35@2,BUYER,0,138,-1,-1,3
2556,T35,OTHER,138,2,43,86,-1,-1,05T35@2,BUYER,0,138,-1,-1,3
2554,T36,OTHER,138,3,43,86,-1,-1,04T36@2,BUYER,0,138,-1,-1,3
2553,T36,OTHER,138,5,43,86,-1,-1,04T36@2,BUYER,0,138,-1,-1,3
2555,T35,OTHER,138,3,43,86,-1,-1,05T35@2,BUYER,0,138,-1,-1,3
2566,T36,OTHER,139,3,43,-1,-1,-1,04T36@2,BUYER,0,-1,-1,-1,3
2564,T35,OTHER,139,2,43,87,-1,-1,05T35@2,BUYER,0,139,-1,-1,3
2563,T36,OTHER,139,1,43,87,-1,-1,04T36@2,BUYER,0,139,-1,-1,3
2565,T35,OTHER,139,3,43,87,-1,-1,05T35@2,BUYER,0,139,-1,-1,3
2561,T35,OTHER,139,2,43,87,-1,-1,05T35@2,BUYER,0,139,-1,-1,3
2560,T35,OTHER,139,4,43,87,-1,-1,05T35@2,BUYER,0,139,-1,-1,3
2562,T36,OTHER,139,5,43,87,-1,-1,04T36@2,BUYER,0,139,-1,-1,3
2572,T36,OTHER,140,3,43,-1,-1,-1,04T36@2,BUYER,0,-1,-1,-1,3
2567,T35,OTHER,140,1,43,88,-1,-1,05T35@2,BUYER,0,140,-1,-1,3
2568,T35,OTHER,140,5,43,88,-1,-1,05T35@2,BUYER,0,140,-1,-1,3
2569,T35,OTHER,140,3,43,88,-1,-1,05T35@2,BUYER,0,140,-1,-1,3
2570,T35,OTHER,140,2,43,88,-1,-1,05T35@2,BUYER,0,140,-1,-1,3
2571,T35,OTHER,140,3,43,88,-1,-1,05T35@2,BUYER,0,140,-1,-1,3
2573,T36,OTHER,140,3,43,-1,-1,-1,04T36@2,BUYER,0,-1,-1,-1,3
