index,seller_type,buyer_type,delivery_time,quantity,unit_price,signed_at,nullified_at,concluded_at,seller,buyer,n_neg_steps,executed_at,erred_at,dropped_at,product
159,OTHER,T22,0,2,10,0,-1,-1,SELLER,00T22@0,0,0,-1,-1,0
10,OTHER,T35,0,3,10,0,-1,-1,SELLER,01T35@0,0,0,-1,-1,0
306,OTHER,T35,0,3,10,0,-1,-1,SELLER,01T35@0,0,0,-1,-1,0
371,OTHER,T22,0,1,10,0,-1,-1,SELLER,00T22@0,0,0,-1,-1,0
316,OTHER,T35,0,2,10,0,-1,-1,SELLER,01T35@0,0,0,-1,-1,0
219,OTHER,T22,0,2,10,0,-1,-1,SELLER,00T22@0,0,0,-1,-1,0
38,OTHER,T22,0,5,10,0,-1,-1,SELLER,00T22@0,0,0,-1,-1,0
413,OTHER,T22,0,2,10,0,-1,-1,SELLER,00T22@0,0,0,-1,-1,0
397,OTHER,T22,1,2,10,0,-1,-1,SELLER,00T22@0,0,1,-1,-1,0
179,OTHER,T22,1,6,10,0,-1,-1,SELLER,00T22@0,0,1,-1,-1,0
186,OTHER,T22,1,3,10,0,-1,-1,SELLER,00T22@0,0,1,-1,-1,0
70,OTHER,T22,1,1,10,0,-1,-1,SELLER,00T22@0,0,1,-1,-1,0
207,OTHER,T35,1,3,10,0,-1,-1,SELLER,01T35@0,0,1,-1,-1,0
500,T35,T06,1,8,8,1,-1,1,01T35@0,03T06@1,17,1,-1,-1,1
67,OTHER,T35,1,2,10,0,-1,-1,SELLER,01T35@0,0,1,-1,-1,0
350,OTHER,T22,1,1,10,0,-1,-1,SELLER,00T22@0,0,1,-1,-1,0
17,OTHER,T22,1,2,10,0,-1,-1,SELLER,00T22@0,0,1,-1,-1,0
71,OTHER,T22,2,1,10,0,-1,-1,SELLER,00T22@0,0,2,-1,-1,0
526,T35,T06,2,8,8,2,-1,2,01T35@0,03T06@1,17,2,-1,-1,1
55,OTHER,T22,2,1,10,0,-1,-1,SELLER,00T22@0,0,2,-1,-1,0
224,OTHER,T22,2,4,10,0,-1,-1,SELLER,00T22@0,0,2,-1,-1,0
532,T22,T06,2,43,16,-1,-1,2,00T22@0,03T06@1,2,-1,-1,-1,1
506,T22,T06,2,20,25,-1,-1,1,00T22@0,03T06@1,17,-1,-1,-1,1
147,OTHER,T35,2,4,10,0,-1,-1,SELLER,01T35@0,0,2,-1,-1,0
258,OTHER,T22,2,3,10,0,-1,-1,SELLER,00T22@0,0,2,-1,-1,0
493,T22,T06,2,8,9,1,-1,1,00T22@0,03T06@1,17,2,-1,-1,1
347,OTHER,T35,2,2,10,0,-1,-1,SELLER,01T35@0,0,2,-1,-1,0
385,OTHER,T35,2,2,10,0,-1,-1,SELLER,01T35@0,0,2,-1,-1,0
334,OTHER,T35,2,1,10,0,-1,-1,SELLER,01T35@0,0,2,-1,-1,0
101,OTHER,T35,2,2,10,0,-1,-1,SELLER,01T35@0,0,2,-1,-1,0
368,T35,OTHER,3,2,39,0,-1,-1,04T35@2,BUYER,0,3,-1,-1,3
431,OTHER,T35,3,2,10,0,-1,-1,SELLER,01T35@0,0,3,-1,-1,0
127,OTHER,T22,3,2,10,0,-1,-1,SELLER,00T22@0,0,3,-1,-1,0
553,T06,T35,3,7,34,-1,-1,3,03T06@1,04T35@2,17,-1,-1,-1,2
50,T35,OTHER,3,1,39,0,-1,-1,04T35@2,BUYER,0,3,-1,-1,3
124,OTHER,T22,3,4,10,0,-1,-1,SELLER,00T22@0,0,3,-1,-1,0
136,T35,OTHER,3,2,39,0,-1,-1,05T35@2,BUYER,0,3,-1,-1,3
98,T35,OTHER,3,1,39,0,-1,-1,05T35@2,BUYER,0,3,-1,-1,3
256,T35,OTHER,3,2,39,0,-1,-1,04T35@2,BUYER,0,3,-1,-1,3
80,T35,OTHER,3,3,39,0,-1,-1,05T35@2,BUYER,0,3,-1,-1,3
34,OTHER,T35,3,2,10,0,-1,-1,SELLER,01T35@0,0,3,-1,-1,0
303,OTHER,T22,3,2,10,0,-1,-1,SELLER,00T22@0,0,3,-1,-1,0
450,T35,OTHER,3,4,39,0,-1,-1,04T35@2,BUYER,0,3,-1,-1,3
105,OTHER,T35,3,3,10,0,-1,-1,SELLER,01T35@0,0,3,-1,-1,0
272,OTHER,T35,3,1,10,0,-1,-1,SELLER,01T35@0,0,3,-1,-1,0
21,T35,OTHER,3,5,39,0,-1,-1,05T35@2,BUYER,0,3,-1,-1,3
457,OTHER,T35,3,4,10,0,-1,-1,SELLER,01T35@0,0,3,-1,-1,0
83,OTHER,T22,4,4,10,0,-1,-1,SELLER,00T22@0,0,4,-1,-1,0
442,OTHER,T22,4,1,10,0,-1,-1,SELLER,00T22@0,0,4,-1,-1,0
241,T35,OTHER,4,2,39,0,-1,-1,04T35@2,BUYER,0,4,-1,-1,3
182,T35,OTHER,4,4,39,0,-1,-1,04T35@2,BUYER,0,4,-1,-1,3
28,OTHER,T35,4,1,10,0,-1,-1,SELLER,01T35@0,0,4,-1,-1,0
417,T35,OTHER,4,2,39,0,-1,-1,04T35@2,BUYER,0,4,-1,-1,3
193,OTHER,T22,4,3,10,0,-1,-1,SELLER,00T22@0,0,4,-1,-1,0
149,T35,OTHER,4,3,39,0,-1,-1,05T35@2,BUYER,0,4,-1,-1,3
309,OTHER,T35,4,4,10,0,-1,-1,SELLER,01T35@0,0,4,-1,-1,0
262,T35,OTHER,4,3,39,0,-1,-1,04T35@2,BUYER,0,4,-1,-1,3
277,T35,OTHER,4,2,39,0,-1,-1,05T35@2,BUYER,0,4,-1,-1,3
206,OTHER,T35,4,2,10,0,-1,-1,SELLER,01T35@0,0,4,-1,-1,0
394,T35,OTHER,4,3,39,0,-1,-1,05T35@2,BUYER,0,4,-1,-1,3
140,OTHER,T35,4,2,10,0,-1,-1,SELLER,01T35@0,0,4,-1,-1,0
426,T35,OTHER,4,1,39,0,-1,-1,04T35@2,BUYER,0,4,-1,-1,3
386,OTHER,T35,4,3,10,0,-1,-1,SELLER,01T35@0,0,4,-1,-1,0
6,OTHER,T35,5,6,10,0,-1,-1,SELLER,01T35@0,0,5,-1,-1,0
392,T35,OTHER,5,1,39,0,-1,-1,04T35@2,BUYER,0,5,-1,-1,3
76,OTHER,T22,5,2,10,0,-1,-1,SELLER,00T22@0,0,5,-1,-1,0
470,OTHER,T35,5,1,10,0,-1,-1,SELLER,01T35@0,0,5,-1,-1,0
290,T35,OTHER,5,3,39,0,-1,-1,05T35@2,BUYER,0,5,-1,-1,3
107,OTHER,T22,5,3,10,0,-1,-1,SELLER,00T22@0,0,5,-1,-1,0
598,T06,T35,5,454,23,-1,-1,5,03T06@1,05T35@2,2,-1,-1,-1,2
384,T35,OTHER,5,2,39,0,-1,-1,04T35@2,BUYER,0,5,-1,-1,3
446,OTHER,T22,5,6,10,0,-1,-1,SELLER,00T22@0,0,5,-1,-1,0
509,T22,T06,5,14,25,-1,-1,1,00T22@0,03T06@1,17,-1,-1,-1,1
349,T35,OTHER,5,6,39,0,-1,-1,04T35@2,BUYER,0,5,-1,-1,3
116,T35,OTHER,5,2,39,0,-1,-1,04T35@2,BUYER,0,5,-1,-1,3
118,OTHER,T22,5,2,10,0,-1,-1,SELLER,00T22@0,0,5,-1,-1,0
360,T35,OTHER,5,1,39,0,-1,-1,04T35@2,BUYER,0,5,-1,-1,3
567,T06,T35,5,4,34,4,-1,4,03T06@1,04T35@2,17,5,-1,-1,2
447,T35,OTHER,5,3,39,0,-1,-1,05T35@2,BUYER,0,5,-1,-1,3
357,T35,OTHER,5,2,39,0,-1,-1,05T35@2,BUYER,0,5,-1,-1,3
353,T35,OTHER,6,2,39,0,-1,-1,04T35@2,BUYER,0,6,-1,-1,3
154,OTHER,T35,6,1,10,0,-1,-1,SELLER,01T35@0,0,6,-1,-1,0
230,T35,OTHER,6,4,39,0,-1,-1,04T35@2,BUYER,0,6,-1,-1,3
169,OTHER,T35,6,5,10,0,-1,-1,SELLER,01T35@0,0,6,-1,-1,0
421,T35,OTHER,6,5,39,0,-1,-1,05T35@2,BUYER,0,6,-1,-1,3
141,OTHER,T35,6,2,10,0,-1,-1,SELLER,01T35@0,0,6,-1,-1,0
336,OTHER,T22,6,3,10,0,-1,-1,SELLER,00T22@0,0,6,-1,-1,0
435,OTHER,T22,6,2,10,0,-1,-1,SELLER,00T22@0,0,6,-1,-1,0
146,OTHER,T22,6,3,10,0,-1,-1,SELLER,00T22@0,0,6,-1,-1,0
393,OTHER,T22,6,2,10,0,-1,-1,SELLER,00T22@0,0,6,-1,-1,0
49,T35,OTHER,6,1,39,0,-1,-1,05T35@2,BUYER,0,6,-1,-1,3
35,T35,OTHER,6,1,39,0,-1,-1,04T35@2,BUYER,0,6,-1,-1,3
32,OTHER,T22,6,2,10,0,-1,-1,SELLER,00T22@0,0,6,-1,-1,0
325,T35,OTHER,6,2,39,0,-1,-1,04T35@2,BUYER,0,6,-1,-1,3
597,T06,T35,6,10,13,-1,-1,5,03T06@1,05T35@2,17,-1,-1,-1,2
308,T35,OTHER,6,3,39,0,-1,-1,04T35@2,BUYER,0,6,-1,-1,3
271,T35,OTHER,6,2,39,0,-1,-1,05T35@2,BUYER,0,6,-1,-1,3
505,T22,T06,6,10,23,-1,-1,1,00T22@0,03T06@1,17,-1,-1,-1,1
618,T06,T35,6,238,23,-1,-1,6,03T06@1,04T35@2,2,-1,-1,-1,2
82,OTHER,T22,7,1,10,0,-1,-1,SELLER,00T22@0,0,7,-1,-1,0
46,T35,OTHER,7,1,39,0,-1,-1,04T35@2,BUYER,0,7,-1,-1,3
425,T35,OTHER,7,1,39,0,-1,-1,05T35@2,BUYER,0,7,-1,-1,3
126,OTHER,T35,7,1,10,0,-1,-1,SELLER,01T35@0,0,7,-1,-1,0
351,OTHER,T35,7,2,10,0,-1,-1,SELLER,01T35@0,0,7,-1,-1,0
138,T35,OTHER,7,5,39,0,-1,-1,05T35@2,BUYER,0,7,-1,-1,3
359,T35,OTHER,7,1,39,0,-1,-1,04T35@2,BUYER,0,7,-1,-1,3
572,T06,T35,7,9,11,-1,-1,4,03T06@1,04T35@2,17,-1,-1,-1,2
387,OTHER,T22,7,4,10,0,-1,-1,SELLER,00T22@0,0,7,-1,-1,0
225,OTHER,T22,7,3,10,0,-1,-1,SELLER,00T22@0,0,7,-1,-1,0
254,T35,OTHER,7,2,39,0,-1,-1,04T35@2,BUYER,0,7,-1,-1,3
510,T22,T06,7,18,25,-1,-1,1,00T22@0,03T06@1,17,-1,-1,-1,1
235,T35,OTHER,7,3,39,0,-1,-1,04T35@2,BUYER,0,7,-1,-1,3
62,OTHER,T22,7,1,10,0,-1,-1,SELLER,00T22@0,0,7,-1,-1,0
507,T22,T06,7,13,25,-1,-1,1,00T22@0,03T06@1,17,-1,-1,-1,1
45,T35,OTHER,7,2,39,0,-1,-1,05T35@2,BUYER,0,7,-1,-1,3
574,T06,T35,7,9,11,-1,-1,4,03T06@1,05T35@2,17,-1,-1,-1,2
411,T35,OTHER,7,4,39,0,-1,-1,04T35@2,BUYER,0,7,-1,-1,3
73,OTHER,T35,7,2,10,0,-1,-1,SELLER,01T35@0,0,7,-1,-1,0
252,OTHER,T35,7,4,10,0,-1,-1,SELLER,01T35@0,0,7,-1,-1,0
404,T35,OTHER,7,1,39,0,-1,-1,05T35@2,BUYER,0,7,-1,-1,3
508,T22,T06,7,13,23,-1,-1,1,00T22@0,03T06@1,17,-1,-1,-1,1
638,T35,T06,7,60,16,-1,-1,7,01T35@0,03T06@1,2,-1,-1,-1,1
400,OTHER,T35,7,2,10,0,-1,-1,SELLER,01T35@0,0,7,-1,-1,0
418,T35,OTHER,8,3,39,0,-1,-1,04T35@2,BUYER,0,8,-1,-1,3
200,T35,OTHER,8,2,39,0,-1,-1,04T35@2,BUYER,0,8,-1,-1,3
289,OTHER,T22,8,2,10,0,-1,-1,SELLER,00T22@0,0,8,-1,-1,0
408,OTHER,T35,8,2,10,0,-1,-1,SELLER,01T35@0,0,8,-1,-1,0
137,T35,OTHER,8,3,39,0,-1,-1,05T35@2,BUYER,0,8,-1,-1,3
366,OTHER,T35,8,1,10,0,-1,-1,SELLER,01T35@0,0,8,-1,-1,0
656,T06,T35,8,138,23,-1,-1,8,03T06@1,04T35@2,2,-1,-1,-1,2
243,T35,OTHER,8,3,39,0,-1,-1,04T35@2,BUYER,0,8,-1,-1,3
42,OTHER,T22,8,3,10,0,-1,-1,SELLER,00T22@0,0,8,-1,-1,0
41,OTHER,T22,8,4,10,0,-1,-1,SELLER,00T22@0,0,8,-1,-1,0
69,OTHER,T35,8,2,10,0,-1,-1,SELLER,01T35@0,0,8,-1,-1,0
344,OTHER,T35,8,4,10,0,-1,-1,SELLER,01T35@0,0,8,-1,-1,0
552,T06,T35,8,7,35,-1,-1,3,03T06@1,05T35@2,17,-1,-1,-1,2
533,T35,T06,8,50,16,-1,-1,2,01T35@0,03T06@1,2,-1,-1,-1,1
245,T35,OTHER,8,1,39,0,-1,-1,04T35@2,BUYER,0,8,-1,-1,3
102,T35,OTHER,8,3,39,0,-1,-1,04T35@2,BUYER,0,8,-1,-1,3
84,T35,OTHER,8,2,39,0,-1,-1,04T35@2,BUYER,0,8,-1,-1,3
108,OTHER,T35,8,2,10,0,-1,-1,SELLER,01T35@0,0,8,-1,-1,0
240,T35,OTHER,8,3,39,0,-1,-1,04T35@2,BUYER,0,8,-1,-1,3
407,OTHER,T35,9,2,10,0,-1,-1,SELLER,01T35@0,0,9,-1,-1,0
160,T35,OTHER,9,1,39,0,-1,-1,04T35@2,BUYER,0,9,-1,-1,3
214,OTHER,T22,9,2,10,0,-1,-1,SELLER,00T22@0,0,9,-1,-1,0
8,T35,OTHER,9,1,39,0,-1,-1,05T35@2,BUYER,0,9,-1,-1,3
172,OTHER,T35,9,4,10,0,-1,-1,SELLER,01T35@0,0,9,-1,-1,0
151,T35,OTHER,9,1,39,0,-1,-1,04T35@2,BUYER,0,9,-1,-1,3
335,OTHER,T35,9,3,10,0,-1,-1,SELLER,01T35@0,0,9,-1,-1,0
463,T35,OTHER,9,3,39,0,-1,-1,04T35@2,BUYER,0,9,-1,-1,3
528,T35,T06,9,56,16,-1,-1,2,01T35@0,03T06@1,2,-1,-1,-1,1
119,T35,OTHER,9,5,39,0,-1,-1,04T35@2,BUYER,0,9,-1,-1,3
364,OTHER,T22,9,1,10,0,-1,-1,SELLER,00T22@0,0,9,-1,-1,0
87,OTHER,T35,9,2,10,0,-1,-1,SELLER,01T35@0,0,9,-1,-1,0
422,OTHER,T35,9,2,10,0,-1,-1,SELLER,01T35@0,0,9,-1,-1,0
222,T35,OTHER,9,5,39,0,-1,-1,05T35@2,BUYER,0,9,-1,-1,3
113,OTHER,T22,9,4,10,0,-1,-1,SELLER,00T22@0,0,9,-1,-1,0
298,T35,OTHER,9,2,39,0,-1,-1,05T35@2,BUYER,0,9,-1,-1,3
284,T35,OTHER,9,2,39,0,-1,-1,04T35@2,BUYER,0,9,-1,-1,3
181,OTHER,T22,10,5,10,0,-1,-1,SELLER,00T22@0,0,10,-1,-1,0
167,OTHER,T35,10,3,10,0,-1,-1,SELLER,01T35@0,0,10,-1,-1,0
12,T35,OTHER,10,2,39,0,-1,-1,05T35@2,BUYER,0,10,-1,-1,3
398,OTHER,T35,10,2,10,0,-1,-1,SELLER,01T35@0,0,10,-1,-1,0
92,T35,OTHER,10,4,39,0,-1,-1,04T35@2,BUYER,0,10,-1,-1,3
286,T35,OTHER,10,2,39,0,-1,-1,04T35@2,BUYER,0,10,-1,-1,3
95,T35,OTHER,10,2,39,0,-1,-1,04T35@2,BUYER,0,10,-1,-1,3
260,T35,OTHER,10,2,39,0,-1,-1,04T35@2,BUYER,0,10,-1,-1,3
531,T35,T06,10,57,16,-1,-1,2,01T35@0,03T06@1,2,-1,-1,-1,1
467,T35,OTHER,10,2,39,0,-1,-1,05T35@2,BUYER,0,10,-1,-1,3
427,OTHER,T35,10,3,10,0,-1,-1,SELLER,01T35@0,0,10,-1,-1,0
586,T06,T35,10,6,35,5,-1,5,03T06@1,04T35@2,17,10,-1,-1,2
121,OTHER,T35,10,1,10,0,-1,-1,SELLER,01T35@0,0,10,-1,-1,0
40,T35,OTHER,10,1,39,0,-1,-1,05T35@2,BUYER,0,10,-1,-1,3
314,OTHER,T35,10,2,10,0,-1,-1,SELLER,01T35@0,0,10,-1,-1,0
237,OTHER,T22,10,4,10,0,-1,-1,SELLER,00T22@0,0,10,-1,-1,0
37,T35,OTHER,10,5,39,0,-1,-1,05T35@2,BUYER,0,10,-1,-1,3
257,T35,OTHER,11,2,39,0,-1,-1,04T35@2,BUYER,0,11,-1,-1,3
340,T35,OTHER,11,4,39,0,-1,-1,05T35@2,BUYER,0,11,-1,-1,3
313,T35,OTHER,11,3,39,0,-1,-1,04T35@2,BUYER,0,11,-1,-1,3
311,OTHER,T35,11,3,10,0,-1,-1,SELLER,01T35@0,0,11,-1,-1,0
205,OTHER,T35,11,3,10,0,-1,-1,SELLER,01T35@0,0,11,-1,-1,0
275,OTHER,T35,11,4,10,0,-1,-1,SELLER,01T35@0,0,11,-1,-1,0
315,OTHER,T22,11,3,10,0,-1,-1,SELLER,00T22@0,0,11,-1,-1,0
346,OTHER,T22,11,2,10,0,-1,-1,SELLER,00T22@0,0,11,-1,-1,0
292,T35,OTHER,11,1,39,0,-1,-1,04T35@2,BUYER,0,11,-1,-1,3
529,T35,T06,11,57,16,-1,-1,2,01T35@0,03T06@1,2,-1,-1,-1,1
145,T35,OTHER,11,2,39,0,-1,-1,05T35@2,BUYER,0,11,-1,-1,3
155,T35,OTHER,11,3,39,0,-1,-1,04T35@2,BUYER,0,11,-1,-1,3
530,T22,T06,11,17,23,-1,-1,2,00T22@0,03T06@1,17,-1,-1,-1,1
161,T35,OTHER,11,1,39,0,-1,-1,05T35@2,BUYER,0,11,-1,-1,3
440,T35,OTHER,11,4,39,0,-1,-1,05T35@2,BUYER,0,11,-1,-1,3
543,T22,T06,11,14,23,3,-1,3,00T22@0,03T06@1,17,11,-1,-1,1
428,OTHER,T22,11,5,10,0,-1,-1,SELLER,00T22@0,0,11,-1,-1,0
571,T22,T06,11,14,25,-1,-1,4,00T22@0,03T06@1,17,-1,-1,-1,1
406,T35,OTHER,12,3,39,0,-1,-1,05T35@2,BUYER,0,12,-1,-1,3
355,T35,OTHER,12,2,39,0,-1,-1,04T35@2,BUYER,0,12,-1,-1,3
276,OTHER,T22,12,4,10,0,-1,-1,SELLER,00T22@0,0,12,-1,-1,0
97,OTHER,T35,12,4,10,0,-1,-1,SELLER,01T35@0,0,12,-1,-1,0
285,T35,OTHER,12,3,39,0,-1,-1,05T35@2,BUYER,0,12,-1,-1,3
452,T35,OTHER,12,2,39,0,-1,-1,04T35@2,BUYER,0,12,-1,-1,3
11,OTHER,T35,12,3,10,0,-1,-1,SELLER,01T35@0,0,12,-1,-1,0
575,T35,T06,12,52,16,-1,-1,4,01T35@0,03T06@1,2,-1,-1,-1,1
402,T35,OTHER,12,2,39,0,-1,-1,04T35@2,BUYER,0,12,-1,-1,3
204,T35,OTHER,12,4,39,0,-1,-1,04T35@2,BUYER,0,12,-1,-1,3
455,OTHER,T22,12,3,10,0,-1,-1,SELLER,00T22@0,0,12,-1,-1,0
202,OTHER,T22,12,1,10,0,-1,-1,SELLER,00T22@0,0,12,-1,-1,0
171,OTHER,T35,12,2,10,0,-1,-1,SELLER,01T35@0,0,12,-1,-1,0
370,OTHER,T35,12,1,10,0,-1,-1,SELLER,01T35@0,0,12,-1,-1,0
399,OTHER,T35,12,2,10,0,-1,-1,SELLER,01T35@0,0,12,-1,-1,0
51,T35,OTHER,12,4,39,0,-1,-1,05T35@2,BUYER,0,12,-1,-1,3
432,OTHER,T35,13,1,10,0,-1,-1,SELLER,01T35@0,0,13,-1,-1,0
100,T35,OTHER,13,4,39,0,-1,-1,05T35@2,BUYER,0,13,-1,-1,3
441,OTHER,T22,13,4,10,0,-1,-1,SELLER,00T22@0,0,13,-1,-1,0
279,OTHER,T35,13,3,10,0,-1,-1,SELLER,01T35@0,0,13,-1,-1,0
94,T35,OTHER,13,3,39,0,-1,-1,04T35@2,BUYER,0,13,-1,-1,3
180,OTHER,T35,13,3,10,0,-1,-1,SELLER,01T35@0,0,13,-1,-1,0
329,OTHER,T35,13,3,10,0,-1,-1,SELLER,01T35@0,0,13,-1,-1,0
619,T22,T06,13,14,25,-1,-1,6,00T22@0,03T06@1,17,-1,-1,-1,1
227,OTHER,T22,13,1,10,0,-1,-1,SELLER,00T22@0,0,13,-1,-1,0
302,OTHER,T22,13,2,10,0,-1,-1,SELLER,00T22@0,0,13,-1,-1,0
263,T35,OTHER,13,1,39,0,-1,-1,04T35@2,BUYER,0,13,-1,-1,3
554,T35,T06,13,53,16,-1,-1,3,01T35@0,03T06@1,2,-1,-1,-1,1
259,T35,OTHER,13,4,39,0,-1,-1,05T35@2,BUYER,0,13,-1,-1,3
295,T35,OTHER,13,2,39,0,-1,-1,05T35@2,BUYER,0,13,-1,-1,3
367,OTHER,T22,13,2,10,0,-1,-1,SELLER,00T22@0,0,13,-1,-1,0
409,T35,OTHER,13,4,39,0,-1,-1,04T35@2,BUYER,0,13,-1,-1,3
304,T35,OTHER,13,1,39,0,-1,-1,05T35@2,BUYER,0,13,-1,-1,3
321,T35,OTHER,13,1,39,0,-1,-1,05T35@2,BUYER,0,13,-1,-1,3
293,OTHER,T35,13,1,10,0,-1,-1,SELLER,01T35@0,0,13,-1,-1,0
326,OTHER,T22,14,2,10,0,-1,-1,SELLER,00T22@0,0,14,-1,-1,0
85,OTHER,T35,14,3,10,0,-1,-1,SELLER,01T35@0,0,14,-1,-1,0
60,T35,OTHER,14,1,39,0,-1,-1,05T35@2,BUYER,0,14,-1,-1,3
307,T35,OTHER,14,3,39,0,-1,-1,05T35@2,BUYER,0,14,-1,-1,3
639,T22,T06,14,15,25,-1,-1,7,00T22@0,03T06@1,17,-1,-1,-1,1
465,OTHER,T35,14,2,10,0,-1,-1,SELLER,01T35@0,0,14,-1,-1,0
576,T35,T06,14,56,16,-1,-1,4,01T35@0,03T06@1,2,-1,-1,-1,1
460,T35,OTHER,14,2,39,0,-1,-1,05T35@2,BUYER,0,14,-1,-1,3
391,OTHER,T22,14,2,10,0,-1,-1,SELLER,00T22@0,0,14,-1,-1,0
133,OTHER,T22,14,2,10,0,-1,-1,SELLER,00T22@0,0,14,-1,-1,0
176,T35,OTHER,14,2,39,0,-1,-1,04T35@2,BUYER,0,14,-1,-1,3
164,T35,OTHER,14,4,39,0,-1,-1,04T35@2,BUYER,0,14,-1,-1,3
369,T35,OTHER,14,2,39,0,-1,-1,04T35@2,BUYER,0,14,-1,-1,3
365,OTHER,T35,14,3,10,0,-1,-1,SELLER,01T35@0,0,14,-1,-1,0
99,OTHER,T35,14,2,10,0,-1,-1,SELLER,01T35@0,0,14,-1,-1,0
356,T35,OTHER,14,2,39,0,-1,-1,04T35@2,BUYER,0,14,-1,-1,3
125,T35,OTHER,14,4,39,0,-1,-1,05T35@2,BUYER,0,14,-1,-1,3
599,T22,T06,14,12,23,-1,-1,5,00T22@0,03T06@1,17,-1,-1,-1,1
226,OTHER,T22,14,4,10,0,-1,-1,SELLER,00T22@0,0,14,-1,-1,0
596,T35,T06,15,56,16,-1,-1,5,01T35@0,03T06@1,2,-1,-1,-1,1
106,OTHER,T22,15,5,10,0,-1,-1,SELLER,00T22@0,0,15,-1,-1,0
266,OTHER,T22,15,4,10,0,-1,-1,SELLER,00T22@0,0,15,-1,-1,0
790,T06,T35,15,209,23,-1,-1,15,03T06@1,05T35@2,2,-1,-1,-1,2
772,T06,T35,15,10,13,-1,-1,14,03T06@1,04T35@2,17,-1,-1,-1,2
31,OTHER,T35,15,5,10,0,-1,-1,SELLER,01T35@0,0,15,-1,-1,0
170,OTHER,T22,15,1,10,0,-1,-1,SELLER,00T22@0,0,15,-1,-1,0
294,T35,OTHER,15,1,39,0,-1,-1,04T35@2,BUYER,0,15,-1,-1,3
438,T35,OTHER,15,3,39,0,-1,-1,05T35@2,BUYER,0,15,-1,-1,3
122,OTHER,T35,15,1,10,0,-1,-1,SELLER,01T35@0,0,15,-1,-1,0
449,T35,OTHER,15,3,39,0,-1,-1,04T35@2,BUYER,0,15,-1,-1,3
89,OTHER,T35,15,1,10,0,-1,-1,SELLER,01T35@0,0,15,-1,-1,0
318,T35,OTHER,15,1,39,0,-1,-1,05T35@2,BUYER,0,15,-1,-1,3
117,T35,OTHER,15,3,39,0,-1,-1,05T35@2,BUYER,0,15,-1,-1,3
132,T35,OTHER,15,2,39,0,-1,-1,04T35@2,BUYER,0,15,-1,-1,3
354,T35,OTHER,15,3,39,0,-1,-1,05T35@2,BUYER,0,15,-1,-1,3
217,OTHER,T35,15,3,10,0,-1,-1,SELLER,01T35@0,0,15,-1,-1,0
220,T35,OTHER,15,4,39,0,-1,-1,05T35@2,BUYER,0,15,-1,-1,3
675,T22,T06,16,14,25,-1,-1,9,00T22@0,03T06@1,17,-1,-1,-1,1
16,OTHER,T22,16,2,10,0,-1,-1,SELLER,00T22@0,0,16,-1,-1,0
617,T35,T06,16,58,16,-1,-1,6,01T35@0,03T06@1,2,-1,-1,-1,1
764,T06,T35,16,2,34,14,-1,14,03T06@1,04T35@2,17,16,-1,-1,2
655,T22,T06,16,13,23,-1,-1,8,00T22@0,03T06@1,17,-1,-1,-1,1
337,OTHER,T22,16,4,10,0,-1,-1,SELLER,00T22@0,0,16,-1,-1,0
27,T35,OTHER,16,4,39,0,-1,-1,05T35@2,BUYER,0,16,-1,-1,3
189,OTHER,T35,16,2,10,0,-1,-1,SELLER,01T35@0,0,16,-1,-1,0
383,T35,OTHER,16,2,39,0,-1,-1,04T35@2,BUYER,0,16,-1,-1,3
163,T35,OTHER,16,3,39,0,-1,-1,04T35@2,BUYER,0,16,-1,-1,3
157,OTHER,T22,16,2,10,0,-1,-1,SELLER,00T22@0,0,16,-1,-1,0
142,OTHER,T35,16,4,10,0,-1,-1,SELLER,01T35@0,0,16,-1,-1,0
216,T35,OTHER,16,1,39,0,-1,-1,05T35@2,BUYER,0,16,-1,-1,3
223,T35,OTHER,16,3,39,0,-1,-1,05T35@2,BUYER,0,16,-1,-1,3
139,T35,OTHER,16,2,39,0,-1,-1,04T35@2,BUYER,0,16,-1,-1,3
236,OTHER,T22,16,1,10,0,-1,-1,SELLER,00T22@0,0,16,-1,-1,0
462,T35,OTHER,16,2,39,0,-1,-1,04T35@2,BUYER,0,16,-1,-1,3
464,T35,OTHER,16,1,39,0,-1,-1,05T35@2,BUYER,0,16,-1,-1,3
330,OTHER,T35,16,3,10,0,-1,-1,SELLER,01T35@0,0,16,-1,-1,0
327,T35,OTHER,16,2,39,0,-1,-1,05T35@2,BUYER,0,16,-1,-1,3
0,OTHER,T22,16,2,10,0,-1,-1,SELLER,00T22@0,0,16,-1,-1,0
310,T35,OTHER,17,3,39,0,-1,-1,04T35@2,BUYER,0,17,-1,-1,3
296,OTHER,T22,17,1,10,0,-1,-1,SELLER,00T22@0,0,17,-1,-1,0
695,T35,T06,17,56,16,-1,-1,10,01T35@0,03T06@1,2,-1,-1,-1,1
771,T06,T35,17,9,11,-1,-1,14,03T06@1,05T35@2,17,-1,-1,-1,2
469,T35,OTHER,17,5,39,0,-1,-1,04T35@2,BUYER,0,17,-1,-1,3
436,OTHER,T35,17,2,10,0,-1,-1,SELLER,01T35@0,0,17,-1,-1,0
390,OTHER,T35,17,1,10,0,-1,-1,SELLER,01T35@0,0,17,-1,-1,0
123,OTHER,T22,17,2,10,0,-1,-1,SELLER,00T22@0,0,17,-1,-1,0
244,T35,OTHER,17,1,39,0,-1,-1,05T35@2,BUYER,0,17,-1,-1,3
239,T35,OTHER,17,3,39,0,-1,-1,05T35@2,BUYER,0,17,-1,-1,3
238,T35,OTHER,17,2,39,0,-1,-1,04T35@2,BUYER,0,17,-1,-1,3
1,T35,OTHER,17,3,39,0,-1,-1,05T35@2,BUYER,0,17,-1,-1,3
273,T35,OTHER,17,3,39,0,-1,-1,05T35@2,BUYER,0,17,-1,-1,3
48,OTHER,T35,17,2,10,0,-1,-1,SELLER,01T35@0,0,17,-1,-1,0
250,OTHER,T35,17,2,10,0,-1,-1,SELLER,01T35@0,0,17,-1,-1,0
134,OTHER,T22,17,4,10,0,-1,-1,SELLER,00T22@0,0,17,-1,-1,0
283,OTHER,T35,17,6,10,0,-1,-1,SELLER,01T35@0,0,17,-1,-1,0
72,OTHER,T35,18,2,10,0,-1,-1,SELLER,01T35@0,0,18,-1,-1,0
333,T35,OTHER,18,3,39,0,-1,-1,05T35@2,BUYER,0,18,-1,-1,3
23,T35,OTHER,18,3,39,0,-1,-1,05T35@2,BUYER,0,18,-1,-1,3
43,OTHER,T22,18,4,10,0,-1,-1,SELLER,00T22@0,0,18,-1,-1,0
676,T35,T06,18,55,16,-1,-1,9,01T35@0,03T06@1,2,-1,-1,-1,1
752,T06,T35,18,8,35,-1,-1,13,03T06@1,04T35@2,17,-1,-1,-1,2
166,T35,OTHER,18,2,39,0,-1,-1,05T35@2,BUYER,0,18,-1,-1,3
750,T06,T35,18,8,35,-1,-1,13,03T06@1,05T35@2,17,-1,-1,-1,2
165,T35,OTHER,18,3,39,0,-1,-1,04T35@2,BUYER,0,18,-1,-1,3
79,T35,OTHER,18,3,39,0,-1,-1,04T35@2,BUYER,0,18,-1,-1,3
4,OTHER,T35,18,3,10,0,-1,-1,SELLER,01T35@0,0,18,-1,-1,0
268,OTHER,T35,18,2,10,0,-1,-1,SELLER,01T35@0,0,18,-1,-1,0
63,OTHER,T22,18,3,10,0,-1,-1,SELLER,00T22@0,0,18,-1,-1,0
713,T22,T06,18,15,25,-1,-1,11,00T22@0,03T06@1,17,-1,-1,-1,1
299,T35,OTHER,18,2,39,0,-1,-1,04T35@2,BUYER,0,18,-1,-1,3
47,OTHER,T22,18,1,10,0,-1,-1,SELLER,00T22@0,0,18,-1,-1,0
25,OTHER,T22,18,2,10,0,-1,-1,SELLER,00T22@0,0,18,-1,-1,0
280,T35,OTHER,18,4,39,0,-1,-1,04T35@2,BUYER,0,18,-1,-1,3
249,OTHER,T35,18,3,10,0,-1,-1,SELLER,01T35@0,0,18,-1,-1,0
694,T22,T06,18,15,23,-1,-1,10,00T22@0,03T06@1,17,-1,-1,-1,1
746,T22,T06,19,12,25,13,-1,13,00T22@0,03T06@1,17,19,-1,-1,1
44,OTHER,T22,19,2,10,0,-1,-1,SELLER,00T22@0,0,19,-1,-1,0
376,T35,OTHER,19,3,39,0,-1,-1,05T35@2,BUYER,0,19,-1,-1,3
74,OTHER,T35,19,1,10,0,-1,-1,SELLER,01T35@0,0,19,-1,-1,0
184,T35,OTHER,19,3,39,0,-1,-1,05T35@2,BUYER,0,19,-1,-1,3
322,T35,OTHER,19,3,39,0,-1,-1,05T35@2,BUYER,0,19,-1,-1,3
328,T35,OTHER,19,1,39,0,-1,-1,05T35@2,BUYER,0,19,-1,-1,3
120,OTHER,T35,19,3,10,0,-1,-1,SELLER,01T35@0,0,19,-1,-1,0
66,T35,OTHER,19,3,39,0,-1,-1,04T35@2,BUYER,0,19,-1,-1,3
153,OTHER,T22,19,1,10,0,-1,-1,SELLER,00T22@0,0,19,-1,-1,0
247,OTHER,T35,19,2,10,0,-1,-1,SELLER,01T35@0,0,19,-1,-1,0
674,T35,T06,19,57,16,-1,-1,9,01T35@0,03T06@1,2,-1,-1,-1,1
264,T35,OTHER,19,2,39,0,-1,-1,04T35@2,BUYER,0,19,-1,-1,3
215,T35,OTHER,19,2,39,0,-1,-1,04T35@2,BUYER,0,19,-1,-1,3
168,OTHER,T35,19,4,10,0,-1,-1,SELLER,01T35@0,0,19,-1,-1,0
319,T35,OTHER,19,3,39,0,-1,-1,05T35@2,BUYER,0,19,-1,-1,3
30,OTHER,T22,19,4,10,0,-1,-1,SELLER,00T22@0,0,19,-1,-1,0
403,OTHER,T22,19,3,10,0,-1,-1,SELLER,00T22@0,0,19,-1,-1,0
693,T35,T06,20,56,16,-1,-1,10,01T35@0,03T06@1,2,-1,-1,-1,1
732,T22,T06,20,16,23,-1,-1,12,00T22@0,03T06@1,17,-1,-1,-1,1
416,T35,OTHER,20,3,39,0,-1,-1,04T35@2,BUYER,0,20,-1,-1,3
423,OTHER,T35,20,1,10,0,-1,-1,SELLER,01T35@0,0,20,-1,-1,0
616,T06,T35,20,6,11,-1,-1,6,03T06@1,04T35@2,17,-1,-1,-1,2
429,T35,OTHER,20,1,39,0,-1,-1,05T35@2,BUYER,0,20,-1,-1,3
103,OTHER,T35,20,3,10,0,-1,-1,SELLER,01T35@0,0,20,-1,-1,0
291,OTHER,T22,20,3,10,0,-1,-1,SELLER,00T22@0,0,20,-1,-1,0
96,T35,OTHER,20,2,39,0,-1,-1,05T35@2,BUYER,0,20,-1,-1,3
156,OTHER,T35,20,3,10,0,-1,-1,SELLER,01T35@0,0,20,-1,-1,0
208,T35,OTHER,20,3,39,0,-1,-1,04T35@2,BUYER,0,20,-1,-1,3
248,T35,OTHER,20,3,39,0,-1,-1,05T35@2,BUYER,0,20,-1,-1,3
331,OTHER,T22,20,2,10,0,-1,-1,SELLER,00T22@0,0,20,-1,-1,0
352,T35,OTHER,20,2,39,0,-1,-1,04T35@2,BUYER,0,20,-1,-1,3
242,OTHER,T35,20,3,10,0,-1,-1,SELLER,01T35@0,0,20,-1,-1,0
300,T35,OTHER,20,2,39,0,-1,-1,04T35@2,BUYER,0,20,-1,-1,3
332,OTHER,T22,20,4,10,0,-1,-1,SELLER,00T22@0,0,20,-1,-1,0
228,T35,OTHER,20,4,39,0,-1,-1,05T35@2,BUYER,0,20,-1,-1,3
282,OTHER,T22,20,1,10,0,-1,-1,SELLER,00T22@0,0,20,-1,-1,0
24,T35,OTHER,21,5,39,0,-1,-1,04T35@2,BUYER,0,21,-1,-1,3
381,OTHER,T35,21,2,10,0,-1,-1,SELLER,01T35@0,0,21,-1,-1,0
773,T06,T35,21,10,13,-1,-1,14,03T06@1,05T35@2,17,-1,-1,-1,2
261,T35,OTHER,21,1,39,0,-1,-1,04T35@2,BUYER,0,21,-1,-1,3
410,T35,OTHER,21,3,39,0,-1,-1,05T35@2,BUYER,0,21,-1,-1,3
437,T35,OTHER,21,1,39,0,-1,-1,04T35@2,BUYER,0,21,-1,-1,3
221,T35,OTHER,21,3,39,0,-1,-1,05T35@2,BUYER,0,21,-1,-1,3
14,T35,OTHER,21,2,39,0,-1,-1,04T35@2,BUYER,0,21,-1,-1,3
112,T35,OTHER,21,1,39,0,-1,-1,05T35@2,BUYER,0,21,-1,-1,3
278,OTHER,T22,21,2,10,0,-1,-1,SELLER,00T22@0,0,21,-1,-1,0
187,OTHER,T35,21,3,10,0,-1,-1,SELLER,01T35@0,0,21,-1,-1,0
19,OTHER,T35,21,4,10,0,-1,-1,SELLER,01T35@0,0,21,-1,-1,0
439,OTHER,T35,21,2,10,0,-1,-1,SELLER,01T35@0,0,21,-1,-1,0
897,T06,T35,21,8,34,-1,-1,21,03T06@1,04T35@2,17,-1,-1,-1,2
731,T35,T06,21,55,16,-1,-1,12,01T35@0,03T06@1,2,-1,-1,-1,1
135,T35,OTHER,21,4,39,0,-1,-1,04T35@2,BUYER,0,21,-1,-1,3
323,OTHER,T22,21,6,10,0,-1,-1,SELLER,00T22@0,0,21,-1,-1,0
251,OTHER,T35,21,1,10,0,-1,-1,SELLER,01T35@0,0,21,-1,-1,0
78,T35,OTHER,22,5,39,0,-1,-1,04T35@2,BUYER,0,22,-1,-1,3
175,OTHER,T22,22,2,10,0,-1,-1,SELLER,00T22@0,0,22,-1,-1,0
173,T35,OTHER,22,2,39,0,-1,-1,05T35@2,BUYER,0,22,-1,-1,3
774,T22,T06,22,15,23,-1,-1,14,00T22@0,03T06@1,17,-1,-1,-1,1
9,OTHER,T35,22,2,10,0,-1,-1,SELLER,01T35@0,0,22,-1,-1,0
18,OTHER,T35,22,2,10,0,-1,-1,SELLER,01T35@0,0,22,-1,-1,0
424,OTHER,T22,22,2,10,0,-1,-1,SELLER,00T22@0,0,22,-1,-1,0
396,T35,OTHER,22,4,39,0,-1,-1,05T35@2,BUYER,0,22,-1,-1,3
270,T35,OTHER,22,2,39,0,-1,-1,05T35@2,BUYER,0,22,-1,-1,3
789,T06,T35,22,12,13,-1,-1,15,03T06@1,05T35@2,17,-1,-1,-1,2
451,OTHER,T35,22,2,10,0,-1,-1,SELLER,01T35@0,0,22,-1,-1,0
373,T35,OTHER,22,2,39,0,-1,-1,04T35@2,BUYER,0,22,-1,-1,3
375,OTHER,T35,22,4,10,0,-1,-1,SELLER,01T35@0,0,22,-1,-1,0
203,OTHER,T22,22,2,10,0,-1,-1,SELLER,00T22@0,0,22,-1,-1,0
733,T35,T06,22,55,16,-1,-1,12,01T35@0,03T06@1,2,-1,-1,-1,1
453,OTHER,T35,22,1,10,0,-1,-1,SELLER,01T35@0,0,22,-1,-1,0
195,OTHER,T22,22,3,10,0,-1,-1,SELLER,00T22@0,0,22,-1,-1,0
234,T35,OTHER,22,1,39,0,-1,-1,04T35@2,BUYER,0,22,-1,-1,3
358,T35,OTHER,22,4,39,0,-1,-1,04T35@2,BUYER,0,22,-1,-1,3
131,OTHER,T35,23,4,10,0,-1,-1,SELLER,01T35@0,0,23,-1,-1,0
301,T35,OTHER,23,1,39,0,-1,-1,05T35@2,BUYER,0,23,-1,-1,3
297,T35,OTHER,23,4,39,0,-1,-1,04T35@2,BUYER,0,23,-1,-1,3
916,T06,T35,23,7,13,-1,-1,22,03T06@1,05T35@2,17,-1,-1,-1,2
150,OTHER,T22,23,5,10,0,-1,-1,SELLER,00T22@0,0,23,-1,-1,0
791,T22,T06,23,15,23,-1,-1,15,00T22@0,03T06@1,17,-1,-1,-1,1
808,T22,T06,23,15,25,-1,-1,16,00T22@0,03T06@1,17,-1,-1,-1,1
232,OTHER,T22,23,2,10,0,-1,-1,SELLER,00T22@0,0,23,-1,-1,0
751,T35,T06,23,54,16,-1,-1,13,01T35@0,03T06@1,2,-1,-1,-1,1
210,T35,OTHER,23,3,39,0,-1,-1,05T35@2,BUYER,0,23,-1,-1,3
389,OTHER,T22,23,1,10,0,-1,-1,SELLER,00T22@0,0,23,-1,-1,0
196,T35,OTHER,23,1,39,0,-1,-1,04T35@2,BUYER,0,23,-1,-1,3
312,T35,OTHER,23,2,39,0,-1,-1,04T35@2,BUYER,0,23,-1,-1,3
110,T35,OTHER,23,3,39,0,-1,-1,04T35@2,BUYER,0,23,-1,-1,3
317,OTHER,T35,23,3,10,0,-1,-1,SELLER,01T35@0,0,23,-1,-1,0
88,OTHER,T35,23,5,10,0,-1,-1,SELLER,01T35@0,0,23,-1,-1,0
458,T35,OTHER,23,6,39,0,-1,-1,04T35@2,BUYER,0,23,-1,-1,3
339,OTHER,T22,24,5,10,0,-1,-1,SELLER,00T22@0,0,24,-1,-1,0
456,OTHER,T22,24,1,10,0,-1,-1,SELLER,00T22@0,0,24,-1,-1,0
211,OTHER,T22,24,3,10,0,-1,-1,SELLER,00T22@0,0,24,-1,-1,0
956,T06,T35,24,89,23,-1,-1,24,03T06@1,05T35@2,2,-1,-1,-1,2
770,T35,T06,24,58,16,-1,-1,14,01T35@0,03T06@1,2,-1,-1,-1,1
342,OTHER,T22,24,2,10,0,-1,-1,SELLER,00T22@0,0,24,-1,-1,0
827,T22,T06,24,13,25,-1,-1,17,00T22@0,03T06@1,17,-1,-1,-1,1
26,OTHER,T22,24,1,10,0,-1,-1,SELLER,00T22@0,0,24,-1,-1,0
405,T35,OTHER,24,3,39,0,-1,-1,05T35@2,BUYER,0,24,-1,-1,3
468,T35,OTHER,24,2,39,0,-1,-1,04T35@2,BUYER,0,24,-1,-1,3
348,T35,OTHER,24,4,39,0,-1,-1,05T35@2,BUYER,0,24,-1,-1,3
466,OTHER,T35,24,5,10,0,-1,-1,SELLER,01T35@0,0,24,-1,-1,0
374,T35,OTHER,24,3,39,0,-1,-1,04T35@2,BUYER,0,24,-1,-1,3
148,T35,OTHER,24,3,39,0,-1,-1,04T35@2,BUYER,0,24,-1,-1,3
265,T35,OTHER,24,2,39,0,-1,-1,04T35@2,BUYER,0,24,-1,-1,3
56,OTHER,T35,24,1,10,0,-1,-1,SELLER,01T35@0,0,24,-1,-1,0
231,OTHER,T22,24,2,10,0,-1,-1,SELLER,00T22@0,0,24,-1,-1,0
177,T35,OTHER,24,3,39,0,-1,-1,05T35@2,BUYER,0,24,-1,-1,3
443,T35,OTHER,25,3,39,0,-1,-1,05T35@2,BUYER,0,25,-1,-1,3
54,T35,OTHER,25,3,39,0,-1,-1,05T35@2,BUYER,0,25,-1,-1,3
975,T06,T35,25,13,23,-1,-1,25,03T06@1,05T35@2,2,-1,-1,-1,2
128,OTHER,T22,25,1,10,0,-1,-1,SELLER,00T22@0,0,25,-1,-1,0
3,OTHER,T22,25,2,10,0,-1,-1,SELLER,00T22@0,0,25,-1,-1,0
324,OTHER,T22,25,6,10,0,-1,-1,SELLER,00T22@0,0,25,-1,-1,0
255,T35,OTHER,25,7,39,0,-1,-1,04T35@2,BUYER,0,25,-1,-1,3
377,OTHER,T22,25,2,10,0,-1,-1,SELLER,00T22@0,0,25,-1,-1,0
936,T06,T35,25,9,13,-1,-1,23,03T06@1,04T35@2,17,-1,-1,-1,2
844,T22,T06,25,14,25,-1,-1,18,00T22@0,03T06@1,17,-1,-1,-1,1
809,T35,T06,25,55,16,-1,-1,16,01T35@0,03T06@1,2,-1,-1,-1,1
937,T06,T35,25,10,13,-1,-1,23,03T06@1,05T35@2,17,-1,-1,-1,2
13,OTHER,T35,25,3,10,0,-1,-1,SELLER,01T35@0,0,25,-1,-1,0
620,T06,T35,25,6,12,-1,-1,6,03T06@1,05T35@2,17,-1,-1,-1,2
143,OTHER,T35,25,4,10,0,-1,-1,SELLER,01T35@0,0,25,-1,-1,0
20,T35,OTHER,25,3,39,0,-1,-1,04T35@2,BUYER,0,25,-1,-1,3
22,T35,OTHER,25,4,39,0,-1,-1,05T35@2,BUYER,0,25,-1,-1,3
395,OTHER,T35,25,1,10,0,-1,-1,SELLER,01T35@0,0,25,-1,-1,0
229,OTHER,T22,25,1,10,0,-1,-1,SELLER,00T22@0,0,25,-1,-1,0
68,OTHER,T35,26,1,10,0,-1,-1,SELLER,01T35@0,0,26,-1,-1,0
810,T35,T06,26,55,16,-1,-1,16,01T35@0,03T06@1,2,-1,-1,-1,1
281,T35,OTHER,26,3,39,0,-1,-1,04T35@2,BUYER,0,26,-1,-1,3
267,T35,OTHER,26,1,39,0,-1,-1,05T35@2,BUYER,0,26,-1,-1,3
320,T35,OTHER,26,4,39,0,-1,-1,05T35@2,BUYER,0,26,-1,-1,3
57,T35,OTHER,26,1,39,0,-1,-1,04T35@2,BUYER,0,26,-1,-1,3
86,OTHER,T22,26,4,10,0,-1,-1,SELLER,00T22@0,0,26,-1,-1,0
93,T35,OTHER,26,3,39,0,-1,-1,05T35@2,BUYER,0,26,-1,-1,3
213,OTHER,T22,26,3,10,0,-1,-1,SELLER,00T22@0,0,26,-1,-1,0
434,OTHER,T35,26,2,10,0,-1,-1,SELLER,01T35@0,0,26,-1,-1,0
454,T35,OTHER,26,5,39,0,-1,-1,04T35@2,BUYER,0,26,-1,-1,3
880,T22,T06,26,19,25,-1,-1,20,00T22@0,03T06@1,17,-1,-1,-1,1
887,T06,T35,26,8,35,21,-1,21,03T06@1,05T35@2,17,26,-1,-1,2
906,T06,T35,26,4,35,22,-1,22,03T06@1,04T35@2,17,26,-1,-1,2
918,T06,T35,26,12,13,-1,-1,22,03T06@1,04T35@2,17,-1,-1,-1,2
382,OTHER,T22,26,2,10,0,-1,-1,SELLER,00T22@0,0,26,-1,-1,0
190,T35,OTHER,26,3,39,0,-1,-1,05T35@2,BUYER,0,26,-1,-1,3
5,OTHER,T35,26,5,10,0,-1,-1,SELLER,01T35@0,0,26,-1,-1,0
459,OTHER,T35,26,3,10,0,-1,-1,SELLER,01T35@0,0,26,-1,-1,0
861,T22,T06,27,13,23,-1,-1,19,00T22@0,03T06@1,17,-1,-1,-1,1
842,T35,T06,27,55,16,-1,-1,18,01T35@0,03T06@1,2,-1,-1,-1,1
59,T35,OTHER,27,1,39,0,-1,-1,04T35@2,BUYER,0,27,-1,-1,3
15,OTHER,T35,27,2,10,0,-1,-1,SELLER,01T35@0,0,27,-1,-1,0
488,OTHER,T22,27,4,10,-1,-1,-1,SELLER,00T22@0,0,-1,-1,-1,0
288,OTHER,T35,27,3,10,0,-1,-1,SELLER,01T35@0,0,27,-1,-1,0
198,OTHER,T22,27,3,10,0,-1,-1,SELLER,00T22@0,0,27,-1,-1,0
444,OTHER,T22,27,3,10,0,-1,-1,SELLER,00T22@0,0,27,-1,-1,0
378,T35,OTHER,27,3,39,0,-1,-1,05T35@2,BUYER,0,27,-1,-1,3
162,T35,OTHER,27,3,39,0,-1,-1,05T35@2,BUYER,0,27,-1,-1,3
372,OTHER,T35,27,2,10,0,-1,-1,SELLER,01T35@0,0,27,-1,-1,0
188,T35,OTHER,27,5,39,0,-1,-1,04T35@2,BUYER,0,27,-1,-1,3
199,T35,OTHER,27,3,39,0,-1,-1,04T35@2,BUYER,0,27,-1,-1,3
388,OTHER,T22,27,2,10,0,-1,-1,SELLER,00T22@0,0,27,-1,-1,0
218,T35,OTHER,27,2,39,0,-1,-1,04T35@2,BUYER,0,27,-1,-1,3
287,T35,OTHER,27,3,39,0,-1,-1,05T35@2,BUYER,0,27,-1,-1,3
233,OTHER,T22,27,1,10,0,-1,-1,SELLER,00T22@0,0,27,-1,-1,0
201,T35,OTHER,28,3,39,0,-1,-1,04T35@2,BUYER,0,28,-1,-1,3
77,T35,OTHER,28,4,39,0,-1,-1,05T35@2,BUYER,0,28,-1,-1,3
445,T35,OTHER,28,1,39,0,-1,-1,05T35@2,BUYER,0,28,-1,-1,3
843,T35,T06,28,57,16,-1,-1,18,01T35@0,03T06@1,2,-1,-1,-1,1
573,T06,T35,28,14,12,-1,-1,4,03T06@1,04T35@2,17,-1,-1,-1,2
75,T35,OTHER,28,4,39,0,-1,-1,04T35@2,BUYER,0,28,-1,-1,3
380,OTHER,T35,28,3,10,0,-1,-1,SELLER,01T35@0,0,28,-1,-1,0
114,T35,OTHER,28,2,39,0,-1,-1,04T35@2,BUYER,0,28,-1,-1,3
473,OTHER,T22,28,4,10,-1,-1,-1,SELLER,00T22@0,0,-1,-1,-1,0
362,T35,OTHER,28,1,39,0,-1,-1,04T35@2,BUYER,0,28,-1,-1,3
65,T35,OTHER,28,2,39,0,-1,-1,04T35@2,BUYER,0,28,-1,-1,3
338,OTHER,T35,28,1,10,0,-1,-1,SELLER,01T35@0,0,28,-1,-1,0
174,OTHER,T35,28,3,10,0,-1,-1,SELLER,01T35@0,0,28,-1,-1,0
419,T35,OTHER,28,3,39,0,-1,-1,05T35@2,BUYER,0,28,-1,-1,3
476,OTHER,T22,28,2,10,-1,-1,-1,SELLER,00T22@0,0,-1,-1,-1,0
478,OTHER,T22,28,1,10,-1,-1,-1,SELLER,00T22@0,0,-1,-1,-1,0
481,OTHER,T22,28,3,10,-1,-1,-1,SELLER,00T22@0,0,-1,-1,-1,0
415,OTHER,T35,28,3,10,0,-1,-1,SELLER,01T35@0,0,28,-1,-1,0
482,OTHER,T22,29,3,10,-1,-1,-1,SELLER,00T22@0,0,-1,-1,-1,0
109,OTHER,T35,29,2,10,0,-1,-1,SELLER,01T35@0,0,29,-1,-1,0
448,OTHER,T35,29,3,10,0,-1,-1,SELLER,01T35@0,0,29,-1,-1,0
862,T35,T06,29,56,16,-1,-1,19,01T35@0,03T06@1,2,-1,-1,-1,1
158,T35,OTHER,29,5,39,0,-1,-1,05T35@2,BUYER,0,29,-1,-1,3
53,T35,OTHER,29,1,39,0,-1,-1,05T35@2,BUYER,0,29,-1,-1,3
33,OTHER,T35,29,2,10,0,-1,-1,SELLER,01T35@0,0,29,-1,-1,0
486,OTHER,T22,29,2,10,-1,-1,-1,SELLER,00T22@0,0,-1,-1,-1,0
29,T35,OTHER,29,3,39,0,-1,-1,04T35@2,BUYER,0,29,-1,-1,3
433,OTHER,T35,29,3,10,0,-1,-1,SELLER,01T35@0,0,29,-1,-1,0
64,T35,OTHER,29,1,39,0,-1,-1,05T35@2,BUYER,0,29,-1,-1,3
480,OTHER,T22,29,2,10,-1,-1,-1,SELLER,00T22@0,0,-1,-1,-1,0
115,T35,OTHER,29,4,39,0,-1,-1,04T35@2,BUYER,0,29,-1,-1,3
341,T35,OTHER,29,1,39,0,-1,-1,05T35@2,BUYER,0,29,-1,-1,3
595,T06,T35,29,12,9,-1,-1,5,03T06@1,04T35@2,17,-1,-1,-1,2
191,OTHER,T35,29,3,10,0,-1,-1,SELLER,01T35@0,0,29,-1,-1,0
129,T35,OTHER,29,2,39,0,-1,-1,04T35@2,BUYER,0,29,-1,-1,3
209,T35,OTHER,29,3,39,0,-1,-1,05T35@2,BUYER,0,29,-1,-1,3
420,T35,OTHER,30,1,39,0,-1,-1,04T35@2,BUYER,0,30,-1,-1,3
178,T35,OTHER,30,3,39,0,-1,-1,04T35@2,BUYER,0,30,-1,-1,3
898,T22,T06,30,17,23,-1,-1,21,00T22@0,03T06@1,17,-1,-1,-1,1
915,T22,T06,30,14,23,-1,-1,22,00T22@0,03T06@1,17,-1,-1,-1,1
183,T35,OTHER,30,2,39,0,-1,-1,05T35@2,BUYER,0,30,-1,-1,3
414,T35,OTHER,30,2,39,0,-1,-1,05T35@2,BUYER,0,30,-1,-1,3
39,T35,OTHER,30,3,39,0,-1,-1,05T35@2,BUYER,0,30,-1,-1,3
401,T35,OTHER,30,3,39,0,-1,-1,04T35@2,BUYER,0,30,-1,-1,3
379,T35,OTHER,30,3,39,0,-1,-1,04T35@2,BUYER,0,30,-1,-1,3
104,T35,OTHER,30,2,39,0,-1,-1,05T35@2,BUYER,0,30,-1,-1,3
111,T35,OTHER,30,1,39,0,-1,-1,04T35@2,BUYER,0,30,-1,-1,3
938,T22,T06,30,14,25,-1,-1,23,00T22@0,03T06@1,17,-1,-1,-1,1
978,T22,T06,30,2,24,-1,-1,25,00T22@0,03T06@1,17,-1,-1,-1,1
879,T35,T06,30,57,16,-1,-1,20,01T35@0,03T06@1,2,-1,-1,-1,1
477,OTHER,T22,30,4,10,-1,-1,-1,SELLER,00T22@0,0,-1,-1,-1,0
130,OTHER,T35,30,6,10,0,-1,-1,SELLER,01T35@0,0,30,-1,-1,0
471,OTHER,T22,30,4,10,-1,-1,-1,SELLER,00T22@0,0,-1,-1,-1,0
483,OTHER,T22,30,2,10,-1,-1,-1,SELLER,00T22@0,0,-1,-1,-1,0
274,OTHER,T35,30,3,10,0,-1,-1,SELLER,01T35@0,0,30,-1,-1,0
58,OTHER,T35,30,1,10,0,-1,-1,SELLER,01T35@0,0,30,-1,-1,0
152,T35,OTHER,31,1,39,0,-1,-1,04T35@2,BUYER,0,31,-1,-1,3
412,T35,OTHER,31,4,39,0,-1,-1,04T35@2,BUYER,0,31,-1,-1,3
475,OTHER,T22,31,3,10,-1,-1,-1,SELLER,00T22@0,0,-1,-1,-1,0
430,T35,OTHER,31,2,39,0,-1,-1,04T35@2,BUYER,0,31,-1,-1,3
474,OTHER,T22,31,1,10,-1,-1,-1,SELLER,00T22@0,0,-1,-1,-1,0
185,OTHER,T35,31,3,10,0,-1,-1,SELLER,01T35@0,0,31,-1,-1,0
472,OTHER,T22,31,4,10,-1,-1,-1,SELLER,00T22@0,0,-1,-1,-1,0
253,T35,OTHER,31,3,39,0,-1,-1,05T35@2,BUYER,0,31,-1,-1,3
61,T35,OTHER,31,1,39,0,-1,-1,04T35@2,BUYER,0,31,-1,-1,3
197,OTHER,T35,31,1,10,0,-1,-1,SELLER,01T35@0,0,31,-1,-1,0
917,T35,T06,31,51,16,-1,-1,22,01T35@0,03T06@1,2,-1,-1,-1,1
343,OTHER,T35,31,1,10,0,-1,-1,SELLER,01T35@0,0,31,-1,-1,0
144,T35,OTHER,31,2,39,0,-1,-1,05T35@2,BUYER,0,31,-1,-1,3
90,T35,OTHER,31,3,39,0,-1,-1,04T35@2,BUYER,0,31,-1,-1,3
345,OTHER,T35,31,2,10,0,-1,-1,SELLER,01T35@0,0,31,-1,-1,0
212,T35,OTHER,31,3,39,0,-1,-1,05T35@2,BUYER,0,31,-1,-1,3
91,T35,OTHER,31,1,39,0,-1,-1,05T35@2,BUYER,0,31,-1,-1,3
461,OTHER,T35,31,5,10,0,-1,-1,SELLER,01T35@0,0,31,-1,-1,0
2,OTHER,T35,32,1,10,0,-1,-1,SELLER,01T35@0,0,32,-1,-1,0
485,OTHER,T22,32,4,10,-1,-1,-1,SELLER,00T22@0,0,-1,-1,-1,0
7,OTHER,T35,32,3,10,0,-1,-1,SELLER,01T35@0,0,32,-1,-1,0
484,OTHER,T22,32,4,10,-1,-1,-1,SELLER,00T22@0,0,-1,-1,-1,0
305,OTHER,T35,32,2,10,0,-1,-1,SELLER,01T35@0,0,32,-1,-1,0
52,T35,OTHER,32,2,39,0,-1,-1,04T35@2,BUYER,0,32,-1,-1,3
269,T35,OTHER,32,2,39,0,-1,-1,05T35@2,BUYER,0,32,-1,-1,3
1014,T22,T06,32,2,24,-1,-1,27,00T22@0,03T06@1,17,-1,-1,-1,1
192,T35,OTHER,32,3,39,0,-1,-1,04T35@2,BUYER,0,32,-1,-1,3
194,T35,OTHER,32,1,39,0,-1,-1,04T35@2,BUYER,0,32,-1,-1,3
479,OTHER,T22,32,2,10,-1,-1,-1,SELLER,00T22@0,0,-1,-1,-1,0
487,OTHER,T22,32,1,10,-1,-1,-1,SELLER,00T22@0,0,-1,-1,-1,0
977,T35,T06,32,53,16,-1,-1,25,01T35@0,03T06@1,2,-1,-1,-1,1
246,T35,OTHER,32,3,39,0,-1,-1,05T35@2,BUYER,0,32,-1,-1,3
361,T35,OTHER,32,3,39,0,-1,-1,05T35@2,BUYER,0,32,-1,-1,3
81,T35,OTHER,32,4,39,0,-1,-1,04T35@2,BUYER,0,32,-1,-1,3
36,T35,OTHER,32,2,39,0,-1,-1,04T35@2,BUYER,0,32,-1,-1,3
363,OTHER,T35,32,3,10,0,-1,-1,SELLER,01T35@0,0,32,-1,-1,0
496,T35,OTHER,33,2,39,1,-1,-1,05T35@2,BUYER,0,33,-1,-1,3
492,OTHER,T22,33,4,10,1,-1,-1,SELLER,00T22@0,0,33,-1,-1,0
489,OTHER,T35,33,3,10,1,-1,-1,SELLER,01T35@0,0,33,-1,-1,0
494,T35,OTHER,33,2,39,1,-1,-1,04T35@2,BUYER,0,33,-1,-1,3
495,OTHER,T35,33,3,10,1,-1,-1,SELLER,01T35@0,0,33,-1,-1,0
497,T35,OTHER,33,1,39,1,-1,-1,04T35@2,BUYER,0,33,-1,-1,3
498,T35,OTHER,33,6,39,1,-1,-1,05T35@2,BUYER,0,33,-1,-1,3
499,OTHER,T35,33,1,10,1,-1,-1,SELLER,01T35@0,0,33,-1,-1,0
501,OTHER,T35,33,3,10,1,-1,-1,SELLER,01T35@0,0,33,-1,-1,0
490,T35,OTHER,33,3,39,1,-1,-1,04T35@2,BUYER,0,33,-1,-1,3
502,OTHER,T22,33,3,10,1,-1,-1,SELLER,00T22@0,0,33,-1,-1,0
503,T35,OTHER,33,2,39,1,-1,-1,05T35@2,BUYER,0,33,-1,-1,3
939,T35,T06,33,56,16,-1,-1,23,01T35@0,03T06@1,2,-1,-1,-1,1
504,T35,OTHER,33,4,39,1,-1,-1,04T35@2,BUYER,0,33,-1,-1,3
491,OTHER,T22,33,3,10,1,-1,-1,SELLER,00T22@0,0,33,-1,-1,0
520,T35,OTHER,34,1,39,2,-1,-1,04T35@2,BUYER,0,34,-1,-1,3
519,OTHER,T22,34,2,10,2,-1,-1,SELLER,00T22@0,0,34,-1,-1,0
518,OTHER,T22,34,5,10,2,-1,-1,SELLER,00T22@0,0,34,-1,-1,0
521,T35,OTHER,34,1,39,2,-1,-1,05T35@2,BUYER,0,34,-1,-1,3
522,T35,OTHER,34,4,39,2,-1,-1,04T35@2,BUYER,0,34,-1,-1,3
523,T35,OTHER,34,1,39,2,-1,-1,04T35@2,BUYER,0,34,-1,-1,3
527,T35,OTHER,34,3,39,2,-1,-1,04T35@2,BUYER,0,34,-1,-1,3
512,T35,OTHER,34,4,39,2,-1,-1,05T35@2,BUYER,0,34,-1,-1,3
511,OTHER,T35,34,1,10,2,-1,-1,SELLER,01T35@0,0,34,-1,-1,0
516,T35,OTHER,34,3,39,2,-1,-1,05T35@2,BUYER,0,34,-1,-1,3
515,OTHER,T22,34,1,10,2,-1,-1,SELLER,00T22@0,0,34,-1,-1,0
1012,T35,T06,34,56,16,-1,-1,27,01T35@0,03T06@1,2,-1,-1,-1,1
525,T35,OTHER,34,3,39,2,-1,-1,05T35@2,BUYER,0,34,-1,-1,3
514,OTHER,T35,34,2,10,2,-1,-1,SELLER,01T35@0,0,34,-1,-1,0
957,T22,T06,34,2,24,-1,-1,24,00T22@0,03T06@1,17,-1,-1,-1,1
513,OTHER,T35,34,1,10,2,-1,-1,SELLER,01T35@0,0,34,-1,-1,0
517,OTHER,T35,34,4,10,2,-1,-1,SELLER,01T35@0,0,34,-1,-1,0
524,OTHER,T35,34,4,10,2,-1,-1,SELLER,01T35@0,0,34,-1,-1,0
976,T35,T06,35,68,16,-1,-1,25,01T35@0,03T06@1,2,-1,-1,-1,1
537,T35,OTHER,35,2,39,3,-1,-1,05T35@2,BUYER,0,35,-1,-1,3
538,T35,OTHER,35,1,39,3,-1,-1,05T35@2,BUYER,0,35,-1,-1,3
546,T35,OTHER,35,3,39,3,-1,-1,05T35@2,BUYER,0,35,-1,-1,3
545,OTHER,T35,35,4,10,3,-1,-1,SELLER,01T35@0,0,35,-1,-1,0
544,OTHER,T35,35,2,10,3,-1,-1,SELLER,01T35@0,0,35,-1,-1,0
542,OTHER,T22,35,4,10,3,-1,-1,SELLER,00T22@0,0,35,-1,-1,0
549,OTHER,T35,35,1,10,3,-1,-1,SELLER,01T35@0,0,35,-1,-1,0
541,OTHER,T22,35,2,10,3,-1,-1,SELLER,00T22@0,0,35,-1,-1,0
540,OTHER,T22,35,1,10,3,-1,-1,SELLER,00T22@0,0,35,-1,-1,0
539,T35,OTHER,35,2,39,3,-1,-1,04T35@2,BUYER,0,35,-1,-1,3
548,T35,OTHER,35,2,39,3,-1,-1,04T35@2,BUYER,0,35,-1,-1,3
536,OTHER,T35,35,2,10,3,-1,-1,SELLER,01T35@0,0,35,-1,-1,0
535,OTHER,T22,35,1,10,3,-1,-1,SELLER,00T22@0,0,35,-1,-1,0
534,T35,OTHER,35,2,39,3,-1,-1,04T35@2,BUYER,0,35,-1,-1,3
550,T35,OTHER,35,4,39,3,-1,-1,04T35@2,BUYER,0,35,-1,-1,3
551,T35,OTHER,35,4,39,3,-1,-1,04T35@2,BUYER,0,35,-1,-1,3
547,OTHER,T22,35,3,10,3,-1,-1,SELLER,00T22@0,0,35,-1,-1,0
564,OTHER,T35,36,2,10,4,-1,-1,SELLER,01T35@0,0,36,-1,-1,0
563,OTHER,T35,36,4,10,4,-1,-1,SELLER,01T35@0,0,36,-1,-1,0
562,T35,OTHER,36,2,39,4,-1,-1,05T35@2,BUYER,0,36,-1,-1,3
566,OTHER,T22,36,2,10,4,-1,-1,SELLER,00T22@0,0,36,-1,-1,0
565,T35,OTHER,36,4,39,4,-1,-1,05T35@2,BUYER,0,36,-1,-1,3
568,OTHER,T22,36,5,10,4,-1,-1,SELLER,00T22@0,0,36,-1,-1,0
569,T35,OTHER,36,4,39,4,-1,-1,04T35@2,BUYER,0,36,-1,-1,3
570,OTHER,T22,36,1,10,4,-1,-1,SELLER,00T22@0,0,36,-1,-1,0
993,T22,T06,36,2,24,-1,-1,26,00T22@0,03T06@1,17,-1,-1,-1,1
1011,T35,T06,36,68,16,-1,-1,27,01T35@0,03T06@1,2,-1,-1,-1,1
561,OTHER,T35,36,2,10,4,-1,-1,SELLER,01T35@0,0,36,-1,-1,0
560,T35,OTHER,36,2,39,4,-1,-1,05T35@2,BUYER,0,36,-1,-1,3
559,OTHER,T22,36,2,10,4,-1,-1,SELLER,00T22@0,0,36,-1,-1,0
557,T35,OTHER,36,2,39,4,-1,-1,04T35@2,BUYER,0,36,-1,-1,3
556,T35,OTHER,36,4,39,4,-1,-1,04T35@2,BUYER,0,36,-1,-1,3
555,OTHER,T22,36,2,10,4,-1,-1,SELLER,00T22@0,0,36,-1,-1,0
1048,T22,T06,36,15,25,-1,-1,29,00T22@0,03T06@1,17,-1,-1,-1,1
558,T35,OTHER,36,2,39,4,-1,-1,04T35@2,BUYER,0,36,-1,-1,3
590,T35,OTHER,37,3,39,5,-1,-1,04T35@2,BUYER,0,37,-1,-1,3
589,T35,OTHER,37,2,39,5,-1,-1,04T35@2,BUYER,0,37,-1,-1,3
588,OTHER,T22,37,1,10,5,-1,-1,SELLER,00T22@0,0,37,-1,-1,0
1013,T35,T06,37,68,16,-1,-1,27,01T35@0,03T06@1,2,-1,-1,-1,1
587,T35,OTHER,37,2,39,5,-1,-1,04T35@2,BUYER,0,37,-1,-1,3
593,T35,OTHER,37,4,39,5,-1,-1,04T35@2,BUYER,0,37,-1,-1,3
585,OTHER,T22,37,2,10,5,-1,-1,SELLER,00T22@0,0,37,-1,-1,0
584,OTHER,T22,37,3,10,5,-1,-1,SELLER,00T22@0,0,37,-1,-1,0
583,OTHER,T35,37,2,10,5,-1,-1,SELLER,01T35@0,0,37,-1,-1,0
582,T35,OTHER,37,4,39,5,-1,-1,05T35@2,BUYER,0,37,-1,-1,3
581,T35,OTHER,37,2,39,5,-1,-1,05T35@2,BUYER,0,37,-1,-1,3
578,OTHER,T22,37,3,10,5,-1,-1,SELLER,00T22@0,0,37,-1,-1,0
579,OTHER,T35,37,1,10,5,-1,-1,SELLER,01T35@0,0,37,-1,-1,0
577,OTHER,T22,37,2,10,5,-1,-1,SELLER,00T22@0,0,37,-1,-1,0
592,T35,OTHER,37,1,39,5,-1,-1,04T35@2,BUYER,0,37,-1,-1,3
594,OTHER,T35,37,4,10,5,-1,-1,SELLER,01T35@0,0,37,-1,-1,0
580,T35,OTHER,37,2,39,5,-1,-1,04T35@2,BUYER,0,37,-1,-1,3
591,OTHER,T35,37,2,10,5,-1,-1,SELLER,01T35@0,0,37,-1,-1,0
603,OTHER,T35,38,5,10,6,-1,-1,SELLER,01T35@0,0,38,-1,-1,0
602,T35,OTHER,38,3,39,6,-1,-1,04T35@2,BUYER,0,38,-1,-1,3
614,OTHER,T22,38,1,10,6,-1,-1,SELLER,00T22@0,0,38,-1,-1,0
1064,T22,T06,38,13,23,-1,-1,30,00T22@0,03T06@1,17,-1,-1,-1,1
1031,T22,T06,38,2,24,-1,-1,28,00T22@0,03T06@1,17,-1,-1,-1,1
1030,T35,T06,38,68,16,-1,-1,28,01T35@0,03T06@1,2,-1,-1,-1,1
601,T35,OTHER,38,1,39,6,-1,-1,05T35@2,BUYER,0,38,-1,-1,3
615,T35,OTHER,38,2,39,6,-1,-1,04T35@2,BUYER,0,38,-1,-1,3
605,T35,OTHER,38,5,39,6,-1,-1,05T35@2,BUYER,0,38,-1,-1,3
606,T35,OTHER,38,2,39,6,-1,-1,05T35@2,BUYER,0,38,-1,-1,3
607,OTHER,T35,38,2,10,6,-1,-1,SELLER,01T35@0,0,38,-1,-1,0
608,OTHER,T22,38,3,10,6,-1,-1,SELLER,00T22@0,0,38,-1,-1,0
609,OTHER,T35,38,3,10,6,-1,-1,SELLER,01T35@0,0,38,-1,-1,0
610,T35,OTHER,38,6,39,6,-1,-1,04T35@2,BUYER,0,38,-1,-1,3
611,OTHER,T35,38,2,10,6,-1,-1,SELLER,01T35@0,0,38,-1,-1,0
612,OTHER,T35,38,1,10,6,-1,-1,SELLER,01T35@0,0,38,-1,-1,0
613,OTHER,T35,38,1,10,6,-1,-1,SELLER,01T35@0,0,38,-1,-1,0
604,T35,OTHER,38,1,39,6,-1,-1,04T35@2,BUYER,0,38,-1,-1,3
600,OTHER,T22,38,2,10,6,-1,-1,SELLER,00T22@0,0,38,-1,-1,0
1081,T22,T06,39,16,23,-1,-1,31,00T22@0,03T06@1,17,-1,-1,-1,1
1103,T35,T06,39,68,16,-1,-1,32,01T35@0,03T06@1,2,-1,-1,-1,1
628,OTHER,T35,39,4,10,7,-1,-1,SELLER,01T35@0,0,39,-1,-1,0
633,T35,OTHER,39,4,39,7,-1,-1,05T35@2,BUYER,0,39,-1,-1,3
637,OTHER,T22,39,1,10,7,-1,-1,SELLER,00T22@0,0,39,-1,-1,0
636,OTHER,T22,39,3,10,7,-1,-1,SELLER,00T22@0,0,39,-1,-1,0
635,T35,OTHER,39,2,39,7,-1,-1,04T35@2,BUYER,0,39,-1,-1,3
634,OTHER,T22,39,1,10,7,-1,-1,SELLER,00T22@0,0,39,-1,-1,0
632,T35,OTHER,39,2,39,7,-1,-1,05T35@2,BUYER,0,39,-1,-1,3
631,OTHER,T35,39,1,10,7,-1,-1,SELLER,01T35@0,0,39,-1,-1,0
629,T35,OTHER,39,1,39,7,-1,-1,04T35@2,BUYER,0,39,-1,-1,3
630,T35,OTHER,39,3,39,7,-1,-1,04T35@2,BUYER,0,39,-1,-1,3
626,OTHER,T22,39,3,10,7,-1,-1,SELLER,00T22@0,0,39,-1,-1,0
625,OTHER,T22,39,3,10,7,-1,-1,SELLER,00T22@0,0,39,-1,-1,0
624,T35,OTHER,39,3,39,7,-1,-1,05T35@2,BUYER,0,39,-1,-1,3
623,OTHER,T22,39,3,10,7,-1,-1,SELLER,00T22@0,0,39,-1,-1,0
622,OTHER,T35,39,1,10,7,-1,-1,SELLER,01T35@0,0,39,-1,-1,0
621,T35,OTHER,39,2,39,7,-1,-1,05T35@2,BUYER,0,39,-1,-1,3
627,T35,OTHER,39,3,39,7,-1,-1,04T35@2,BUYER,0,39,-1,-1,3
1120,T22,T06,40,16,25,-1,-1,33,00T22@0,03T06@1,17,-1,-1,-1,1
1137,T22,T06,40,11,25,-1,-1,34,00T22@0,03T06@1,17,-1,-1,-1,1
652,T35,OTHER,40,2,39,8,-1,-1,04T35@2,BUYER,0,40,-1,-1,3
649,OTHER,T35,40,2,10,8,-1,-1,SELLER,01T35@0,0,40,-1,-1,0
1082,T35,T06,40,55,16,-1,-1,31,01T35@0,03T06@1,2,-1,-1,-1,1
654,OTHER,T22,40,2,10,8,-1,-1,SELLER,00T22@0,0,40,-1,-1,0
651,OTHER,T35,40,3,10,8,-1,-1,SELLER,01T35@0,0,40,-1,-1,0
653,OTHER,T35,40,3,10,8,-1,-1,SELLER,01T35@0,0,40,-1,-1,0
650,T35,OTHER,40,2,39,8,-1,-1,04T35@2,BUYER,0,40,-1,-1,3
644,T35,OTHER,40,1,39,8,-1,-1,04T35@2,BUYER,0,40,-1,-1,3
647,T35,OTHER,40,1,39,8,-1,-1,05T35@2,BUYER,0,40,-1,-1,3
646,T35,OTHER,40,4,39,8,-1,-1,04T35@2,BUYER,0,40,-1,-1,3
645,T35,OTHER,40,5,39,8,-1,-1,05T35@2,BUYER,0,40,-1,-1,3
643,OTHER,T22,40,3,10,8,-1,-1,SELLER,00T22@0,0,40,-1,-1,0
642,OTHER,T22,40,6,10,8,-1,-1,SELLER,00T22@0,0,40,-1,-1,0
648,OTHER,T22,40,1,10,8,-1,-1,SELLER,00T22@0,0,40,-1,-1,0
641,T35,OTHER,40,3,39,8,-1,-1,04T35@2,BUYER,0,40,-1,-1,3
640,T35,OTHER,40,2,39,8,-1,-1,05T35@2,BUYER,0,40,-1,-1,3
664,T35,OTHER,41,3,39,9,-1,-1,05T35@2,BUYER,0,41,-1,-1,3
661,T35,OTHER,41,3,39,9,-1,-1,05T35@2,BUYER,0,41,-1,-1,3
669,T35,OTHER,41,3,39,9,-1,-1,05T35@2,BUYER,0,41,-1,-1,3
668,T35,OTHER,41,1,39,9,-1,-1,04T35@2,BUYER,0,41,-1,-1,3
666,T35,OTHER,41,1,39,9,-1,-1,05T35@2,BUYER,0,41,-1,-1,3
671,T35,OTHER,41,4,39,9,-1,-1,04T35@2,BUYER,0,41,-1,-1,3
665,T35,OTHER,41,1,39,9,-1,-1,05T35@2,BUYER,0,41,-1,-1,3
667,OTHER,T22,41,1,10,9,-1,-1,SELLER,00T22@0,0,41,-1,-1,0
672,OTHER,T22,41,2,10,9,-1,-1,SELLER,00T22@0,0,41,-1,-1,0
670,T35,OTHER,41,1,39,9,-1,-1,04T35@2,BUYER,0,41,-1,-1,3
660,OTHER,T22,41,4,10,9,-1,-1,SELLER,00T22@0,0,41,-1,-1,0
659,OTHER,T35,41,1,10,9,-1,-1,SELLER,01T35@0,0,41,-1,-1,0
658,OTHER,T35,41,1,10,9,-1,-1,SELLER,01T35@0,0,41,-1,-1,0
657,OTHER,T22,41,1,10,9,-1,-1,SELLER,00T22@0,0,41,-1,-1,0
1080,T35,T06,41,57,16,-1,-1,31,01T35@0,03T06@1,2,-1,-1,-1,1
1101,T22,T06,41,17,23,-1,-1,32,00T22@0,03T06@1,17,-1,-1,-1,1
1155,T22,T06,41,19,25,-1,-1,35,00T22@0,03T06@1,17,-1,-1,-1,1
663,OTHER,T35,41,6,10,9,-1,-1,SELLER,01T35@0,0,41,-1,-1,0
673,T35,OTHER,41,3,39,9,-1,-1,04T35@2,BUYER,0,41,-1,-1,3
662,OTHER,T22,41,4,10,9,-1,-1,SELLER,00T22@0,0,41,-1,-1,0
689,OTHER,T35,42,3,10,10,-1,-1,SELLER,01T35@0,0,42,-1,-1,0
677,OTHER,T22,42,1,10,10,-1,-1,SELLER,00T22@0,0,42,-1,-1,0
688,OTHER,T35,42,4,10,10,-1,-1,SELLER,01T35@0,0,42,-1,-1,0
684,T35,OTHER,42,1,39,10,-1,-1,04T35@2,BUYER,0,42,-1,-1,3
685,T35,OTHER,42,2,39,10,-1,-1,04T35@2,BUYER,0,42,-1,-1,3
686,OTHER,T22,42,3,10,10,-1,-1,SELLER,00T22@0,0,42,-1,-1,0
683,OTHER,T35,42,3,10,10,-1,-1,SELLER,01T35@0,0,42,-1,-1,0
692,OTHER,T22,42,3,10,10,-1,-1,SELLER,00T22@0,0,42,-1,-1,0
691,T35,OTHER,42,3,39,10,-1,-1,04T35@2,BUYER,0,42,-1,-1,3
687,T35,OTHER,42,4,39,10,-1,-1,04T35@2,BUYER,0,42,-1,-1,3
682,OTHER,T35,42,2,10,10,-1,-1,SELLER,01T35@0,0,42,-1,-1,0
1102,T35,T06,42,54,16,-1,-1,32,01T35@0,03T06@1,2,-1,-1,-1,1
681,T35,OTHER,42,3,39,10,-1,-1,04T35@2,BUYER,0,42,-1,-1,3
680,T35,OTHER,42,3,39,10,-1,-1,05T35@2,BUYER,0,42,-1,-1,3
679,T35,OTHER,42,2,39,10,-1,-1,05T35@2,BUYER,0,42,-1,-1,3
678,T35,OTHER,42,2,39,10,-1,-1,05T35@2,BUYER,0,42,-1,-1,3
690,OTHER,T35,42,1,10,10,-1,-1,SELLER,01T35@0,0,42,-1,-1,0
701,T35,OTHER,43,1,39,11,-1,-1,05T35@2,BUYER,0,43,-1,-1,3
696,OTHER,T35,43,4,10,11,-1,-1,SELLER,01T35@0,0,43,-1,-1,0
698,T35,OTHER,43,3,39,11,-1,-1,05T35@2,BUYER,0,43,-1,-1,3
699,T35,OTHER,43,4,39,11,-1,-1,05T35@2,BUYER,0,43,-1,-1,3
700,T35,OTHER,43,1,39,11,-1,-1,05T35@2,BUYER,0,43,-1,-1,3
702,OTHER,T22,43,3,10,11,-1,-1,SELLER,00T22@0,0,43,-1,-1,0
706,OTHER,T35,43,3,10,11,-1,-1,SELLER,01T35@0,0,43,-1,-1,0
704,OTHER,T22,43,1,10,11,-1,-1,SELLER,00T22@0,0,43,-1,-1,0
705,OTHER,T22,43,2,10,11,-1,-1,SELLER,00T22@0,0,43,-1,-1,0
707,OTHER,T22,43,1,10,11,-1,-1,SELLER,00T22@0,0,43,-1,-1,0
708,T35,OTHER,43,4,39,11,-1,-1,04T35@2,BUYER,0,43,-1,-1,3
709,T35,OTHER,43,2,39,11,-1,-1,04T35@2,BUYER,0,43,-1,-1,3
710,OTHER,T35,43,1,10,11,-1,-1,SELLER,01T35@0,0,43,-1,-1,0
711,OTHER,T22,43,5,10,11,-1,-1,SELLER,00T22@0,0,43,-1,-1,0
712,T35,OTHER,43,2,39,11,-1,-1,04T35@2,BUYER,0,43,-1,-1,3
1190,T22,T06,43,17,25,-1,-1,37,00T22@0,03T06@1,17,-1,-1,-1,1
1172,T35,T06,43,53,16,-1,-1,36,01T35@0,03T06@1,2,-1,-1,-1,1
703,T35,OTHER,43,1,39,11,-1,-1,04T35@2,BUYER,0,43,-1,-1,3
697,T35,OTHER,43,2,39,11,-1,-1,05T35@2,BUYER,0,43,-1,-1,3
1207,T22,T06,44,12,25,-1,-1,38,00T22@0,03T06@1,17,-1,-1,-1,1
1154,T35,T06,44,54,16,-1,-1,35,01T35@0,03T06@1,2,-1,-1,-1,1
730,T35,OTHER,44,3,39,12,-1,-1,04T35@2,BUYER,0,44,-1,-1,3
728,T35,OTHER,44,2,39,12,-1,-1,04T35@2,BUYER,0,44,-1,-1,3
729,T35,OTHER,44,1,39,12,-1,-1,05T35@2,BUYER,0,44,-1,-1,3
727,OTHER,T35,44,3,10,12,-1,-1,SELLER,01T35@0,0,44,-1,-1,0
726,OTHER,T22,44,2,10,12,-1,-1,SELLER,00T22@0,0,44,-1,-1,0
725,T35,OTHER,44,3,39,12,-1,-1,05T35@2,BUYER,0,44,-1,-1,3
724,T35,OTHER,44,1,39,12,-1,-1,04T35@2,BUYER,0,44,-1,-1,3
716,T35,OTHER,44,3,39,12,-1,-1,05T35@2,BUYER,0,44,-1,-1,3
722,OTHER,T35,44,3,10,12,-1,-1,SELLER,01T35@0,0,44,-1,-1,0
723,OTHER,T22,44,2,10,12,-1,-1,SELLER,00T22@0,0,44,-1,-1,0
720,OTHER,T22,44,4,10,12,-1,-1,SELLER,00T22@0,0,44,-1,-1,0
719,T35,OTHER,44,3,39,12,-1,-1,04T35@2,BUYER,0,44,-1,-1,3
718,T35,OTHER,44,1,39,12,-1,-1,05T35@2,BUYER,0,44,-1,-1,3
717,T35,OTHER,44,3,39,12,-1,-1,05T35@2,BUYER,0,44,-1,-1,3
714,OTHER,T22,44,2,10,12,-1,-1,SELLER,00T22@0,0,44,-1,-1,0
715,OTHER,T22,44,2,10,12,-1,-1,SELLER,00T22@0,0,44,-1,-1,0
721,OTHER,T35,44,2,10,12,-1,-1,SELLER,01T35@0,0,44,-1,-1,0
745,OTHER,T35,45,1,10,13,-1,-1,SELLER,01T35@0,0,45,-1,-1,0
747,T35,OTHER,45,1,39,13,-1,-1,05T35@2,BUYER,0,45,-1,-1,3
744,T35,OTHER,45,3,39,13,-1,-1,05T35@2,BUYER,0,45,-1,-1,3
743,OTHER,T35,45,6,10,13,-1,-1,SELLER,01T35@0,0,45,-1,-1,0
742,OTHER,T35,45,3,10,13,-1,-1,SELLER,01T35@0,0,45,-1,-1,0
740,OTHER,T22,45,4,10,13,-1,-1,SELLER,00T22@0,0,45,-1,-1,0
741,T35,OTHER,45,2,39,13,-1,-1,04T35@2,BUYER,0,45,-1,-1,3
738,OTHER,T22,45,2,10,13,-1,-1,SELLER,00T22@0,0,45,-1,-1,0
737,T35,OTHER,45,3,39,13,-1,-1,05T35@2,BUYER,0,45,-1,-1,3
736,T35,OTHER,45,3,39,13,-1,-1,04T35@2,BUYER,0,45,-1,-1,3
735,T35,OTHER,45,1,39,13,-1,-1,04T35@2,BUYER,0,45,-1,-1,3
734,T35,OTHER,45,4,39,13,-1,-1,05T35@2,BUYER,0,45,-1,-1,3
748,OTHER,T35,45,2,10,13,-1,-1,SELLER,01T35@0,0,45,-1,-1,0
1173,T22,T06,45,17,23,-1,-1,36,00T22@0,03T06@1,17,-1,-1,-1,1
739,OTHER,T22,45,2,10,13,-1,-1,SELLER,00T22@0,0,45,-1,-1,0
749,T35,OTHER,45,3,39,13,-1,-1,04T35@2,BUYER,0,45,-1,-1,3
1171,T35,T06,45,59,16,-1,-1,36,01T35@0,03T06@1,2,-1,-1,-1,1
767,T35,OTHER,46,2,39,14,-1,-1,05T35@2,BUYER,0,46,-1,-1,3
760,OTHER,T22,46,1,10,14,-1,-1,SELLER,00T22@0,0,46,-1,-1,0
759,T35,OTHER,46,3,39,14,-1,-1,05T35@2,BUYER,0,46,-1,-1,3
758,OTHER,T22,46,4,10,14,-1,-1,SELLER,00T22@0,0,46,-1,-1,0
757,OTHER,T35,46,1,10,14,-1,-1,SELLER,01T35@0,0,46,-1,-1,0
756,OTHER,T35,46,3,10,14,-1,-1,SELLER,01T35@0,0,46,-1,-1,0
755,T35,OTHER,46,4,39,14,-1,-1,05T35@2,BUYER,0,46,-1,-1,3
754,OTHER,T22,46,3,10,14,-1,-1,SELLER,00T22@0,0,46,-1,-1,0
753,T35,OTHER,46,3,39,14,-1,-1,04T35@2,BUYER,0,46,-1,-1,3
763,OTHER,T22,46,1,10,14,-1,-1,SELLER,00T22@0,0,46,-1,-1,0
765,T35,OTHER,46,2,39,14,-1,-1,04T35@2,BUYER,0,46,-1,-1,3
766,OTHER,T35,46,2,10,14,-1,-1,SELLER,01T35@0,0,46,-1,-1,0
761,T35,OTHER,46,3,39,14,-1,-1,05T35@2,BUYER,0,46,-1,-1,3
768,OTHER,T35,46,5,10,14,-1,-1,SELLER,01T35@0,0,46,-1,-1,0
762,T35,OTHER,46,2,39,14,-1,-1,04T35@2,BUYER,0,46,-1,-1,3
1189,T35,T06,46,51,16,-1,-1,37,01T35@0,03T06@1,2,-1,-1,-1,1
1242,T22,T06,46,17,25,-1,-1,40,00T22@0,03T06@1,17,-1,-1,-1,1
769,T35,OTHER,46,1,39,14,-1,-1,05T35@2,BUYER,0,46,-1,-1,3
788,OTHER,T35,47,3,10,15,-1,-1,SELLER,01T35@0,0,47,-1,-1,0
783,OTHER,T22,47,4,10,15,-1,-1,SELLER,00T22@0,0,47,-1,-1,0
784,T35,OTHER,47,1,39,15,-1,-1,04T35@2,BUYER,0,47,-1,-1,3
1191,T35,T06,47,53,16,-1,-1,37,01T35@0,03T06@1,2,-1,-1,-1,1
785,OTHER,T22,47,5,10,15,-1,-1,SELLER,00T22@0,0,47,-1,-1,0
775,T35,OTHER,47,3,39,15,-1,-1,05T35@2,BUYER,0,47,-1,-1,3
776,T35,OTHER,47,5,39,15,-1,-1,05T35@2,BUYER,0,47,-1,-1,3
777,T35,OTHER,47,1,39,15,-1,-1,04T35@2,BUYER,0,47,-1,-1,3
787,OTHER,T35,47,1,10,15,-1,-1,SELLER,01T35@0,0,47,-1,-1,0
782,OTHER,T35,47,3,10,15,-1,-1,SELLER,01T35@0,0,47,-1,-1,0
781,OTHER,T22,47,1,10,15,-1,-1,SELLER,00T22@0,0,47,-1,-1,0
780,T35,OTHER,47,6,39,15,-1,-1,04T35@2,BUYER,0,47,-1,-1,3
779,OTHER,T35,47,2,10,15,-1,-1,SELLER,01T35@0,0,47,-1,-1,0
778,OTHER,T22,47,1,10,15,-1,-1,SELLER,00T22@0,0,47,-1,-1,0
786,T35,OTHER,47,4,39,15,-1,-1,05T35@2,BUYER,0,47,-1,-1,3
798,T35,OTHER,48,5,39,16,-1,-1,05T35@2,BUYER,0,48,-1,-1,3
792,OTHER,T35,48,4,10,16,-1,-1,SELLER,01T35@0,0,48,-1,-1,0
1224,T22,T06,48,17,23,-1,-1,39,00T22@0,03T06@1,17,-1,-1,-1,1
793,T35,OTHER,48,2,39,16,-1,-1,04T35@2,BUYER,0,48,-1,-1,3
1259,T35,T06,48,53,16,-1,-1,41,01T35@0,03T06@1,2,-1,-1,-1,1
795,T35,OTHER,48,1,39,16,-1,-1,04T35@2,BUYER,0,48,-1,-1,3
796,T35,OTHER,48,2,39,16,-1,-1,04T35@2,BUYER,0,48,-1,-1,3
794,OTHER,T22,48,4,10,16,-1,-1,SELLER,00T22@0,0,48,-1,-1,0
806,T35,OTHER,48,1,39,16,-1,-1,05T35@2,BUYER,0,48,-1,-1,3
799,OTHER,T22,48,5,10,16,-1,-1,SELLER,00T22@0,0,48,-1,-1,0
800,T35,OTHER,48,1,39,16,-1,-1,05T35@2,BUYER,0,48,-1,-1,3
801,OTHER,T22,48,2,10,16,-1,-1,SELLER,00T22@0,0,48,-1,-1,0
802,T35,OTHER,48,5,39,16,-1,-1,04T35@2,BUYER,0,48,-1,-1,3
803,OTHER,T22,48,2,10,16,-1,-1,SELLER,00T22@0,0,48,-1,-1,0
807,OTHER,T35,48,2,10,16,-1,-1,SELLER,01T35@0,0,48,-1,-1,0
804,OTHER,T35,48,1,10,16,-1,-1,SELLER,01T35@0,0,48,-1,-1,0
797,T35,OTHER,48,2,39,16,-1,-1,05T35@2,BUYER,0,48,-1,-1,3
805,T35,OTHER,48,1,39,16,-1,-1,04T35@2,BUYER,0,48,-1,-1,3
1257,T22,T06,49,13,23,-1,-1,41,00T22@0,03T06@1,17,-1,-1,-1,1
813,OTHER,T35,49,1,10,17,-1,-1,SELLER,01T35@0,0,49,-1,-1,0
812,T35,OTHER,49,1,39,17,-1,-1,05T35@2,BUYER,0,49,-1,-1,3
811,OTHER,T22,49,5,10,17,-1,-1,SELLER,00T22@0,0,49,-1,-1,0
1275,T22,T06,49,14,25,-1,-1,42,00T22@0,03T06@1,17,-1,-1,-1,1
814,T35,OTHER,49,3,39,17,-1,-1,05T35@2,BUYER,0,49,-1,-1,3
1225,T35,T06,49,58,16,-1,-1,39,01T35@0,03T06@1,2,-1,-1,-1,1
815,T35,OTHER,49,2,39,17,-1,-1,05T35@2,BUYER,0,49,-1,-1,3
818,T35,OTHER,49,3,39,17,-1,-1,04T35@2,BUYER,0,49,-1,-1,3
820,OTHER,T35,49,3,10,17,-1,-1,SELLER,01T35@0,0,49,-1,-1,0
821,T35,OTHER,49,2,39,17,-1,-1,05T35@2,BUYER,0,49,-1,-1,3
822,OTHER,T35,49,2,10,17,-1,-1,SELLER,01T35@0,0,49,-1,-1,0
823,T35,OTHER,49,2,39,17,-1,-1,04T35@2,BUYER,0,49,-1,-1,3
824,OTHER,T22,49,2,10,17,-1,-1,SELLER,00T22@0,0,49,-1,-1,0
825,T35,OTHER,49,4,39,17,-1,-1,05T35@2,BUYER,0,49,-1,-1,3
826,OTHER,T35,49,3,10,17,-1,-1,SELLER,01T35@0,0,49,-1,-1,0
817,T35,OTHER,49,3,39,17,-1,-1,04T35@2,BUYER,0,49,-1,-1,3
816,OTHER,T22,49,1,10,17,-1,-1,SELLER,00T22@0,0,49,-1,-1,0
819,OTHER,T35,49,3,10,17,-1,-1,SELLER,01T35@0,0,49,-1,-1,0
1258,T35,T06,50,53,16,-1,-1,41,01T35@0,03T06@1,2,-1,-1,-1,1
828,OTHER,T35,50,2,10,18,-1,-1,SELLER,01T35@0,0,50,-1,-1,0
829,T35,OTHER,50,1,39,18,-1,-1,04T35@2,BUYER,0,50,-1,-1,3
841,OTHER,T35,50,2,10,18,-1,-1,SELLER,01T35@0,0,50,-1,-1,0
832,T35,OTHER,50,6,39,18,-1,-1,04T35@2,BUYER,0,50,-1,-1,3
839,OTHER,T35,50,2,10,18,-1,-1,SELLER,01T35@0,0,50,-1,-1,0
838,T35,OTHER,50,2,39,18,-1,-1,05T35@2,BUYER,0,50,-1,-1,3
837,OTHER,T22,50,4,10,18,-1,-1,SELLER,00T22@0,0,50,-1,-1,0
836,T35,OTHER,50,6,39,18,-1,-1,05T35@2,BUYER,0,50,-1,-1,3
835,OTHER,T22,50,1,10,18,-1,-1,SELLER,00T22@0,0,50,-1,-1,0
834,T35,OTHER,50,3,39,18,-1,-1,04T35@2,BUYER,0,50,-1,-1,3
833,T35,OTHER,50,2,39,18,-1,-1,04T35@2,BUYER,0,50,-1,-1,3
1315,T22,T06,50,18,25,-1,-1,44,00T22@0,03T06@1,17,-1,-1,-1,1
830,OTHER,T35,50,3,10,18,-1,-1,SELLER,01T35@0,0,50,-1,-1,0
840,OTHER,T22,50,4,10,18,-1,-1,SELLER,00T22@0,0,50,-1,-1,0
831,OTHER,T35,50,2,10,18,-1,-1,SELLER,01T35@0,0,50,-1,-1,0
856,OTHER,T22,51,3,10,19,-1,-1,SELLER,00T22@0,0,51,-1,-1,0
851,OTHER,T35,51,2,10,19,-1,-1,SELLER,01T35@0,0,51,-1,-1,0
857,T35,OTHER,51,4,39,19,-1,-1,04T35@2,BUYER,0,51,-1,-1,3
852,T35,OTHER,51,1,39,19,-1,-1,05T35@2,BUYER,0,51,-1,-1,3
858,T35,OTHER,51,3,39,19,-1,-1,05T35@2,BUYER,0,51,-1,-1,3
853,OTHER,T35,51,4,10,19,-1,-1,SELLER,01T35@0,0,51,-1,-1,0
854,T35,OTHER,51,2,39,19,-1,-1,05T35@2,BUYER,0,51,-1,-1,3
855,OTHER,T22,51,1,10,19,-1,-1,SELLER,00T22@0,0,51,-1,-1,0
850,T35,OTHER,51,4,39,19,-1,-1,05T35@2,BUYER,0,51,-1,-1,3
859,T35,OTHER,51,2,39,19,-1,-1,04T35@2,BUYER,0,51,-1,-1,3
849,OTHER,T35,51,1,10,19,-1,-1,SELLER,01T35@0,0,51,-1,-1,0
1295,T22,T06,51,16,23,-1,-1,43,00T22@0,03T06@1,17,-1,-1,-1,1
1314,T35,T06,51,53,16,-1,-1,44,01T35@0,03T06@1,2,-1,-1,-1,1
848,OTHER,T22,51,1,10,19,-1,-1,SELLER,00T22@0,0,51,-1,-1,0
847,T35,OTHER,51,2,39,19,-1,-1,05T35@2,BUYER,0,51,-1,-1,3
846,OTHER,T35,51,3,10,19,-1,-1,SELLER,01T35@0,0,51,-1,-1,0
845,T35,OTHER,51,2,39,19,-1,-1,04T35@2,BUYER,0,51,-1,-1,3
860,OTHER,T22,51,5,10,19,-1,-1,SELLER,00T22@0,0,51,-1,-1,0
1334,T22,T06,52,13,25,-1,-1,45,00T22@0,03T06@1,17,-1,-1,-1,1
873,T35,OTHER,52,2,39,20,-1,-1,05T35@2,BUYER,0,52,-1,-1,3
1276,T35,T06,52,57,16,-1,-1,42,01T35@0,03T06@1,2,-1,-1,-1,1
874,T35,OTHER,52,1,39,20,-1,-1,05T35@2,BUYER,0,52,-1,-1,3
868,OTHER,T35,52,4,10,20,-1,-1,SELLER,01T35@0,0,52,-1,-1,0
875,T35,OTHER,52,3,39,20,-1,-1,04T35@2,BUYER,0,52,-1,-1,3
876,OTHER,T35,52,2,10,20,-1,-1,SELLER,01T35@0,0,52,-1,-1,0
877,OTHER,T22,52,3,10,20,-1,-1,SELLER,00T22@0,0,52,-1,-1,0
878,OTHER,T22,52,3,10,20,-1,-1,SELLER,00T22@0,0,52,-1,-1,0
872,T35,OTHER,52,1,39,20,-1,-1,05T35@2,BUYER,0,52,-1,-1,3
871,OTHER,T35,52,2,10,20,-1,-1,SELLER,01T35@0,0,52,-1,-1,0
867,OTHER,T22,52,2,10,20,-1,-1,SELLER,00T22@0,0,52,-1,-1,0
866,T35,OTHER,52,4,39,20,-1,-1,05T35@2,BUYER,0,52,-1,-1,3
865,OTHER,T22,52,2,10,20,-1,-1,SELLER,00T22@0,0,52,-1,-1,0
869,T35,OTHER,52,3,39,20,-1,-1,05T35@2,BUYER,0,52,-1,-1,3
870,OTHER,T22,52,2,10,20,-1,-1,SELLER,00T22@0,0,52,-1,-1,0
863,T35,OTHER,52,2,39,20,-1,-1,04T35@2,BUYER,0,52,-1,-1,3
864,T35,OTHER,52,4,39,20,-1,-1,04T35@2,BUYER,0,52,-1,-1,3
1294,T35,T06,53,56,16,-1,-1,43,01T35@0,03T06@1,2,-1,-1,-1,1
894,OTHER,T35,53,1,10,21,-1,-1,SELLER,01T35@0,0,53,-1,-1,0
893,T35,OTHER,53,4,39,21,-1,-1,04T35@2,BUYER,0,53,-1,-1,3
896,T35,OTHER,53,1,39,21,-1,-1,05T35@2,BUYER,0,53,-1,-1,3
892,T35,OTHER,53,2,39,21,-1,-1,04T35@2,BUYER,0,53,-1,-1,3
895,OTHER,T22,53,2,10,21,-1,-1,SELLER,00T22@0,0,53,-1,-1,0
891,OTHER,T35,53,4,10,21,-1,-1,SELLER,01T35@0,0,53,-1,-1,0
890,OTHER,T22,53,2,10,21,-1,-1,SELLER,00T22@0,0,53,-1,-1,0
885,T35,OTHER,53,2,39,21,-1,-1,04T35@2,BUYER,0,53,-1,-1,3
881,T35,OTHER,53,4,39,21,-1,-1,04T35@2,BUYER,0,53,-1,-1,3
1350,T22,T06,53,14,25,-1,-1,46,00T22@0,03T06@1,17,-1,-1,-1,1
882,T35,OTHER,53,2,39,21,-1,-1,05T35@2,BUYER,0,53,-1,-1,3
889,OTHER,T22,53,1,10,21,-1,-1,SELLER,00T22@0,0,53,-1,-1,0
888,OTHER,T22,53,2,10,21,-1,-1,SELLER,00T22@0,0,53,-1,-1,0
886,T35,OTHER,53,5,39,21,-1,-1,05T35@2,BUYER,0,53,-1,-1,3
883,OTHER,T22,53,5,10,21,-1,-1,SELLER,00T22@0,0,53,-1,-1,0
884,OTHER,T35,53,3,10,21,-1,-1,SELLER,01T35@0,0,53,-1,-1,0
907,OTHER,T22,54,4,10,22,-1,-1,SELLER,00T22@0,0,54,-1,-1,0
905,T35,OTHER,54,2,39,22,-1,-1,04T35@2,BUYER,0,54,-1,-1,3
911,OTHER,T35,54,2,10,22,-1,-1,SELLER,01T35@0,0,54,-1,-1,0
912,T35,OTHER,54,2,39,22,-1,-1,05T35@2,BUYER,0,54,-1,-1,3
909,OTHER,T35,54,3,10,22,-1,-1,SELLER,01T35@0,0,54,-1,-1,0
910,T35,OTHER,54,1,39,22,-1,-1,04T35@2,BUYER,0,54,-1,-1,3
908,OTHER,T35,54,3,10,22,-1,-1,SELLER,01T35@0,0,54,-1,-1,0
904,OTHER,T22,54,1,10,22,-1,-1,SELLER,00T22@0,0,54,-1,-1,0
914,OTHER,T22,54,5,10,22,-1,-1,SELLER,00T22@0,0,54,-1,-1,0
902,OTHER,T22,54,2,10,22,-1,-1,SELLER,00T22@0,0,54,-1,-1,0
901,T35,OTHER,54,4,39,22,-1,-1,04T35@2,BUYER,0,54,-1,-1,3
900,T35,OTHER,54,2,39,22,-1,-1,05T35@2,BUYER,0,54,-1,-1,3
899,T35,OTHER,54,3,39,22,-1,-1,05T35@2,BUYER,0,54,-1,-1,3
913,T35,OTHER,54,3,39,22,-1,-1,04T35@2,BUYER,0,54,-1,-1,3
1313,T35,T06,54,54,16,-1,-1,44,01T35@0,03T06@1,2,-1,-1,-1,1
1365,T22,T06,54,15,25,-1,-1,47,00T22@0,03T06@1,17,-1,-1,-1,1
903,T35,OTHER,54,3,39,22,-1,-1,05T35@2,BUYER,0,54,-1,-1,3
1333,T35,T06,55,52,16,-1,-1,45,01T35@0,03T06@1,2,-1,-1,-1,1
922,OTHER,T35,55,3,10,23,-1,-1,SELLER,01T35@0,0,55,-1,-1,0
923,T35,OTHER,55,1,39,23,-1,-1,05T35@2,BUYER,0,55,-1,-1,3
934,OTHER,T22,55,3,10,23,-1,-1,SELLER,00T22@0,0,55,-1,-1,0
919,T35,OTHER,55,3,39,23,-1,-1,04T35@2,BUYER,0,55,-1,-1,3
920,OTHER,T22,55,2,10,23,-1,-1,SELLER,00T22@0,0,55,-1,-1,0
921,T35,OTHER,55,2,39,23,-1,-1,04T35@2,BUYER,0,55,-1,-1,3
935,T35,OTHER,55,4,39,23,-1,-1,04T35@2,BUYER,0,55,-1,-1,3
933,OTHER,T35,55,1,10,23,-1,-1,SELLER,01T35@0,0,55,-1,-1,0
932,OTHER,T35,55,2,10,23,-1,-1,SELLER,01T35@0,0,55,-1,-1,0
931,T35,OTHER,55,3,39,23,-1,-1,05T35@2,BUYER,0,55,-1,-1,3
929,OTHER,T35,55,4,10,23,-1,-1,SELLER,01T35@0,0,55,-1,-1,0
928,T35,OTHER,55,3,39,23,-1,-1,05T35@2,BUYER,0,55,-1,-1,3
927,OTHER,T22,55,1,10,23,-1,-1,SELLER,00T22@0,0,55,-1,-1,0
926,OTHER,T22,55,3,10,23,-1,-1,SELLER,00T22@0,0,55,-1,-1,0
925,T35,OTHER,55,3,39,23,-1,-1,05T35@2,BUYER,0,55,-1,-1,3
924,OTHER,T35,55,1,10,23,-1,-1,SELLER,01T35@0,0,55,-1,-1,0
930,T35,OTHER,55,1,39,23,-1,-1,04T35@2,BUYER,0,55,-1,-1,3
942,OTHER,T35,56,1,10,24,-1,-1,SELLER,01T35@0,0,56,-1,-1,0
943,OTHER,T22,56,1,10,24,-1,-1,SELLER,00T22@0,0,56,-1,-1,0
941,T35,OTHER,56,4,39,24,-1,-1,05T35@2,BUYER,0,56,-1,-1,3
944,T35,OTHER,56,2,39,24,-1,-1,04T35@2,BUYER,0,56,-1,-1,3
1366,T35,T06,56,57,16,-1,-1,47,01T35@0,03T06@1,2,-1,-1,-1,1
1401,T22,T06,56,17,25,-1,-1,50,00T22@0,03T06@1,17,-1,-1,-1,1
945,OTHER,T35,56,2,10,24,-1,-1,SELLER,01T35@0,0,56,-1,-1,0
940,T35,OTHER,56,2,39,24,-1,-1,05T35@2,BUYER,0,56,-1,-1,3
946,T35,OTHER,56,1,39,24,-1,-1,05T35@2,BUYER,0,56,-1,-1,3
950,T35,OTHER,56,5,39,24,-1,-1,04T35@2,BUYER,0,56,-1,-1,3
948,OTHER,T22,56,3,10,24,-1,-1,SELLER,00T22@0,0,56,-1,-1,0
947,T35,OTHER,56,3,39,24,-1,-1,05T35@2,BUYER,0,56,-1,-1,3
949,OTHER,T35,56,2,10,24,-1,-1,SELLER,01T35@0,0,56,-1,-1,0
951,OTHER,T35,56,5,10,24,-1,-1,SELLER,01T35@0,0,56,-1,-1,0
952,T35,OTHER,56,1,39,24,-1,-1,04T35@2,BUYER,0,56,-1,-1,3
953,OTHER,T22,56,4,10,24,-1,-1,SELLER,00T22@0,0,56,-1,-1,0
954,T35,OTHER,56,2,39,24,-1,-1,04T35@2,BUYER,0,56,-1,-1,3
955,OTHER,T35,56,2,10,24,-1,-1,SELLER,01T35@0,0,56,-1,-1,0
966,T35,OTHER,57,3,39,25,-1,-1,05T35@2,BUYER,0,57,-1,-1,3
967,T35,OTHER,57,5,39,25,-1,-1,04T35@2,BUYER,0,57,-1,-1,3
970,T35,OTHER,57,1,39,25,-1,-1,04T35@2,BUYER,0,57,-1,-1,3
969,T35,OTHER,57,1,39,25,-1,-1,05T35@2,BUYER,0,57,-1,-1,3
965,OTHER,T22,57,3,10,25,-1,-1,SELLER,00T22@0,0,57,-1,-1,0
971,OTHER,T22,57,1,10,25,-1,-1,SELLER,00T22@0,0,57,-1,-1,0
972,OTHER,T22,57,2,10,25,-1,-1,SELLER,00T22@0,0,57,-1,-1,0
968,OTHER,T22,57,3,10,25,-1,-1,SELLER,00T22@0,0,57,-1,-1,0
964,OTHER,T35,57,2,10,25,-1,-1,SELLER,01T35@0,0,57,-1,-1,0
960,T35,OTHER,57,2,39,25,-1,-1,04T35@2,BUYER,0,57,-1,-1,3
962,T35,OTHER,57,1,39,25,-1,-1,04T35@2,BUYER,0,57,-1,-1,3
961,T35,OTHER,57,2,39,25,-1,-1,05T35@2,BUYER,0,57,-1,-1,3
959,T35,OTHER,57,3,39,25,-1,-1,04T35@2,BUYER,0,57,-1,-1,3
958,T35,OTHER,57,2,39,25,-1,-1,04T35@2,BUYER,0,57,-1,-1,3
1391,T35,T06,57,56,16,-1,-1,49,01T35@0,03T06@1,2,-1,-1,-1,1
1383,T22,T06,57,17,23,-1,-1,48,00T22@0,03T06@1,17,-1,-1,-1,1
973,OTHER,T22,57,3,10,25,-1,-1,SELLER,00T22@0,0,57,-1,-1,0
963,OTHER,T22,57,2,10,25,-1,-1,SELLER,00T22@0,0,57,-1,-1,0
974,OTHER,T35,57,4,10,25,-1,-1,SELLER,01T35@0,0,57,-1,-1,0
1390,T22,T06,58,17,23,-1,-1,49,00T22@0,03T06@1,17,-1,-1,-1,1
1382,T35,T06,58,55,16,-1,-1,48,01T35@0,03T06@1,2,-1,-1,-1,1
992,OTHER,T22,58,2,10,26,-1,-1,SELLER,00T22@0,0,58,-1,-1,0
989,T35,OTHER,58,5,39,26,-1,-1,04T35@2,BUYER,0,58,-1,-1,3
991,OTHER,T35,58,1,10,26,-1,-1,SELLER,01T35@0,0,58,-1,-1,0
990,OTHER,T35,58,4,10,26,-1,-1,SELLER,01T35@0,0,58,-1,-1,0
988,T35,OTHER,58,5,39,26,-1,-1,05T35@2,BUYER,0,58,-1,-1,3
987,OTHER,T35,58,3,10,26,-1,-1,SELLER,01T35@0,0,58,-1,-1,0
985,T35,OTHER,58,2,39,26,-1,-1,04T35@2,BUYER,0,58,-1,-1,3
986,T35,OTHER,58,1,39,26,-1,-1,04T35@2,BUYER,0,58,-1,-1,3
983,OTHER,T35,58,1,10,26,-1,-1,SELLER,01T35@0,0,58,-1,-1,0
982,OTHER,T22,58,1,10,26,-1,-1,SELLER,00T22@0,0,58,-1,-1,0
981,OTHER,T35,58,4,10,26,-1,-1,SELLER,01T35@0,0,58,-1,-1,0
980,T35,OTHER,58,5,39,26,-1,-1,05T35@2,BUYER,0,58,-1,-1,3
979,OTHER,T22,58,4,10,26,-1,-1,SELLER,00T22@0,0,58,-1,-1,0
984,T35,OTHER,58,2,39,26,-1,-1,04T35@2,BUYER,0,58,-1,-1,3
1008,OTHER,T35,59,3,10,27,-1,-1,SELLER,01T35@0,0,59,-1,-1,0
1006,T35,OTHER,59,2,39,27,-1,-1,04T35@2,BUYER,0,59,-1,-1,3
1007,T35,OTHER,59,3,39,27,-1,-1,04T35@2,BUYER,0,59,-1,-1,3
1009,T35,OTHER,59,2,39,27,-1,-1,05T35@2,BUYER,0,59,-1,-1,3
1002,T35,OTHER,59,1,39,27,-1,-1,05T35@2,BUYER,0,59,-1,-1,3
1410,T22,T06,59,14,23,-1,-1,51,00T22@0,03T06@1,17,-1,-1,-1,1
1412,T35,T06,59,53,16,-1,-1,52,01T35@0,03T06@1,2,-1,-1,-1,1
1005,T35,OTHER,59,3,39,27,-1,-1,04T35@2,BUYER,0,59,-1,-1,3
1010,OTHER,T22,59,5,10,27,-1,-1,SELLER,00T22@0,0,59,-1,-1,0
1004,T35,OTHER,59,3,39,27,-1,-1,04T35@2,BUYER,0,59,-1,-1,3
998,T35,OTHER,59,2,39,27,-1,-1,04T35@2,BUYER,0,59,-1,-1,3
1001,OTHER,T35,59,1,10,27,-1,-1,SELLER,01T35@0,0,59,-1,-1,0
1000,OTHER,T35,59,2,10,27,-1,-1,SELLER,01T35@0,0,59,-1,-1,0
999,OTHER,T35,59,3,10,27,-1,-1,SELLER,01T35@0,0,59,-1,-1,0
997,OTHER,T22,59,2,10,27,-1,-1,SELLER,00T22@0,0,59,-1,-1,0
996,T35,OTHER,59,3,39,27,-1,-1,05T35@2,BUYER,0,59,-1,-1,3
995,OTHER,T22,59,2,10,27,-1,-1,SELLER,00T22@0,0,59,-1,-1,0
994,OTHER,T35,59,2,10,27,-1,-1,SELLER,01T35@0,0,59,-1,-1,0
1003,T35,OTHER,59,1,39,27,-1,-1,04T35@2,BUYER,0,59,-1,-1,3
1021,T35,OTHER,60,2,39,28,-1,-1,05T35@2,BUYER,0,60,-1,-1,3
1018,OTHER,T22,60,3,10,28,-1,-1,SELLER,00T22@0,0,60,-1,-1,0
1028,T35,OTHER,60,2,39,28,-1,-1,04T35@2,BUYER,0,60,-1,-1,3
1020,T35,OTHER,60,4,39,28,-1,-1,04T35@2,BUYER,0,60,-1,-1,3
1019,OTHER,T35,60,3,10,28,-1,-1,SELLER,01T35@0,0,60,-1,-1,0
1017,T35,OTHER,60,4,39,28,-1,-1,05T35@2,BUYER,0,60,-1,-1,3
1029,OTHER,T22,60,3,10,28,-1,-1,SELLER,00T22@0,0,60,-1,-1,0
1417,T22,T06,60,12,25,-1,-1,54,00T22@0,03T06@1,17,-1,-1,-1,1
1413,T35,T06,60,53,16,-1,-1,53,01T35@0,03T06@1,2,-1,-1,-1,1
1411,T22,T06,60,13,23,-1,-1,52,00T22@0,03T06@1,17,-1,-1,-1,1
1015,T35,OTHER,60,2,39,28,-1,-1,05T35@2,BUYER,0,60,-1,-1,3
1023,T35,OTHER,60,1,39,28,-1,-1,04T35@2,BUYER,0,60,-1,-1,3
1016,OTHER,T35,60,5,10,28,-1,-1,SELLER,01T35@0,0,60,-1,-1,0
1024,OTHER,T22,60,1,10,28,-1,-1,SELLER,00T22@0,0,60,-1,-1,0
1022,T35,OTHER,60,2,39,28,-1,-1,04T35@2,BUYER,0,60,-1,-1,3
1026,OTHER,T22,60,1,10,28,-1,-1,SELLER,00T22@0,0,60,-1,-1,0
1025,T35,OTHER,60,3,39,28,-1,-1,04T35@2,BUYER,0,60,-1,-1,3
1027,OTHER,T22,60,4,10,28,-1,-1,SELLER,00T22@0,0,60,-1,-1,0
1045,OTHER,T22,61,2,10,29,-1,-1,SELLER,00T22@0,0,61,-1,-1,0
1047,T35,OTHER,61,3,39,29,-1,-1,05T35@2,BUYER,0,61,-1,-1,3
1046,T35,OTHER,61,3,39,29,-1,-1,04T35@2,BUYER,0,61,-1,-1,3
1044,OTHER,T35,61,2,10,29,-1,-1,SELLER,01T35@0,0,61,-1,-1,0
1043,OTHER,T35,61,2,10,29,-1,-1,SELLER,01T35@0,0,61,-1,-1,0
1042,OTHER,T22,61,3,10,29,-1,-1,SELLER,00T22@0,0,61,-1,-1,0
1041,T35,OTHER,61,3,39,29,-1,-1,04T35@2,BUYER,0,61,-1,-1,3
1040,T35,OTHER,61,2,39,29,-1,-1,05T35@2,BUYER,0,61,-1,-1,3
1038,OTHER,T35,61,4,10,29,-1,-1,SELLER,01T35@0,0,61,-1,-1,0
1037,OTHER,T22,61,3,10,29,-1,-1,SELLER,00T22@0,0,61,-1,-1,0
1039,T35,OTHER,61,1,39,29,-1,-1,04T35@2,BUYER,0,61,-1,-1,3
1035,T35,OTHER,61,4,39,29,-1,-1,05T35@2,BUYER,0,61,-1,-1,3
1034,T35,OTHER,61,3,39,29,-1,-1,04T35@2,BUYER,0,61,-1,-1,3
1033,OTHER,T35,61,1,10,29,-1,-1,SELLER,01T35@0,0,61,-1,-1,0
1032,OTHER,T22,61,3,10,29,-1,-1,SELLER,00T22@0,0,61,-1,-1,0
1414,T35,T06,61,53,16,-1,-1,53,01T35@0,03T06@1,2,-1,-1,-1,1
1036,T35,OTHER,61,1,39,29,-1,-1,05T35@2,BUYER,0,61,-1,-1,3
1061,OTHER,T22,62,5,10,30,-1,-1,SELLER,00T22@0,0,62,-1,-1,0
1053,T35,OTHER,62,4,39,30,-1,-1,04T35@2,BUYER,0,62,-1,-1,3
1054,T35,OTHER,62,2,39,30,-1,-1,04T35@2,BUYER,0,62,-1,-1,3
1055,OTHER,T35,62,3,10,30,-1,-1,SELLER,01T35@0,0,62,-1,-1,0
1058,OTHER,T35,62,2,10,30,-1,-1,SELLER,01T35@0,0,62,-1,-1,0
1059,T35,OTHER,62,5,39,30,-1,-1,05T35@2,BUYER,0,62,-1,-1,3
1056,T35,OTHER,62,3,39,30,-1,-1,04T35@2,BUYER,0,62,-1,-1,3
1057,T35,OTHER,62,1,39,30,-1,-1,05T35@2,BUYER,0,62,-1,-1,3
1052,OTHER,T22,62,1,10,30,-1,-1,SELLER,00T22@0,0,62,-1,-1,0
1060,OTHER,T35,62,4,10,30,-1,-1,SELLER,01T35@0,0,62,-1,-1,0
1051,OTHER,T22,62,1,10,30,-1,-1,SELLER,00T22@0,0,62,-1,-1,0
1063,T35,OTHER,62,1,39,30,-1,-1,05T35@2,BUYER,0,62,-1,-1,3
1049,T35,OTHER,62,4,39,30,-1,-1,04T35@2,BUYER,0,62,-1,-1,3
1416,T22,T06,62,19,23,-1,-1,53,00T22@0,03T06@1,17,-1,-1,-1,1
1062,OTHER,T22,62,3,10,30,-1,-1,SELLER,00T22@0,0,62,-1,-1,0
1422,T22,T06,62,17,25,-1,-1,56,00T22@0,03T06@1,17,-1,-1,-1,1
1419,T35,T06,62,56,16,-1,-1,55,01T35@0,03T06@1,2,-1,-1,-1,1
1050,OTHER,T35,62,1,10,30,-1,-1,SELLER,01T35@0,0,62,-1,-1,0
1067,T35,OTHER,63,3,39,31,-1,-1,04T35@2,BUYER,0,63,-1,-1,3
1066,OTHER,T22,63,2,10,31,-1,-1,SELLER,00T22@0,0,63,-1,-1,0
1075,OTHER,T22,63,2,10,31,-1,-1,SELLER,00T22@0,0,63,-1,-1,0
1415,T35,T06,63,57,16,-1,-1,53,01T35@0,03T06@1,2,-1,-1,-1,1
1420,T22,T06,63,14,23,-1,-1,55,00T22@0,03T06@1,17,-1,-1,-1,1
1076,T35,OTHER,63,3,39,31,-1,-1,05T35@2,BUYER,0,63,-1,-1,3
1068,OTHER,T35,63,1,10,31,-1,-1,SELLER,01T35@0,0,63,-1,-1,0
1070,T35,OTHER,63,1,39,31,-1,-1,05T35@2,BUYER,0,63,-1,-1,3
1071,T35,OTHER,63,6,39,31,-1,-1,05T35@2,BUYER,0,63,-1,-1,3
1072,OTHER,T35,63,1,10,31,-1,-1,SELLER,01T35@0,0,63,-1,-1,0
1073,OTHER,T22,63,4,10,31,-1,-1,SELLER,00T22@0,0,63,-1,-1,0
1074,OTHER,T35,63,3,10,31,-1,-1,SELLER,01T35@0,0,63,-1,-1,0
1079,T35,OTHER,63,2,39,31,-1,-1,04T35@2,BUYER,0,63,-1,-1,3
1078,OTHER,T35,63,4,10,31,-1,-1,SELLER,01T35@0,0,63,-1,-1,0
1077,T35,OTHER,63,2,39,31,-1,-1,04T35@2,BUYER,0,63,-1,-1,3
1069,OTHER,T22,63,3,10,31,-1,-1,SELLER,00T22@0,0,63,-1,-1,0
1065,T35,OTHER,63,3,39,31,-1,-1,05T35@2,BUYER,0,63,-1,-1,3
1425,T22,T06,64,16,25,-1,-1,57,00T22@0,03T06@1,17,-1,-1,-1,1
1100,OTHER,T22,64,2,10,32,-1,-1,SELLER,00T22@0,0,64,-1,-1,0
1097,T35,OTHER,64,2,39,32,-1,-1,05T35@2,BUYER,0,64,-1,-1,3
1096,OTHER,T35,64,2,10,32,-1,-1,SELLER,01T35@0,0,64,-1,-1,0
1095,T35,OTHER,64,3,39,32,-1,-1,04T35@2,BUYER,0,64,-1,-1,3
1094,OTHER,T22,64,5,10,32,-1,-1,SELLER,00T22@0,0,64,-1,-1,0
1093,OTHER,T35,64,3,10,32,-1,-1,SELLER,01T35@0,0,64,-1,-1,0
1092,T35,OTHER,64,2,39,32,-1,-1,04T35@2,BUYER,0,64,-1,-1,3
1091,OTHER,T35,64,2,10,32,-1,-1,SELLER,01T35@0,0,64,-1,-1,0
1090,OTHER,T22,64,1,10,32,-1,-1,SELLER,00T22@0,0,64,-1,-1,0
1089,OTHER,T22,64,2,10,32,-1,-1,SELLER,00T22@0,0,64,-1,-1,0
1088,T35,OTHER,64,2,39,32,-1,-1,05T35@2,BUYER,0,64,-1,-1,3
1087,OTHER,T35,64,2,10,32,-1,-1,SELLER,01T35@0,0,64,-1,-1,0
1086,T35,OTHER,64,3,39,32,-1,-1,05T35@2,BUYER,0,64,-1,-1,3
1085,T35,OTHER,64,1,39,32,-1,-1,05T35@2,BUYER,0,64,-1,-1,3
1084,T35,OTHER,64,3,39,32,-1,-1,05T35@2,BUYER,0,64,-1,-1,3
1083,T35,OTHER,64,3,39,32,-1,-1,04T35@2,BUYER,0,64,-1,-1,3
1098,T35,OTHER,64,1,39,32,-1,-1,04T35@2,BUYER,0,64,-1,-1,3
1418,T35,T06,64,51,16,-1,-1,54,01T35@0,03T06@1,2,-1,-1,-1,1
1099,OTHER,T22,64,1,10,32,-1,-1,SELLER,00T22@0,0,64,-1,-1,0
1105,T35,OTHER,65,3,39,33,-1,-1,05T35@2,BUYER,0,65,-1,-1,3
1424,T35,T06,65,58,16,-1,-1,57,01T35@0,03T06@1,2,-1,-1,-1,1
1426,T22,T06,65,15,25,-1,-1,58,00T22@0,03T06@1,17,-1,-1,-1,1
1119,OTHER,T22,65,6,10,33,-1,-1,SELLER,00T22@0,0,65,-1,-1,0
1118,OTHER,T22,65,2,10,33,-1,-1,SELLER,00T22@0,0,65,-1,-1,0
1117,OTHER,T35,65,1,10,33,-1,-1,SELLER,01T35@0,0,65,-1,-1,0
1116,T35,OTHER,65,3,39,33,-1,-1,05T35@2,BUYER,0,65,-1,-1,3
1115,OTHER,T22,65,2,10,33,-1,-1,SELLER,00T22@0,0,65,-1,-1,0
1104,T35,OTHER,65,3,39,33,-1,-1,04T35@2,BUYER,0,65,-1,-1,3
1114,T35,OTHER,65,1,39,33,-1,-1,05T35@2,BUYER,0,65,-1,-1,3
1112,T35,OTHER,65,1,39,33,-1,-1,04T35@2,BUYER,0,65,-1,-1,3
1111,OTHER,T22,65,1,10,33,-1,-1,SELLER,00T22@0,0,65,-1,-1,0
1110,OTHER,T35,65,2,10,33,-1,-1,SELLER,01T35@0,0,65,-1,-1,0
1109,OTHER,T22,65,2,10,33,-1,-1,SELLER,00T22@0,0,65,-1,-1,0
1108,T35,OTHER,65,5,39,33,-1,-1,04T35@2,BUYER,0,65,-1,-1,3
1107,OTHER,T35,65,4,10,33,-1,-1,SELLER,01T35@0,0,65,-1,-1,0
1106,T35,OTHER,65,2,39,33,-1,-1,04T35@2,BUYER,0,65,-1,-1,3
1113,T35,OTHER,65,2,39,33,-1,-1,05T35@2,BUYER,0,65,-1,-1,3
1428,T22,T06,66,16,25,-1,-1,59,00T22@0,03T06@1,17,-1,-1,-1,1
1421,T35,T06,66,56,16,-1,-1,56,01T35@0,03T06@1,2,-1,-1,-1,1
1121,OTHER,T22,66,3,10,34,-1,-1,SELLER,00T22@0,0,66,-1,-1,0
1124,OTHER,T35,66,2,10,34,-1,-1,SELLER,01T35@0,0,66,-1,-1,0
1125,T35,OTHER,66,2,39,34,-1,-1,05T35@2,BUYER,0,66,-1,-1,3
1126,T35,OTHER,66,1,39,34,-1,-1,05T35@2,BUYER,0,66,-1,-1,3
1127,T35,OTHER,66,4,39,34,-1,-1,04T35@2,BUYER,0,66,-1,-1,3
1128,OTHER,T35,66,1,10,34,-1,-1,SELLER,01T35@0,0,66,-1,-1,0
1129,T35,OTHER,66,2,39,34,-1,-1,04T35@2,BUYER,0,66,-1,-1,3
1130,OTHER,T22,66,3,10,34,-1,-1,SELLER,00T22@0,0,66,-1,-1,0
1131,OTHER,T35,66,1,10,34,-1,-1,SELLER,01T35@0,0,66,-1,-1,0
1122,T35,OTHER,66,3,39,34,-1,-1,04T35@2,BUYER,0,66,-1,-1,3
1133,OTHER,T35,66,5,10,34,-1,-1,SELLER,01T35@0,0,66,-1,-1,0
1132,T35,OTHER,66,1,39,34,-1,-1,04T35@2,BUYER,0,66,-1,-1,3
1135,OTHER,T22,66,2,10,34,-1,-1,SELLER,00T22@0,0,66,-1,-1,0
1136,OTHER,T22,66,1,10,34,-1,-1,SELLER,00T22@0,0,66,-1,-1,0
1134,T35,OTHER,66,7,39,34,-1,-1,05T35@2,BUYER,0,66,-1,-1,3
1123,OTHER,T35,66,2,10,34,-1,-1,SELLER,01T35@0,0,66,-1,-1,0
1148,OTHER,T35,67,2,10,35,-1,-1,SELLER,01T35@0,0,67,-1,-1,0
1149,T35,OTHER,67,1,39,35,-1,-1,04T35@2,BUYER,0,67,-1,-1,3
1150,T35,OTHER,67,1,39,35,-1,-1,05T35@2,BUYER,0,67,-1,-1,3
1151,T35,OTHER,67,3,39,35,-1,-1,04T35@2,BUYER,0,67,-1,-1,3
1152,T35,OTHER,67,2,39,35,-1,-1,05T35@2,BUYER,0,67,-1,-1,3
1153,OTHER,T22,67,3,10,35,-1,-1,SELLER,00T22@0,0,67,-1,-1,0
1144,T35,OTHER,67,3,39,35,-1,-1,04T35@2,BUYER,0,67,-1,-1,3
1147,OTHER,T22,67,3,10,35,-1,-1,SELLER,00T22@0,0,67,-1,-1,0
1145,OTHER,T35,67,3,10,35,-1,-1,SELLER,01T35@0,0,67,-1,-1,0
1142,OTHER,T35,67,2,10,35,-1,-1,SELLER,01T35@0,0,67,-1,-1,0
1423,T35,T06,67,53,16,-1,-1,57,01T35@0,03T06@1,2,-1,-1,-1,1
1146,OTHER,T35,67,2,10,35,-1,-1,SELLER,01T35@0,0,67,-1,-1,0
1138,OTHER,T22,67,4,10,35,-1,-1,SELLER,00T22@0,0,67,-1,-1,0
1139,OTHER,T22,67,1,10,35,-1,-1,SELLER,00T22@0,0,67,-1,-1,0
1140,T35,OTHER,67,3,39,35,-1,-1,04T35@2,BUYER,0,67,-1,-1,3
1141,T35,OTHER,67,5,39,35,-1,-1,05T35@2,BUYER,0,67,-1,-1,3
1143,T35,OTHER,67,2,39,35,-1,-1,04T35@2,BUYER,0,67,-1,-1,3
1161,T35,OTHER,68,2,39,36,-1,-1,04T35@2,BUYER,0,68,-1,-1,3
1160,T35,OTHER,68,1,39,36,-1,-1,05T35@2,BUYER,0,68,-1,-1,3
1159,OTHER,T22,68,2,10,36,-1,-1,SELLER,00T22@0,0,68,-1,-1,0
1158,T35,OTHER,68,4,39,36,-1,-1,04T35@2,BUYER,0,68,-1,-1,3
1429,T35,T06,68,54,16,-1,-1,59,01T35@0,03T06@1,2,-1,-1,-1,1
1156,T35,OTHER,68,1,39,36,-1,-1,04T35@2,BUYER,0,68,-1,-1,3
1162,OTHER,T22,68,2,10,36,-1,-1,SELLER,00T22@0,0,68,-1,-1,0
1170,T35,OTHER,68,4,39,36,-1,-1,05T35@2,BUYER,0,68,-1,-1,3
1430,T22,T06,68,16,23,-1,-1,60,00T22@0,03T06@1,17,-1,-1,-1,1
1157,OTHER,T35,68,2,10,36,-1,-1,SELLER,01T35@0,0,68,-1,-1,0
1163,T35,OTHER,68,3,39,36,-1,-1,05T35@2,BUYER,0,68,-1,-1,3
1169,OTHER,T22,68,4,10,36,-1,-1,SELLER,00T22@0,0,68,-1,-1,0
1166,OTHER,T35,68,2,10,36,-1,-1,SELLER,01T35@0,0,68,-1,-1,0
1164,OTHER,T22,68,6,10,36,-1,-1,SELLER,00T22@0,0,68,-1,-1,0
1167,T35,OTHER,68,2,39,36,-1,-1,05T35@2,BUYER,0,68,-1,-1,3
1165,OTHER,T22,68,2,10,36,-1,-1,SELLER,00T22@0,0,68,-1,-1,0
1168,T35,OTHER,68,3,39,36,-1,-1,04T35@2,BUYER,0,68,-1,-1,3
1188,T35,OTHER,69,4,39,37,-1,-1,05T35@2,BUYER,0,69,-1,-1,3
1175,OTHER,T35,69,4,10,37,-1,-1,SELLER,01T35@0,0,69,-1,-1,0
1177,OTHER,T22,69,3,10,37,-1,-1,SELLER,00T22@0,0,69,-1,-1,0
1178,T35,OTHER,69,2,39,37,-1,-1,04T35@2,BUYER,0,69,-1,-1,3
1179,T35,OTHER,69,4,39,37,-1,-1,04T35@2,BUYER,0,69,-1,-1,3
1180,OTHER,T35,69,2,10,37,-1,-1,SELLER,01T35@0,0,69,-1,-1,0
1181,T35,OTHER,69,3,39,37,-1,-1,05T35@2,BUYER,0,69,-1,-1,3
1182,OTHER,T35,69,3,10,37,-1,-1,SELLER,01T35@0,0,69,-1,-1,0
1183,T35,OTHER,69,3,39,37,-1,-1,05T35@2,BUYER,0,69,-1,-1,3
1184,OTHER,T22,69,3,10,37,-1,-1,SELLER,00T22@0,0,69,-1,-1,0
1185,T35,OTHER,69,2,39,37,-1,-1,04T35@2,BUYER,0,69,-1,-1,3
1186,OTHER,T22,69,2,10,37,-1,-1,SELLER,00T22@0,0,69,-1,-1,0
1187,OTHER,T22,69,3,10,37,-1,-1,SELLER,00T22@0,0,69,-1,-1,0
1435,T22,T06,69,14,25,-1,-1,62,00T22@0,03T06@1,17,-1,-1,-1,1
1176,T35,OTHER,69,1,39,37,-1,-1,05T35@2,BUYER,0,69,-1,-1,3
1427,T35,T06,69,55,16,-1,-1,59,01T35@0,03T06@1,2,-1,-1,-1,1
1174,T35,OTHER,69,1,39,37,-1,-1,05T35@2,BUYER,0,69,-1,-1,3
1200,OTHER,T22,70,2,10,38,-1,-1,SELLER,00T22@0,0,70,-1,-1,0
1205,T35,OTHER,70,2,39,38,-1,-1,04T35@2,BUYER,0,70,-1,-1,3
1202,OTHER,T35,70,4,10,38,-1,-1,SELLER,01T35@0,0,70,-1,-1,0
1432,T22,T06,70,18,23,-1,-1,61,00T22@0,03T06@1,17,-1,-1,-1,1
1199,OTHER,T22,70,5,10,38,-1,-1,SELLER,00T22@0,0,70,-1,-1,0
1198,OTHER,T22,70,1,10,38,-1,-1,SELLER,00T22@0,0,70,-1,-1,0
1431,T35,T06,70,54,16,-1,-1,60,01T35@0,03T06@1,2,-1,-1,-1,1
1197,OTHER,T35,70,2,10,38,-1,-1,SELLER,01T35@0,0,70,-1,-1,0
1196,T35,OTHER,70,3,39,38,-1,-1,05T35@2,BUYER,0,70,-1,-1,3
1194,OTHER,T35,70,2,10,38,-1,-1,SELLER,01T35@0,0,70,-1,-1,0
1193,T35,OTHER,70,3,39,38,-1,-1,04T35@2,BUYER,0,70,-1,-1,3
1201,T35,OTHER,70,1,39,38,-1,-1,04T35@2,BUYER,0,70,-1,-1,3
1206,T35,OTHER,70,3,39,38,-1,-1,05T35@2,BUYER,0,70,-1,-1,3
1192,T35,OTHER,70,4,39,38,-1,-1,04T35@2,BUYER,0,70,-1,-1,3
1437,T22,T06,70,16,25,-1,-1,63,00T22@0,03T06@1,17,-1,-1,-1,1
1195,T35,OTHER,70,1,39,38,-1,-1,05T35@2,BUYER,0,70,-1,-1,3
1204,OTHER,T35,70,4,10,38,-1,-1,SELLER,01T35@0,0,70,-1,-1,0
1203,T35,OTHER,70,3,39,38,-1,-1,05T35@2,BUYER,0,70,-1,-1,3
1216,T35,OTHER,71,5,39,39,-1,-1,05T35@2,BUYER,0,71,-1,-1,3
1215,T35,OTHER,71,3,39,39,-1,-1,05T35@2,BUYER,0,71,-1,-1,3
1212,T35,OTHER,71,2,39,39,-1,-1,04T35@2,BUYER,0,71,-1,-1,3
1213,T35,OTHER,71,1,39,39,-1,-1,05T35@2,BUYER,0,71,-1,-1,3
1214,T35,OTHER,71,2,39,39,-1,-1,04T35@2,BUYER,0,71,-1,-1,3
1223,OTHER,T22,71,1,10,39,-1,-1,SELLER,00T22@0,0,71,-1,-1,0
1208,OTHER,T35,71,4,10,39,-1,-1,SELLER,01T35@0,0,71,-1,-1,0
1221,OTHER,T35,71,3,10,39,-1,-1,SELLER,01T35@0,0,71,-1,-1,0
1433,T35,T06,71,54,16,-1,-1,61,01T35@0,03T06@1,2,-1,-1,-1,1
1222,OTHER,T22,71,2,10,39,-1,-1,SELLER,00T22@0,0,71,-1,-1,0
1220,T35,OTHER,71,2,39,39,-1,-1,05T35@2,BUYER,0,71,-1,-1,3
1219,OTHER,T35,71,2,10,39,-1,-1,SELLER,01T35@0,0,71,-1,-1,0
1218,OTHER,T22,71,5,10,39,-1,-1,SELLER,00T22@0,0,71,-1,-1,0
1217,OTHER,T22,71,2,10,39,-1,-1,SELLER,00T22@0,0,71,-1,-1,0
1209,T35,OTHER,71,4,39,39,-1,-1,04T35@2,BUYER,0,71,-1,-1,3
1210,T35,OTHER,71,1,39,39,-1,-1,04T35@2,BUYER,0,71,-1,-1,3
1211,OTHER,T35,71,1,10,39,-1,-1,SELLER,01T35@0,0,71,-1,-1,0
1231,T35,OTHER,72,2,39,40,-1,-1,05T35@2,BUYER,0,72,-1,-1,3
1226,OTHER,T22,72,2,10,40,-1,-1,SELLER,00T22@0,0,72,-1,-1,0
1227,OTHER,T35,72,2,10,40,-1,-1,SELLER,01T35@0,0,72,-1,-1,0
1228,T35,OTHER,72,2,39,40,-1,-1,04T35@2,BUYER,0,72,-1,-1,3
1229,T35,OTHER,72,3,39,40,-1,-1,04T35@2,BUYER,0,72,-1,-1,3
1230,OTHER,T22,72,3,10,40,-1,-1,SELLER,00T22@0,0,72,-1,-1,0
1434,T35,T06,72,52,16,-1,-1,62,01T35@0,03T06@1,2,-1,-1,-1,1
1233,T35,OTHER,72,2,39,40,-1,-1,04T35@2,BUYER,0,72,-1,-1,3
1232,OTHER,T35,72,4,10,40,-1,-1,SELLER,01T35@0,0,72,-1,-1,0
1235,T35,OTHER,72,2,39,40,-1,-1,04T35@2,BUYER,0,72,-1,-1,3
1236,OTHER,T22,72,2,10,40,-1,-1,SELLER,00T22@0,0,72,-1,-1,0
1237,T35,OTHER,72,3,39,40,-1,-1,05T35@2,BUYER,0,72,-1,-1,3
1238,T35,OTHER,72,1,39,40,-1,-1,05T35@2,BUYER,0,72,-1,-1,3
1239,T35,OTHER,72,1,39,40,-1,-1,04T35@2,BUYER,0,72,-1,-1,3
1240,OTHER,T35,72,5,10,40,-1,-1,SELLER,01T35@0,0,72,-1,-1,0
1241,OTHER,T35,72,2,10,40,-1,-1,SELLER,01T35@0,0,72,-1,-1,0
1234,T35,OTHER,72,4,39,40,-1,-1,04T35@2,BUYER,0,72,-1,-1,3
1254,OTHER,T35,73,2,10,41,-1,-1,SELLER,01T35@0,0,73,-1,-1,0
1253,T35,OTHER,73,1,39,41,-1,-1,05T35@2,BUYER,0,73,-1,-1,3
1440,T22,T06,73,16,23,-1,-1,65,00T22@0,03T06@1,17,-1,-1,-1,1
1252,T35,OTHER,73,4,39,41,-1,-1,05T35@2,BUYER,0,73,-1,-1,3
1436,T35,T06,73,56,16,-1,-1,63,01T35@0,03T06@1,2,-1,-1,-1,1
1251,OTHER,T22,73,4,10,41,-1,-1,SELLER,00T22@0,0,73,-1,-1,0
1250,OTHER,T35,73,3,10,41,-1,-1,SELLER,01T35@0,0,73,-1,-1,0
1249,T35,OTHER,73,3,39,41,-1,-1,04T35@2,BUYER,0,73,-1,-1,3
1247,T35,OTHER,73,1,39,41,-1,-1,04T35@2,BUYER,0,73,-1,-1,3
1246,OTHER,T22,73,1,10,41,-1,-1,SELLER,00T22@0,0,73,-1,-1,0
1245,OTHER,T22,73,4,10,41,-1,-1,SELLER,00T22@0,0,73,-1,-1,0
1244,OTHER,T22,73,3,10,41,-1,-1,SELLER,00T22@0,0,73,-1,-1,0
1243,T35,OTHER,73,6,39,41,-1,-1,05T35@2,BUYER,0,73,-1,-1,3
1255,T35,OTHER,73,5,39,41,-1,-1,04T35@2,BUYER,0,73,-1,-1,3
1248,OTHER,T22,73,1,10,41,-1,-1,SELLER,00T22@0,0,73,-1,-1,0
1256,OTHER,T35,73,2,10,41,-1,-1,SELLER,01T35@0,0,73,-1,-1,0
1438,T35,T06,74,54,16,-1,-1,64,01T35@0,03T06@1,2,-1,-1,-1,1
1439,T22,T06,74,21,23,-1,-1,64,00T22@0,03T06@1,17,-1,-1,-1,1
1441,T22,T06,74,13,23,-1,-1,66,00T22@0,03T06@1,17,-1,-1,-1,1
1443,T22,T06,74,15,25,-1,-1,67,00T22@0,03T06@1,17,-1,-1,-1,1
1444,T22,T06,74,12,25,-1,-1,68,00T22@0,03T06@1,17,-1,-1,-1,1
1267,OTHER,T22,74,2,10,42,-1,-1,SELLER,00T22@0,0,74,-1,-1,0
1272,T35,OTHER,74,2,39,42,-1,-1,04T35@2,BUYER,0,74,-1,-1,3
1274,T35,OTHER,74,6,39,42,-1,-1,04T35@2,BUYER,0,74,-1,-1,3
1273,T35,OTHER,74,1,39,42,-1,-1,05T35@2,BUYER,0,74,-1,-1,3
1271,OTHER,T22,74,1,10,42,-1,-1,SELLER,00T22@0,0,74,-1,-1,0
1270,T35,OTHER,74,4,39,42,-1,-1,05T35@2,BUYER,0,74,-1,-1,3
1269,OTHER,T35,74,3,10,42,-1,-1,SELLER,01T35@0,0,74,-1,-1,0
1266,OTHER,T35,74,3,10,42,-1,-1,SELLER,01T35@0,0,74,-1,-1,0
1268,OTHER,T35,74,1,10,42,-1,-1,SELLER,01T35@0,0,74,-1,-1,0
1264,T35,OTHER,74,2,39,42,-1,-1,04T35@2,BUYER,0,74,-1,-1,3
1263,OTHER,T22,74,6,10,42,-1,-1,SELLER,00T22@0,0,74,-1,-1,0
1262,OTHER,T22,74,1,10,42,-1,-1,SELLER,00T22@0,0,74,-1,-1,0
1261,OTHER,T35,74,3,10,42,-1,-1,SELLER,01T35@0,0,74,-1,-1,0
1260,T35,OTHER,74,3,39,42,-1,-1,04T35@2,BUYER,0,74,-1,-1,3
1265,T35,OTHER,74,2,39,42,-1,-1,04T35@2,BUYER,0,74,-1,-1,3
1282,T35,OTHER,75,1,39,43,-1,-1,05T35@2,BUYER,0,75,-1,-1,3
1284,OTHER,T22,75,2,10,43,-1,-1,SELLER,00T22@0,0,75,-1,-1,0
1283,T35,OTHER,75,2,39,43,-1,-1,05T35@2,BUYER,0,75,-1,-1,3
1281,OTHER,T35,75,2,10,43,-1,-1,SELLER,01T35@0,0,75,-1,-1,0
1287,T35,OTHER,75,1,39,43,-1,-1,04T35@2,BUYER,0,75,-1,-1,3
1279,T35,OTHER,75,4,39,43,-1,-1,05T35@2,BUYER,0,75,-1,-1,3
1278,T35,OTHER,75,3,39,43,-1,-1,04T35@2,BUYER,0,75,-1,-1,3
1277,T35,OTHER,75,2,39,43,-1,-1,05T35@2,BUYER,0,75,-1,-1,3
1285,OTHER,T35,75,2,10,43,-1,-1,SELLER,01T35@0,0,75,-1,-1,0
1280,OTHER,T35,75,3,10,43,-1,-1,SELLER,01T35@0,0,75,-1,-1,0
1286,T35,OTHER,75,2,39,43,-1,-1,04T35@2,BUYER,0,75,-1,-1,3
1289,OTHER,T22,75,3,10,43,-1,-1,SELLER,00T22@0,0,75,-1,-1,0
1288,OTHER,T35,75,3,10,43,-1,-1,SELLER,01T35@0,0,75,-1,-1,0
1290,OTHER,T22,75,4,10,43,-1,-1,SELLER,00T22@0,0,75,-1,-1,0
1291,T35,OTHER,75,3,39,43,-1,-1,04T35@2,BUYER,0,75,-1,-1,3
1292,OTHER,T22,75,1,10,43,-1,-1,SELLER,00T22@0,0,75,-1,-1,0
1293,T35,OTHER,75,2,39,43,-1,-1,04T35@2,BUYER,0,75,-1,-1,3
1446,T35,T06,75,49,16,-1,-1,68,01T35@0,03T06@1,2,-1,-1,-1,1
1310,T35,OTHER,76,2,39,44,-1,-1,04T35@2,BUYER,0,76,-1,-1,3
1309,T35,OTHER,76,3,39,44,-1,-1,04T35@2,BUYER,0,76,-1,-1,3
1308,T35,OTHER,76,2,39,44,-1,-1,05T35@2,BUYER,0,76,-1,-1,3
1307,T35,OTHER,76,4,39,44,-1,-1,04T35@2,BUYER,0,76,-1,-1,3
1445,T35,T06,76,54,16,-1,-1,68,01T35@0,03T06@1,2,-1,-1,-1,1
1306,OTHER,T35,76,2,10,44,-1,-1,SELLER,01T35@0,0,76,-1,-1,0
1305,OTHER,T22,76,1,10,44,-1,-1,SELLER,00T22@0,0,76,-1,-1,0
1303,T35,OTHER,76,2,39,44,-1,-1,04T35@2,BUYER,0,76,-1,-1,3
1311,T35,OTHER,76,4,39,44,-1,-1,05T35@2,BUYER,0,76,-1,-1,3
1302,T35,OTHER,76,1,39,44,-1,-1,04T35@2,BUYER,0,76,-1,-1,3
1301,OTHER,T35,76,2,10,44,-1,-1,SELLER,01T35@0,0,76,-1,-1,0
1300,OTHER,T35,76,2,10,44,-1,-1,SELLER,01T35@0,0,76,-1,-1,0
1299,OTHER,T22,76,1,10,44,-1,-1,SELLER,00T22@0,0,76,-1,-1,0
1298,T35,OTHER,76,2,39,44,-1,-1,05T35@2,BUYER,0,76,-1,-1,3
1297,OTHER,T22,76,3,10,44,-1,-1,SELLER,00T22@0,0,76,-1,-1,0
1296,OTHER,T35,76,4,10,44,-1,-1,SELLER,01T35@0,0,76,-1,-1,0
1304,OTHER,T35,76,1,10,44,-1,-1,SELLER,01T35@0,0,76,-1,-1,0
1312,OTHER,T22,76,4,10,44,-1,-1,SELLER,00T22@0,0,76,-1,-1,0
1442,T35,T06,77,57,16,-1,-1,67,01T35@0,03T06@1,2,-1,-1,-1,1
1449,T22,T06,77,15,25,-1,-1,70,00T22@0,03T06@1,17,-1,-1,-1,1
1316,T35,OTHER,77,2,39,45,-1,-1,05T35@2,BUYER,0,77,-1,-1,3
1332,OTHER,T22,77,3,10,45,-1,-1,SELLER,00T22@0,0,77,-1,-1,0
1331,OTHER,T35,77,2,10,45,-1,-1,SELLER,01T35@0,0,77,-1,-1,0
1330,OTHER,T22,77,4,10,45,-1,-1,SELLER,00T22@0,0,77,-1,-1,0
1328,OTHER,T35,77,2,10,45,-1,-1,SELLER,01T35@0,0,77,-1,-1,0
1327,T35,OTHER,77,4,39,45,-1,-1,04T35@2,BUYER,0,77,-1,-1,3
1326,OTHER,T22,77,1,10,45,-1,-1,SELLER,00T22@0,0,77,-1,-1,0
1325,T35,OTHER,77,2,39,45,-1,-1,04T35@2,BUYER,0,77,-1,-1,3
1324,OTHER,T22,77,2,10,45,-1,-1,SELLER,00T22@0,0,77,-1,-1,0
1323,T35,OTHER,77,2,39,45,-1,-1,05T35@2,BUYER,0,77,-1,-1,3
1322,OTHER,T35,77,1,10,45,-1,-1,SELLER,01T35@0,0,77,-1,-1,0
1329,T35,OTHER,77,3,39,45,-1,-1,05T35@2,BUYER,0,77,-1,-1,3
1320,OTHER,T35,77,4,10,45,-1,-1,SELLER,01T35@0,0,77,-1,-1,0
1319,T35,OTHER,77,1,39,45,-1,-1,04T35@2,BUYER,0,77,-1,-1,3
1318,T35,OTHER,77,2,39,45,-1,-1,04T35@2,BUYER,0,77,-1,-1,3
1317,T35,OTHER,77,4,39,45,-1,-1,05T35@2,BUYER,0,77,-1,-1,3
1321,OTHER,T22,77,1,10,45,-1,-1,SELLER,00T22@0,0,77,-1,-1,0
1347,T35,OTHER,78,1,39,46,-1,-1,04T35@2,BUYER,0,78,-1,-1,3
1346,T35,OTHER,78,4,39,46,-1,-1,05T35@2,BUYER,0,78,-1,-1,3
1345,OTHER,T35,78,4,10,46,-1,-1,SELLER,01T35@0,0,78,-1,-1,0
1344,OTHER,T22,78,3,10,46,-1,-1,SELLER,00T22@0,0,78,-1,-1,0
1343,T35,OTHER,78,3,39,46,-1,-1,05T35@2,BUYER,0,78,-1,-1,3
1342,OTHER,T35,78,3,10,46,-1,-1,SELLER,01T35@0,0,78,-1,-1,0
1341,OTHER,T35,78,2,10,46,-1,-1,SELLER,01T35@0,0,78,-1,-1,0
1340,T35,OTHER,78,4,39,46,-1,-1,04T35@2,BUYER,0,78,-1,-1,3
1339,OTHER,T35,78,3,10,46,-1,-1,SELLER,01T35@0,0,78,-1,-1,0
1337,T35,OTHER,78,1,39,46,-1,-1,05T35@2,BUYER,0,78,-1,-1,3
1336,T35,OTHER,78,3,39,46,-1,-1,04T35@2,BUYER,0,78,-1,-1,3
1335,OTHER,T22,78,3,10,46,-1,-1,SELLER,00T22@0,0,78,-1,-1,0
1348,T35,OTHER,78,2,39,46,-1,-1,04T35@2,BUYER,0,78,-1,-1,3
1448,T35,T06,78,55,16,-1,-1,69,01T35@0,03T06@1,2,-1,-1,-1,1
1447,T22,T06,78,18,23,-1,-1,69,00T22@0,03T06@1,17,-1,-1,-1,1
1338,OTHER,T22,78,2,10,46,-1,-1,SELLER,00T22@0,0,78,-1,-1,0
1349,T35,OTHER,78,2,39,46,-1,-1,05T35@2,BUYER,0,78,-1,-1,3
1352,T35,OTHER,79,4,39,47,-1,-1,05T35@2,BUYER,0,79,-1,-1,3
1364,OTHER,T22,79,5,10,47,-1,-1,SELLER,00T22@0,0,79,-1,-1,0
1353,T35,OTHER,79,1,39,47,-1,-1,04T35@2,BUYER,0,79,-1,-1,3
1363,OTHER,T35,79,3,10,47,-1,-1,SELLER,01T35@0,0,79,-1,-1,0
1355,OTHER,T35,79,2,10,47,-1,-1,SELLER,01T35@0,0,79,-1,-1,0
1451,T22,T06,79,15,23,-1,-1,71,00T22@0,03T06@1,17,-1,-1,-1,1
1452,T35,T06,79,58,16,-1,-1,71,01T35@0,03T06@1,2,-1,-1,-1,1
1351,OTHER,T35,79,4,10,47,-1,-1,SELLER,01T35@0,0,79,-1,-1,0
1356,T35,OTHER,79,3,39,47,-1,-1,05T35@2,BUYER,0,79,-1,-1,3
1354,OTHER,T35,79,1,10,47,-1,-1,SELLER,01T35@0,0,79,-1,-1,0
1360,T35,OTHER,79,4,39,47,-1,-1,04T35@2,BUYER,0,79,-1,-1,3
1361,T35,OTHER,79,3,39,47,-1,-1,05T35@2,BUYER,0,79,-1,-1,3
1362,OTHER,T35,79,2,10,47,-1,-1,SELLER,01T35@0,0,79,-1,-1,0
1357,T35,OTHER,79,3,39,47,-1,-1,05T35@2,BUYER,0,79,-1,-1,3
1359,OTHER,T35,79,3,10,47,-1,-1,SELLER,01T35@0,0,79,-1,-1,0
1358,T35,OTHER,79,2,39,47,-1,-1,04T35@2,BUYER,0,79,-1,-1,3
1379,OTHER,T35,80,2,10,48,-1,-1,SELLER,01T35@0,0,80,-1,-1,0
1380,T35,OTHER,80,3,39,48,-1,-1,04T35@2,BUYER,0,80,-1,-1,3
1381,T35,OTHER,80,4,39,48,-1,-1,05T35@2,BUYER,0,80,-1,-1,3
1376,OTHER,T22,80,4,10,48,-1,-1,SELLER,00T22@0,0,80,-1,-1,0
1375,T35,OTHER,80,3,39,48,-1,-1,04T35@2,BUYER,0,80,-1,-1,3
1378,OTHER,T22,80,1,10,48,-1,-1,SELLER,00T22@0,0,80,-1,-1,0
1373,T35,OTHER,80,1,39,48,-1,-1,05T35@2,BUYER,0,80,-1,-1,3
1372,T35,OTHER,80,1,39,48,-1,-1,04T35@2,BUYER,0,80,-1,-1,3
1374,OTHER,T22,80,3,10,48,-1,-1,SELLER,00T22@0,0,80,-1,-1,0
1370,T35,OTHER,80,2,39,48,-1,-1,05T35@2,BUYER,0,80,-1,-1,3
1455,T22,T06,80,16,25,-1,-1,73,00T22@0,03T06@1,17,-1,-1,-1,1
1371,T35,OTHER,80,2,39,48,-1,-1,04T35@2,BUYER,0,80,-1,-1,3
1367,T35,OTHER,80,4,39,48,-1,-1,04T35@2,BUYER,0,80,-1,-1,3
1377,OTHER,T35,80,5,10,48,-1,-1,SELLER,01T35@0,0,80,-1,-1,0
1450,T35,T06,80,52,16,-1,-1,71,01T35@0,03T06@1,2,-1,-1,-1,1
1368,OTHER,T35,80,2,10,48,-1,-1,SELLER,01T35@0,0,80,-1,-1,0
1369,OTHER,T35,80,3,10,48,-1,-1,SELLER,01T35@0,0,80,-1,-1,0
1388,T35,OTHER,81,5,39,49,-1,-1,05T35@2,BUYER,0,81,-1,-1,3
1387,T35,OTHER,81,3,39,49,-1,-1,05T35@2,BUYER,0,81,-1,-1,3
1385,T35,OTHER,81,5,39,49,-1,-1,04T35@2,BUYER,0,81,-1,-1,3
1384,T35,OTHER,81,3,39,49,-1,-1,04T35@2,BUYER,0,81,-1,-1,3
1453,T35,T06,81,55,16,-1,-1,72,01T35@0,03T06@1,2,-1,-1,-1,1
1389,T35,OTHER,81,2,39,49,-1,-1,05T35@2,BUYER,0,81,-1,-1,3
1386,T35,OTHER,81,2,39,49,-1,-1,04T35@2,BUYER,0,81,-1,-1,3
1454,T35,T06,82,55,16,-1,-1,72,01T35@0,03T06@1,2,-1,-1,-1,1
1456,T35,T06,82,54,16,-1,-1,74,01T35@0,03T06@1,2,-1,-1,-1,1
1458,T35,T06,82,46,16,-1,-1,76,01T35@0,03T06@1,2,-1,-1,-1,1
1460,T35,T06,82,29,16,-1,-1,78,01T35@0,03T06@1,2,-1,-1,-1,1
1400,T35,OTHER,82,2,39,50,-1,-1,05T35@2,BUYER,0,82,-1,-1,3
1392,T35,OTHER,82,5,39,50,-1,-1,05T35@2,BUYER,0,82,-1,-1,3
1393,T35,OTHER,82,3,39,50,-1,-1,04T35@2,BUYER,0,82,-1,-1,3
1394,T35,OTHER,82,3,39,50,-1,-1,04T35@2,BUYER,0,82,-1,-1,3
1395,T35,OTHER,82,1,39,50,-1,-1,04T35@2,BUYER,0,82,-1,-1,3
1396,T35,OTHER,82,3,39,50,-1,-1,04T35@2,BUYER,0,82,-1,-1,3
1397,T35,OTHER,82,1,39,50,-1,-1,04T35@2,BUYER,0,82,-1,-1,3
1398,T35,OTHER,82,1,39,50,-1,-1,05T35@2,BUYER,0,82,-1,-1,3
1399,T35,OTHER,82,1,39,50,-1,-1,05T35@2,BUYER,0,82,-1,-1,3
1409,T35,OTHER,83,4,39,51,-1,-1,04T35@2,BUYER,0,83,-1,-1,3
1457,T22,T06,83,4,24,-1,-1,75,00T22@0,03T06@1,17,-1,-1,-1,1
1406,T35,OTHER,83,2,39,51,-1,-1,05T35@2,BUYER,0,83,-1,-1,3
1405,T35,OTHER,83,2,39,51,-1,-1,04T35@2,BUYER,0,83,-1,-1,3
1459,T22,T06,83,1,24,-1,-1,77,00T22@0,03T06@1,17,-1,-1,-1,1
1403,T35,OTHER,83,3,39,51,-1,-1,05T35@2,BUYER,0,83,-1,-1,3
1402,T35,OTHER,83,1,39,51,-1,-1,04T35@2,BUYER,0,83,-1,-1,3
1407,T35,OTHER,83,3,39,51,-1,-1,04T35@2,BUYER,0,83,-1,-1,3
1404,T35,OTHER,83,3,39,51,-1,-1,05T35@2,BUYER,0,83,-1,-1,3
1408,T35,OTHER,83,2,39,51,-1,-1,05T35@2,BUYER,0,83,-1,-1,3
