index,seller_type,buyer_type,delivery_time,quantity,unit_price,signed_at,nullified_at,concluded_at,seller,buyer,n_neg_steps,executed_at,erred_at,dropped_at,product
187,OTHER,T34,0,3,10,0,-1,-1,SELLER,00T34@0,0,0,-1,-1,0
119,OTHER,T34,0,2,10,0,-1,-1,SELLER,00T34@0,0,0,-1,-1,0
345,OTHER,T24,0,5,10,0,-1,-1,SELLER,01T24@0,0,0,-1,-1,0
402,OTHER,T24,0,2,10,0,-1,-1,SELLER,01T24@0,0,0,-1,-1,0
344,OTHER,T34,0,2,10,0,-1,-1,SELLER,00T34@0,0,0,-1,-1,0
339,OTHER,T34,0,5,10,0,-1,-1,SELLER,00T34@0,0,0,-1,-1,0
320,OTHER,T34,0,1,10,0,-1,-1,SELLER,00T34@0,0,0,-1,-1,0
105,OTHER,T24,1,1,10,0,-1,-1,SELLER,01T24@0,0,1,-1,-1,0
121,OTHER,T24,1,3,10,0,-1,-1,SELLER,01T24@0,0,1,-1,-1,0
244,OTHER,T34,1,1,10,0,-1,-1,SELLER,00T34@0,0,1,-1,-1,0
156,OTHER,T24,1,4,10,0,-1,-1,SELLER,01T24@0,0,1,-1,-1,0
80,OTHER,T34,1,1,10,0,-1,-1,SELLER,00T34@0,0,1,-1,-1,0
2,OTHER,T24,1,3,10,0,-1,-1,SELLER,01T24@0,0,1,-1,-1,0
299,OTHER,T34,1,6,10,0,-1,-1,SELLER,00T34@0,0,1,-1,-1,0
434,OTHER,T24,1,1,10,0,-1,-1,SELLER,01T24@0,0,1,-1,-1,0
75,OTHER,T24,2,3,10,0,-1,-1,SELLER,01T24@0,0,2,-1,-1,0
35,OTHER,T24,2,2,10,0,-1,-1,SELLER,01T24@0,0,2,-1,-1,0
58,OTHER,T24,2,4,10,0,-1,-1,SELLER,01T24@0,0,2,-1,-1,0
347,OTHER,T24,2,2,10,0,-1,-1,SELLER,01T24@0,0,2,-1,-1,0
28,OTHER,T24,2,1,10,0,-1,-1,SELLER,01T24@0,0,2,-1,-1,0
258,OTHER,T34,2,3,10,0,-1,-1,SELLER,00T34@0,0,2,-1,-1,0
65,OTHER,T24,2,2,10,0,-1,-1,SELLER,01T24@0,0,2,-1,-1,0
131,OTHER,T34,2,3,10,0,-1,-1,SELLER,00T34@0,0,2,-1,-1,0
330,T24,OTHER,3,4,35,0,-1,-1,05T24@2,BUYER,0,3,-1,-1,3
243,OTHER,T24,3,3,10,0,-1,-1,SELLER,01T24@0,0,3,-1,-1,0
325,T34,OTHER,3,1,35,0,-1,-1,04T34@2,BUYER,0,3,-1,-1,3
88,T34,OTHER,3,2,35,0,-1,-1,04T34@2,BUYER,0,3,-1,-1,3
157,OTHER,T24,3,1,10,0,-1,-1,SELLER,01T24@0,0,3,-1,-1,0
317,OTHER,T34,3,2,10,0,-1,-1,SELLER,00T34@0,0,3,-1,-1,0
439,T24,OTHER,3,6,35,0,-1,-1,05T24@2,BUYER,0,3,-1,-1,3
237,OTHER,T34,3,1,10,0,-1,-1,SELLER,00T34@0,0,3,-1,-1,0
200,T24,OTHER,3,1,35,0,-1,-1,05T24@2,BUYER,0,3,-1,-1,3
348,OTHER,T24,3,5,10,0,-1,-1,SELLER,01T24@0,0,3,-1,-1,0
164,T34,OTHER,3,4,35,0,-1,-1,04T34@2,BUYER,0,3,-1,-1,3
303,OTHER,T34,3,2,10,0,-1,-1,SELLER,00T34@0,0,3,-1,-1,0
212,OTHER,T34,3,4,10,0,-1,-1,SELLER,00T34@0,0,3,-1,-1,0
62,OTHER,T24,3,2,10,0,-1,-1,SELLER,01T24@0,0,3,-1,-1,0
427,T24,OTHER,3,2,35,0,-1,-1,05T24@2,BUYER,0,3,-1,-1,3
408,OTHER,T34,4,3,10,0,-1,-1,SELLER,00T34@0,0,4,-1,-1,0
514,T24,OTHER,4,4,35,-1,-1,-1,05T24@2,BUYER,0,-1,-1,-1,3
403,T24,OTHER,4,2,35,0,-1,-1,05T24@2,BUYER,0,4,-1,-1,3
177,OTHER,T34,4,2,10,0,-1,-1,SELLER,00T34@0,0,4,-1,-1,0
158,T34,OTHER,4,1,35,0,-1,-1,04T34@2,BUYER,0,4,-1,-1,3
154,T34,OTHER,4,5,35,0,-1,-1,04T34@2,BUYER,0,4,-1,-1,3
173,OTHER,T34,4,3,10,0,-1,-1,SELLER,00T34@0,0,4,-1,-1,0
207,T34,OTHER,4,1,35,0,-1,-1,04T34@2,BUYER,0,4,-1,-1,3
151,T24,OTHER,4,1,35,0,-1,-1,05T24@2,BUYER,0,4,-1,-1,3
39,T24,OTHER,4,3,35,0,-1,-1,05T24@2,BUYER,0,4,-1,-1,3
215,OTHER,T24,4,3,10,0,-1,-1,SELLER,01T24@0,0,4,-1,-1,0
26,T24,OTHER,4,1,35,0,-1,-1,05T24@2,BUYER,0,4,-1,-1,3
225,OTHER,T24,4,2,10,0,-1,-1,SELLER,01T24@0,0,4,-1,-1,0
149,T34,OTHER,4,2,35,0,-1,-1,04T34@2,BUYER,0,4,-1,-1,3
222,OTHER,T24,4,1,10,0,-1,-1,SELLER,01T24@0,0,4,-1,-1,0
393,OTHER,T24,4,2,10,0,-1,-1,SELLER,01T24@0,0,4,-1,-1,0
134,OTHER,T24,4,4,10,0,-1,-1,SELLER,01T24@0,0,4,-1,-1,0
133,OTHER,T24,5,2,10,0,-1,-1,SELLER,01T24@0,0,5,-1,-1,0
524,T24,OTHER,5,3,35,-1,-1,-1,05T24@2,BUYER,0,-1,-1,-1,3
148,T34,OTHER,5,4,35,0,-1,-1,04T34@2,BUYER,0,5,-1,-1,3
535,T24,OTHER,5,3,35,-1,-1,-1,05T24@2,BUYER,0,-1,-1,-1,3
263,T34,OTHER,5,3,35,0,-1,-1,04T34@2,BUYER,0,5,-1,-1,3
179,OTHER,T24,5,2,10,0,-1,-1,SELLER,01T24@0,0,5,-1,-1,0
106,OTHER,T34,5,2,10,0,-1,-1,SELLER,00T34@0,0,5,-1,-1,0
435,OTHER,T34,5,1,10,0,-1,-1,SELLER,00T34@0,0,5,-1,-1,0
118,T34,OTHER,5,2,35,0,-1,-1,04T34@2,BUYER,0,5,-1,-1,3
411,OTHER,T34,5,4,10,0,-1,-1,SELLER,00T34@0,0,5,-1,-1,0
29,OTHER,T24,5,2,10,0,-1,-1,SELLER,01T24@0,0,5,-1,-1,0
340,OTHER,T34,5,3,10,0,-1,-1,SELLER,00T34@0,0,5,-1,-1,0
378,T24,OTHER,5,2,35,0,-1,-1,05T24@2,BUYER,0,5,-1,-1,3
57,T24,OTHER,5,2,35,0,-1,-1,05T24@2,BUYER,0,5,-1,-1,3
397,OTHER,T24,5,4,10,0,-1,-1,SELLER,01T24@0,0,5,-1,-1,0
24,T24,OTHER,5,1,35,0,-1,-1,05T24@2,BUYER,0,5,-1,-1,3
400,T34,OTHER,6,3,35,0,-1,-1,04T34@2,BUYER,0,6,-1,-1,3
417,T24,OTHER,6,2,35,0,-1,-1,05T24@2,BUYER,0,6,-1,-1,3
321,OTHER,T34,6,3,10,0,-1,-1,SELLER,00T34@0,0,6,-1,-1,0
101,OTHER,T24,6,4,10,0,-1,-1,SELLER,01T24@0,0,6,-1,-1,0
379,OTHER,T24,6,3,10,0,-1,-1,SELLER,01T24@0,0,6,-1,-1,0
412,OTHER,T34,6,2,10,0,-1,-1,SELLER,00T34@0,0,6,-1,-1,0
8,OTHER,T24,6,3,10,0,-1,-1,SELLER,01T24@0,0,6,-1,-1,0
531,T24,OTHER,6,5,35,-1,-1,-1,05T24@2,BUYER,0,-1,-1,-1,3
115,T24,OTHER,6,1,35,0,-1,-1,05T24@2,BUYER,0,6,-1,-1,3
647,T24,OTHER,6,3,35,-1,-1,-1,05T24@2,BUYER,0,-1,-1,-1,3
367,T34,OTHER,6,1,35,0,-1,-1,04T34@2,BUYER,0,6,-1,-1,3
356,OTHER,T34,6,3,10,0,-1,-1,SELLER,00T34@0,0,6,-1,-1,0
401,OTHER,T24,6,2,10,0,-1,-1,SELLER,01T24@0,0,6,-1,-1,0
635,T34,OTHER,6,4,35,-1,-1,-1,04T34@2,BUYER,0,-1,-1,-1,3
440,T34,OTHER,6,1,35,0,-1,-1,04T34@2,BUYER,0,6,-1,-1,3
227,T24,OTHER,7,1,35,0,-1,-1,05T24@2,BUYER,0,7,-1,-1,3
14,OTHER,T24,7,6,10,0,-1,-1,SELLER,01T24@0,0,7,-1,-1,0
536,T34,OTHER,7,6,35,-1,-1,-1,04T34@2,BUYER,0,-1,-1,-1,3
221,OTHER,T34,7,2,10,0,-1,-1,SELLER,00T34@0,0,7,-1,-1,0
361,OTHER,T34,7,5,10,0,-1,-1,SELLER,00T34@0,0,7,-1,-1,0
122,T24,OTHER,7,4,35,0,-1,-1,05T24@2,BUYER,0,7,-1,-1,3
334,T34,OTHER,7,1,35,0,-1,-1,04T34@2,BUYER,0,7,-1,-1,3
257,T34,OTHER,7,1,35,0,-1,-1,04T34@2,BUYER,0,7,-1,-1,3
493,T24,OTHER,7,3,35,-1,-1,-1,05T24@2,BUYER,0,-1,-1,-1,3
49,OTHER,T34,7,1,10,0,-1,-1,SELLER,00T34@0,0,7,-1,-1,0
126,OTHER,T24,7,2,10,0,-1,-1,SELLER,01T24@0,0,7,-1,-1,0
407,OTHER,T34,7,4,10,0,-1,-1,SELLER,00T34@0,0,7,-1,-1,0
77,T24,OTHER,7,2,35,0,-1,-1,05T24@2,BUYER,0,7,-1,-1,3
279,T34,OTHER,7,2,35,0,-1,-1,04T34@2,BUYER,0,7,-1,-1,3
219,T34,OTHER,8,1,35,0,-1,-1,04T34@2,BUYER,0,8,-1,-1,3
286,OTHER,T34,8,3,10,0,-1,-1,SELLER,00T34@0,0,8,-1,-1,0
398,OTHER,T24,8,1,10,0,-1,-1,SELLER,01T24@0,0,8,-1,-1,0
110,OTHER,T24,8,4,10,0,-1,-1,SELLER,01T24@0,0,8,-1,-1,0
593,T34,OTHER,8,4,35,-1,-1,-1,04T34@2,BUYER,0,-1,-1,-1,3
373,T24,OTHER,8,2,35,0,-1,-1,05T24@2,BUYER,0,8,-1,-1,3
394,OTHER,T34,8,2,10,0,-1,-1,SELLER,00T34@0,0,8,-1,-1,0
386,T34,OTHER,8,1,35,0,-1,-1,04T34@2,BUYER,0,8,-1,-1,3
22,OTHER,T24,8,6,10,0,-1,-1,SELLER,01T24@0,0,8,-1,-1,0
612,T34,OTHER,8,4,35,-1,-1,-1,04T34@2,BUYER,0,-1,-1,-1,3
31,T34,OTHER,8,2,35,0,-1,-1,04T34@2,BUYER,0,8,-1,-1,3
152,T24,OTHER,8,3,35,0,-1,-1,05T24@2,BUYER,0,8,-1,-1,3
544,T24,OTHER,8,3,35,-1,-1,-1,05T24@2,BUYER,0,-1,-1,-1,3
405,OTHER,T24,8,1,10,0,-1,-1,SELLER,01T24@0,0,8,-1,-1,0
359,OTHER,T34,8,3,10,0,-1,-1,SELLER,00T34@0,0,8,-1,-1,0
350,T34,OTHER,9,3,35,0,-1,-1,04T34@2,BUYER,0,9,-1,-1,3
358,T24,OTHER,9,1,35,0,-1,-1,05T24@2,BUYER,0,9,-1,-1,3
138,OTHER,T34,9,1,10,0,-1,-1,SELLER,00T34@0,0,9,-1,-1,0
137,OTHER,T24,9,4,10,0,-1,-1,SELLER,01T24@0,0,9,-1,-1,0
301,OTHER,T34,9,1,10,0,-1,-1,SELLER,00T34@0,0,9,-1,-1,0
448,T24,OTHER,9,6,35,-1,-1,-1,05T24@2,BUYER,0,-1,-1,-1,3
437,OTHER,T24,9,3,10,0,-1,-1,SELLER,01T24@0,0,9,-1,-1,0
193,T24,OTHER,9,1,35,0,-1,-1,05T24@2,BUYER,0,9,-1,-1,3
147,OTHER,T24,9,1,10,0,-1,-1,SELLER,01T24@0,0,9,-1,-1,0
235,T34,OTHER,9,2,35,0,-1,-1,04T34@2,BUYER,0,9,-1,-1,3
482,T24,OTHER,9,3,35,-1,-1,-1,05T24@2,BUYER,0,-1,-1,-1,3
362,T34,OTHER,9,1,35,0,-1,-1,04T34@2,BUYER,0,9,-1,-1,3
414,OTHER,T34,9,3,10,0,-1,-1,SELLER,00T34@0,0,9,-1,-1,0
6,T24,OTHER,9,3,35,0,-1,-1,05T24@2,BUYER,0,9,-1,-1,3
216,OTHER,T34,9,3,10,0,-1,-1,SELLER,00T34@0,0,9,-1,-1,0
385,OTHER,T34,9,4,10,0,-1,-1,SELLER,00T34@0,0,9,-1,-1,0
365,OTHER,T24,10,2,10,0,-1,-1,SELLER,01T24@0,0,10,-1,-1,0
497,T24,OTHER,10,2,35,-1,-1,-1,05T24@2,BUYER,0,-1,-1,-1,3
500,T24,OTHER,10,2,35,-1,-1,-1,05T24@2,BUYER,0,-1,-1,-1,3
409,OTHER,T24,10,3,10,0,-1,-1,SELLER,01T24@0,0,10,-1,-1,0
326,OTHER,T34,10,1,10,0,-1,-1,SELLER,00T34@0,0,10,-1,-1,0
628,T34,OTHER,10,4,35,-1,-1,-1,04T34@2,BUYER,0,-1,-1,-1,3
238,OTHER,T24,10,2,10,0,-1,-1,SELLER,01T24@0,0,10,-1,-1,0
226,OTHER,T24,10,3,10,0,-1,-1,SELLER,01T24@0,0,10,-1,-1,0
336,OTHER,T34,10,5,10,0,-1,-1,SELLER,00T34@0,0,10,-1,-1,0
616,T34,OTHER,10,2,35,-1,-1,-1,04T34@2,BUYER,0,-1,-1,-1,3
387,T34,OTHER,10,1,35,0,-1,-1,04T34@2,BUYER,0,10,-1,-1,3
267,T24,OTHER,10,1,35,0,-1,-1,05T24@2,BUYER,0,10,-1,-1,3
64,OTHER,T34,10,3,10,0,-1,-1,SELLER,00T34@0,0,10,-1,-1,0
297,T34,OTHER,10,4,35,0,-1,-1,04T34@2,BUYER,0,10,-1,-1,3
124,OTHER,T24,10,1,10,0,-1,-1,SELLER,01T24@0,0,10,-1,-1,0
130,T24,OTHER,10,4,35,0,-1,-1,05T24@2,BUYER,0,10,-1,-1,3
271,OTHER,T34,11,6,10,0,-1,-1,SELLER,00T34@0,0,11,-1,-1,0
275,T34,OTHER,11,3,35,0,-1,-1,04T34@2,BUYER,0,11,-1,-1,3
175,OTHER,T24,11,2,10,0,-1,-1,SELLER,01T24@0,0,11,-1,-1,0
3,OTHER,T24,11,1,10,0,-1,-1,SELLER,01T24@0,0,11,-1,-1,0
577,T34,OTHER,11,2,35,-1,-1,-1,04T34@2,BUYER,0,-1,-1,-1,3
166,T24,OTHER,11,4,35,0,-1,-1,05T24@2,BUYER,0,11,-1,-1,3
283,T34,OTHER,11,2,35,0,-1,-1,04T34@2,BUYER,0,11,-1,-1,3
204,OTHER,T24,11,1,10,0,-1,-1,SELLER,01T24@0,0,11,-1,-1,0
217,OTHER,T34,11,2,10,0,-1,-1,SELLER,00T34@0,0,11,-1,-1,0
419,OTHER,T24,11,1,10,0,-1,-1,SELLER,01T24@0,0,11,-1,-1,0
607,T34,OTHER,11,2,35,-1,-1,-1,04T34@2,BUYER,0,-1,-1,-1,3
188,T34,OTHER,11,1,35,0,-1,-1,04T34@2,BUYER,0,11,-1,-1,3
223,OTHER,T34,11,1,10,0,-1,-1,SELLER,00T34@0,0,11,-1,-1,0
523,T24,OTHER,11,2,35,-1,-1,-1,05T24@2,BUYER,0,-1,-1,-1,3
23,OTHER,T24,11,6,10,0,-1,-1,SELLER,01T24@0,0,11,-1,-1,0
594,T34,OTHER,11,4,35,-1,-1,-1,04T34@2,BUYER,0,-1,-1,-1,3
197,OTHER,T24,12,5,10,0,-1,-1,SELLER,01T24@0,0,12,-1,-1,0
298,OTHER,T24,12,1,10,0,-1,-1,SELLER,01T24@0,0,12,-1,-1,0
209,T34,OTHER,12,2,35,0,-1,-1,04T34@2,BUYER,0,12,-1,-1,3
352,OTHER,T24,12,2,10,0,-1,-1,SELLER,01T24@0,0,12,-1,-1,0
241,OTHER,T34,12,2,10,0,-1,-1,SELLER,00T34@0,0,12,-1,-1,0
382,OTHER,T34,12,4,10,0,-1,-1,SELLER,00T34@0,0,12,-1,-1,0
83,T34,OTHER,12,2,35,0,-1,-1,04T34@2,BUYER,0,12,-1,-1,3
627,T24,OTHER,12,2,35,-1,-1,-1,05T24@2,BUYER,0,-1,-1,-1,3
618,T24,OTHER,12,2,35,-1,-1,-1,05T24@2,BUYER,0,-1,-1,-1,3
76,OTHER,T24,12,3,10,0,-1,-1,SELLER,01T24@0,0,12,-1,-1,0
103,T24,OTHER,12,4,35,0,-1,-1,05T24@2,BUYER,0,12,-1,-1,3
606,T24,OTHER,12,3,35,-1,-1,-1,05T24@2,BUYER,0,-1,-1,-1,3
94,T24,OTHER,12,1,35,0,-1,-1,05T24@2,BUYER,0,12,-1,-1,3
636,T24,OTHER,12,3,35,-1,-1,-1,05T24@2,BUYER,0,-1,-1,-1,3
162,OTHER,T34,12,1,10,0,-1,-1,SELLER,00T34@0,0,12,-1,-1,0
71,OTHER,T24,12,2,10,0,-1,-1,SELLER,01T24@0,0,12,-1,-1,0
167,T24,OTHER,12,1,35,0,-1,-1,05T24@2,BUYER,0,12,-1,-1,3
586,T34,OTHER,13,3,35,-1,-1,-1,04T34@2,BUYER,0,-1,-1,-1,3
306,OTHER,T34,13,1,10,0,-1,-1,SELLER,00T34@0,0,13,-1,-1,0
91,T24,OTHER,13,3,35,0,-1,-1,05T24@2,BUYER,0,13,-1,-1,3
136,T34,OTHER,13,3,35,0,-1,-1,04T34@2,BUYER,0,13,-1,-1,3
70,OTHER,T34,13,1,10,0,-1,-1,SELLER,00T34@0,0,13,-1,-1,0
99,OTHER,T34,13,3,10,0,-1,-1,SELLER,00T34@0,0,13,-1,-1,0
332,T34,OTHER,13,1,35,0,-1,-1,04T34@2,BUYER,0,13,-1,-1,3
273,OTHER,T24,13,3,10,0,-1,-1,SELLER,01T24@0,0,13,-1,-1,0
566,T24,OTHER,13,4,35,-1,-1,-1,05T24@2,BUYER,0,-1,-1,-1,3
208,OTHER,T34,13,2,10,0,-1,-1,SELLER,00T34@0,0,13,-1,-1,0
21,OTHER,T34,13,4,10,0,-1,-1,SELLER,00T34@0,0,13,-1,-1,0
294,OTHER,T24,13,1,10,0,-1,-1,SELLER,01T24@0,0,13,-1,-1,0
246,OTHER,T24,13,1,10,0,-1,-1,SELLER,01T24@0,0,13,-1,-1,0
537,T34,OTHER,13,5,35,-1,-1,-1,04T34@2,BUYER,0,-1,-1,-1,3
153,T24,OTHER,13,1,35,0,-1,-1,05T24@2,BUYER,0,13,-1,-1,3
146,OTHER,T24,13,4,10,0,-1,-1,SELLER,01T24@0,0,13,-1,-1,0
285,T34,OTHER,14,2,35,0,-1,-1,04T34@2,BUYER,0,14,-1,-1,3
276,OTHER,T34,14,4,10,0,-1,-1,SELLER,00T34@0,0,14,-1,-1,0
270,T34,OTHER,14,2,35,0,-1,-1,04T34@2,BUYER,0,14,-1,-1,3
161,OTHER,T34,14,2,10,0,-1,-1,SELLER,00T34@0,0,14,-1,-1,0
416,OTHER,T34,14,5,10,0,-1,-1,SELLER,00T34@0,0,14,-1,-1,0
366,T34,OTHER,14,2,35,0,-1,-1,04T34@2,BUYER,0,14,-1,-1,3
591,T34,OTHER,14,3,35,-1,-1,-1,04T34@2,BUYER,0,-1,-1,-1,3
247,OTHER,T24,14,2,10,0,-1,-1,SELLER,01T24@0,0,14,-1,-1,0
323,T24,OTHER,14,2,35,0,-1,-1,05T24@2,BUYER,0,14,-1,-1,3
380,OTHER,T34,14,1,10,0,-1,-1,SELLER,00T34@0,0,14,-1,-1,0
231,T24,OTHER,14,3,35,0,-1,-1,05T24@2,BUYER,0,14,-1,-1,3
428,OTHER,T24,14,1,10,0,-1,-1,SELLER,01T24@0,0,14,-1,-1,0
641,T24,OTHER,14,2,35,-1,-1,-1,05T24@2,BUYER,0,-1,-1,-1,3
389,OTHER,T24,14,3,10,0,-1,-1,SELLER,01T24@0,0,14,-1,-1,0
284,T24,OTHER,14,1,35,0,-1,-1,05T24@2,BUYER,0,14,-1,-1,3
639,T24,OTHER,14,3,35,-1,-1,-1,05T24@2,BUYER,0,-1,-1,-1,3
127,OTHER,T34,14,2,10,0,-1,-1,SELLER,00T34@0,0,14,-1,-1,0
429,OTHER,T24,15,3,10,0,-1,-1,SELLER,01T24@0,0,15,-1,-1,0
9,OTHER,T34,15,2,10,0,-1,-1,SELLER,00T34@0,0,15,-1,-1,0
48,T34,OTHER,15,1,35,0,-1,-1,04T34@2,BUYER,0,15,-1,-1,3
145,OTHER,T24,15,2,10,0,-1,-1,SELLER,01T24@0,0,15,-1,-1,0
611,T24,OTHER,15,4,35,-1,-1,-1,05T24@2,BUYER,0,-1,-1,-1,3
4,T34,OTHER,15,3,35,0,-1,-1,04T34@2,BUYER,0,15,-1,-1,3
381,T24,OTHER,15,1,35,0,-1,-1,05T24@2,BUYER,0,15,-1,-1,3
5,T34,OTHER,15,1,35,0,-1,-1,04T34@2,BUYER,0,15,-1,-1,3
186,OTHER,T34,15,3,10,0,-1,-1,SELLER,00T34@0,0,15,-1,-1,0
41,T24,OTHER,15,2,35,0,-1,-1,05T24@2,BUYER,0,15,-1,-1,3
574,T34,OTHER,15,4,35,-1,-1,-1,04T34@2,BUYER,0,-1,-1,-1,3
614,T24,OTHER,15,4,35,-1,-1,-1,05T24@2,BUYER,0,-1,-1,-1,3
374,OTHER,T24,15,2,10,0,-1,-1,SELLER,01T24@0,0,15,-1,-1,0
307,OTHER,T34,15,5,10,0,-1,-1,SELLER,00T34@0,0,15,-1,-1,0
391,OTHER,T24,15,3,10,0,-1,-1,SELLER,01T24@0,0,15,-1,-1,0
111,OTHER,T24,16,1,10,0,-1,-1,SELLER,01T24@0,0,16,-1,-1,0
141,OTHER,T24,16,3,10,0,-1,-1,SELLER,01T24@0,0,16,-1,-1,0
251,T24,OTHER,16,5,35,0,-1,-1,05T24@2,BUYER,0,16,-1,-1,3
252,OTHER,T24,16,2,10,0,-1,-1,SELLER,01T24@0,0,16,-1,-1,0
318,OTHER,T34,16,5,10,0,-1,-1,SELLER,00T34@0,0,16,-1,-1,0
533,T24,OTHER,16,3,35,-1,-1,-1,05T24@2,BUYER,0,-1,-1,-1,3
239,OTHER,T24,16,2,10,0,-1,-1,SELLER,01T24@0,0,16,-1,-1,0
316,T34,OTHER,16,4,35,0,-1,-1,04T34@2,BUYER,0,16,-1,-1,3
236,T24,OTHER,16,1,35,0,-1,-1,05T24@2,BUYER,0,16,-1,-1,3
311,T24,OTHER,16,1,35,0,-1,-1,05T24@2,BUYER,0,16,-1,-1,3
648,T34,OTHER,16,4,35,-1,-1,-1,04T34@2,BUYER,0,-1,-1,-1,3
205,OTHER,T34,16,1,10,0,-1,-1,SELLER,00T34@0,0,16,-1,-1,0
150,T34,OTHER,16,2,35,0,-1,-1,04T34@2,BUYER,0,16,-1,-1,3
404,OTHER,T34,16,2,10,0,-1,-1,SELLER,00T34@0,0,16,-1,-1,0
170,OTHER,T34,16,1,10,0,-1,-1,SELLER,00T34@0,0,16,-1,-1,0
143,OTHER,T24,16,3,10,0,-1,-1,SELLER,01T24@0,0,16,-1,-1,0
256,OTHER,T34,17,2,10,0,-1,-1,SELLER,00T34@0,0,17,-1,-1,0
139,T34,OTHER,17,3,35,0,-1,-1,04T34@2,BUYER,0,17,-1,-1,3
55,OTHER,T24,17,3,10,0,-1,-1,SELLER,01T24@0,0,17,-1,-1,0
90,OTHER,T34,17,2,10,0,-1,-1,SELLER,00T34@0,0,17,-1,-1,0
551,T24,OTHER,17,3,35,-1,-1,-1,05T24@2,BUYER,0,-1,-1,-1,3
194,OTHER,T34,17,2,10,0,-1,-1,SELLER,00T34@0,0,17,-1,-1,0
181,T24,OTHER,17,4,35,0,-1,-1,05T24@2,BUYER,0,17,-1,-1,3
542,T34,OTHER,17,2,35,-1,-1,-1,04T34@2,BUYER,0,-1,-1,-1,3
632,T24,OTHER,17,2,35,-1,-1,-1,05T24@2,BUYER,0,-1,-1,-1,3
274,OTHER,T34,17,5,10,0,-1,-1,SELLER,00T34@0,0,17,-1,-1,0
220,OTHER,T24,17,2,10,0,-1,-1,SELLER,01T24@0,0,17,-1,-1,0
117,OTHER,T24,17,2,10,0,-1,-1,SELLER,01T24@0,0,17,-1,-1,0
120,OTHER,T34,17,2,10,0,-1,-1,SELLER,00T34@0,0,17,-1,-1,0
123,T34,OTHER,17,1,35,0,-1,-1,04T34@2,BUYER,0,17,-1,-1,3
599,T34,OTHER,17,2,35,-1,-1,-1,04T34@2,BUYER,0,-1,-1,-1,3
552,T34,OTHER,17,3,35,-1,-1,-1,04T34@2,BUYER,0,-1,-1,-1,3
296,OTHER,T34,18,3,10,0,-1,-1,SELLER,00T34@0,0,18,-1,-1,0
383,OTHER,T34,18,3,10,0,-1,-1,SELLER,00T34@0,0,18,-1,-1,0
369,T24,OTHER,18,1,35,0,-1,-1,05T24@2,BUYER,0,18,-1,-1,3
377,OTHER,T24,18,1,10,0,-1,-1,SELLER,01T24@0,0,18,-1,-1,0
144,T34,OTHER,18,3,35,0,-1,-1,04T34@2,BUYER,0,18,-1,-1,3
570,T24,OTHER,18,3,35,-1,-1,-1,05T24@2,BUYER,0,-1,-1,-1,3
349,OTHER,T34,18,3,10,0,-1,-1,SELLER,00T34@0,0,18,-1,-1,0
613,T34,OTHER,18,3,35,-1,-1,-1,04T34@2,BUYER,0,-1,-1,-1,3
189,T34,OTHER,18,2,35,0,-1,-1,04T34@2,BUYER,0,18,-1,-1,3
116,T24,OTHER,18,2,35,0,-1,-1,05T24@2,BUYER,0,18,-1,-1,3
333,OTHER,T24,18,5,10,0,-1,-1,SELLER,01T24@0,0,18,-1,-1,0
234,OTHER,T24,18,2,10,0,-1,-1,SELLER,01T24@0,0,18,-1,-1,0
630,T34,OTHER,18,2,35,-1,-1,-1,04T34@2,BUYER,0,-1,-1,-1,3
132,OTHER,T34,18,3,10,0,-1,-1,SELLER,00T34@0,0,18,-1,-1,0
245,T34,OTHER,18,1,35,0,-1,-1,04T34@2,BUYER,0,18,-1,-1,3
25,T24,OTHER,18,3,35,0,-1,-1,05T24@2,BUYER,0,18,-1,-1,3
392,T34,OTHER,19,1,35,0,-1,-1,04T34@2,BUYER,0,19,-1,-1,3
395,OTHER,T34,19,4,10,0,-1,-1,SELLER,00T34@0,0,19,-1,-1,0
331,OTHER,T24,19,1,10,0,-1,-1,SELLER,01T24@0,0,19,-1,-1,0
20,T34,OTHER,19,4,35,0,-1,-1,04T34@2,BUYER,0,19,-1,-1,3
72,OTHER,T24,19,3,10,0,-1,-1,SELLER,01T24@0,0,19,-1,-1,0
337,OTHER,T24,19,2,10,0,-1,-1,SELLER,01T24@0,0,19,-1,-1,0
291,T24,OTHER,19,2,35,0,-1,-1,05T24@2,BUYER,0,19,-1,-1,3
322,OTHER,T24,19,4,10,0,-1,-1,SELLER,01T24@0,0,19,-1,-1,0
376,T24,OTHER,19,2,35,0,-1,-1,05T24@2,BUYER,0,19,-1,-1,3
410,OTHER,T24,19,2,10,0,-1,-1,SELLER,01T24@0,0,19,-1,-1,0
163,OTHER,T34,19,1,10,0,-1,-1,SELLER,00T34@0,0,19,-1,-1,0
254,OTHER,T34,19,3,10,0,-1,-1,SELLER,00T34@0,0,19,-1,-1,0
507,T34,OTHER,19,2,35,-1,-1,-1,04T34@2,BUYER,0,-1,-1,-1,3
550,T24,OTHER,19,4,35,-1,-1,-1,05T24@2,BUYER,0,-1,-1,-1,3
487,T34,OTHER,19,3,35,-1,-1,-1,04T34@2,BUYER,0,-1,-1,-1,3
498,T34,OTHER,19,2,35,-1,-1,-1,04T34@2,BUYER,0,-1,-1,-1,3
423,T34,OTHER,20,1,35,0,-1,-1,04T34@2,BUYER,0,20,-1,-1,3
240,OTHER,T24,20,3,10,0,-1,-1,SELLER,01T24@0,0,20,-1,-1,0
160,OTHER,T34,20,1,10,0,-1,-1,SELLER,00T34@0,0,20,-1,-1,0
338,T24,OTHER,20,1,35,0,-1,-1,05T24@2,BUYER,0,20,-1,-1,3
314,OTHER,T34,20,3,10,0,-1,-1,SELLER,00T34@0,0,20,-1,-1,0
617,T34,OTHER,20,2,35,-1,-1,-1,04T34@2,BUYER,0,-1,-1,-1,3
260,T34,OTHER,20,1,35,0,-1,-1,04T34@2,BUYER,0,20,-1,-1,3
413,OTHER,T24,20,2,10,0,-1,-1,SELLER,01T24@0,0,20,-1,-1,0
10,OTHER,T34,20,2,10,0,-1,-1,SELLER,00T34@0,0,20,-1,-1,0
232,T24,OTHER,20,3,35,0,-1,-1,05T24@2,BUYER,0,20,-1,-1,3
433,OTHER,T34,20,3,10,0,-1,-1,SELLER,00T34@0,0,20,-1,-1,0
571,T24,OTHER,20,5,35,-1,-1,-1,05T24@2,BUYER,0,-1,-1,-1,3
650,T34,OTHER,20,4,35,-1,-1,-1,04T34@2,BUYER,0,-1,-1,-1,3
442,OTHER,T34,20,4,10,0,-1,-1,SELLER,00T34@0,0,20,-1,-1,0
277,OTHER,T24,20,2,10,0,-1,-1,SELLER,01T24@0,0,20,-1,-1,0
195,T34,OTHER,20,3,35,0,-1,-1,04T34@2,BUYER,0,20,-1,-1,3
302,OTHER,T24,21,4,10,0,-1,-1,SELLER,01T24@0,0,21,-1,-1,0
44,OTHER,T34,21,3,10,0,-1,-1,SELLER,00T34@0,0,21,-1,-1,0
518,T34,OTHER,21,2,35,-1,-1,-1,04T34@2,BUYER,0,-1,-1,-1,3
384,OTHER,T34,21,2,10,0,-1,-1,SELLER,00T34@0,0,21,-1,-1,0
543,T24,OTHER,21,3,35,-1,-1,-1,05T24@2,BUYER,0,-1,-1,-1,3
288,OTHER,T34,21,3,10,0,-1,-1,SELLER,00T34@0,0,21,-1,-1,0
113,T34,OTHER,21,3,35,0,-1,-1,04T34@2,BUYER,0,21,-1,-1,3
396,OTHER,T24,21,3,10,0,-1,-1,SELLER,01T24@0,0,21,-1,-1,0
313,OTHER,T24,21,1,10,0,-1,-1,SELLER,01T24@0,0,21,-1,-1,0
312,OTHER,T34,21,2,10,0,-1,-1,SELLER,00T34@0,0,21,-1,-1,0
372,OTHER,T24,21,2,10,0,-1,-1,SELLER,01T24@0,0,21,-1,-1,0
474,T34,OTHER,21,3,35,-1,-1,-1,04T34@2,BUYER,0,-1,-1,-1,3
228,T34,OTHER,21,2,35,0,-1,-1,04T34@2,BUYER,0,21,-1,-1,3
214,T24,OTHER,21,2,35,0,-1,-1,05T24@2,BUYER,0,21,-1,-1,3
626,T34,OTHER,21,2,35,-1,-1,-1,04T34@2,BUYER,0,-1,-1,-1,3
261,T24,OTHER,21,3,35,0,-1,-1,05T24@2,BUYER,0,21,-1,-1,3
203,T24,OTHER,22,4,35,0,-1,-1,05T24@2,BUYER,0,22,-1,-1,3
354,T24,OTHER,22,2,35,0,-1,-1,05T24@2,BUYER,0,22,-1,-1,3
112,OTHER,T34,22,2,10,0,-1,-1,SELLER,00T34@0,0,22,-1,-1,0
108,OTHER,T24,22,3,10,0,-1,-1,SELLER,01T24@0,0,22,-1,-1,0
224,OTHER,T34,22,1,10,0,-1,-1,SELLER,00T34@0,0,22,-1,-1,0
30,OTHER,T24,22,3,10,0,-1,-1,SELLER,01T24@0,0,22,-1,-1,0
520,T34,OTHER,22,2,35,-1,-1,-1,04T34@2,BUYER,0,-1,-1,-1,3
329,OTHER,T24,22,1,10,0,-1,-1,SELLER,01T24@0,0,22,-1,-1,0
102,OTHER,T34,22,2,10,0,-1,-1,SELLER,00T34@0,0,22,-1,-1,0
538,T34,OTHER,22,4,35,-1,-1,-1,04T34@2,BUYER,0,-1,-1,-1,3
425,OTHER,T34,22,4,10,0,-1,-1,SELLER,00T34@0,0,22,-1,-1,0
165,T34,OTHER,22,2,35,0,-1,-1,04T34@2,BUYER,0,22,-1,-1,3
590,T24,OTHER,22,4,35,-1,-1,-1,05T24@2,BUYER,0,-1,-1,-1,3
269,OTHER,T24,22,2,10,0,-1,-1,SELLER,01T24@0,0,22,-1,-1,0
69,T34,OTHER,22,2,35,0,-1,-1,04T34@2,BUYER,0,22,-1,-1,3
66,OTHER,T24,22,2,10,0,-1,-1,SELLER,01T24@0,0,22,-1,-1,0
81,OTHER,T24,23,3,10,0,-1,-1,SELLER,01T24@0,0,23,-1,-1,0
82,T24,OTHER,23,1,35,0,-1,-1,05T24@2,BUYER,0,23,-1,-1,3
292,OTHER,T34,23,4,10,0,-1,-1,SELLER,00T34@0,0,23,-1,-1,0
562,T24,OTHER,23,6,35,-1,-1,-1,05T24@2,BUYER,0,-1,-1,-1,3
527,T34,OTHER,23,2,35,-1,-1,-1,04T34@2,BUYER,0,-1,-1,-1,3
211,OTHER,T24,23,4,10,0,-1,-1,SELLER,01T24@0,0,23,-1,-1,0
86,OTHER,T34,23,3,10,0,-1,-1,SELLER,00T34@0,0,23,-1,-1,0
304,OTHER,T24,23,1,10,0,-1,-1,SELLER,01T24@0,0,23,-1,-1,0
488,T34,OTHER,23,1,35,-1,-1,-1,04T34@2,BUYER,0,-1,-1,-1,3
262,OTHER,T34,23,2,10,0,-1,-1,SELLER,00T34@0,0,23,-1,-1,0
390,OTHER,T34,23,2,10,0,-1,-1,SELLER,00T34@0,0,23,-1,-1,0
418,OTHER,T24,23,1,10,0,-1,-1,SELLER,01T24@0,0,23,-1,-1,0
368,T24,OTHER,23,1,35,0,-1,-1,05T24@2,BUYER,0,23,-1,-1,3
196,T24,OTHER,23,1,35,0,-1,-1,05T24@2,BUYER,0,23,-1,-1,3
98,T34,OTHER,23,3,35,0,-1,-1,04T34@2,BUYER,0,23,-1,-1,3
575,T34,OTHER,23,2,35,-1,-1,-1,04T34@2,BUYER,0,-1,-1,-1,3
78,T34,OTHER,23,3,35,0,-1,-1,04T34@2,BUYER,0,23,-1,-1,3
182,OTHER,T24,24,4,10,0,-1,-1,SELLER,01T24@0,0,24,-1,-1,0
233,T24,OTHER,24,2,35,0,-1,-1,05T24@2,BUYER,0,24,-1,-1,3
202,T34,OTHER,24,1,35,0,-1,-1,04T34@2,BUYER,0,24,-1,-1,3
295,T24,OTHER,24,1,35,0,-1,-1,05T24@2,BUYER,0,24,-1,-1,3
60,OTHER,T34,24,4,10,0,-1,-1,SELLER,00T34@0,0,24,-1,-1,0
310,T24,OTHER,24,1,35,0,-1,-1,05T24@2,BUYER,0,24,-1,-1,3
546,T34,OTHER,24,3,35,-1,-1,-1,04T34@2,BUYER,0,-1,-1,-1,3
567,T24,OTHER,24,7,35,-1,-1,-1,05T24@2,BUYER,0,-1,-1,-1,3
53,T24,OTHER,24,1,35,0,-1,-1,05T24@2,BUYER,0,24,-1,-1,3
430,OTHER,T24,24,4,10,0,-1,-1,SELLER,01T24@0,0,24,-1,-1,0
388,OTHER,T34,24,3,10,0,-1,-1,SELLER,00T34@0,0,24,-1,-1,0
27,OTHER,T34,24,2,10,0,-1,-1,SELLER,00T34@0,0,24,-1,-1,0
210,OTHER,T34,24,1,10,0,-1,-1,SELLER,00T34@0,0,24,-1,-1,0
107,OTHER,T34,24,2,10,0,-1,-1,SELLER,00T34@0,0,24,-1,-1,0
169,T34,OTHER,24,4,35,0,-1,-1,04T34@2,BUYER,0,24,-1,-1,3
436,OTHER,T24,25,4,10,0,-1,-1,SELLER,01T24@0,0,25,-1,-1,0
420,T24,OTHER,25,3,35,0,-1,-1,05T24@2,BUYER,0,25,-1,-1,3
624,T34,OTHER,25,5,35,-1,-1,-1,04T34@2,BUYER,0,-1,-1,-1,3
559,T34,OTHER,25,4,35,-1,-1,-1,04T34@2,BUYER,0,-1,-1,-1,3
0,T34,OTHER,25,2,35,0,-1,-1,04T34@2,BUYER,0,25,-1,-1,3
287,T24,OTHER,25,2,35,0,-1,-1,05T24@2,BUYER,0,25,-1,-1,3
293,OTHER,T24,25,3,10,0,-1,-1,SELLER,01T24@0,0,25,-1,-1,0
12,OTHER,T34,25,2,10,0,-1,-1,SELLER,00T34@0,0,25,-1,-1,0
16,T34,OTHER,25,1,35,0,-1,-1,04T34@2,BUYER,0,25,-1,-1,3
201,OTHER,T34,25,3,10,0,-1,-1,SELLER,00T34@0,0,25,-1,-1,0
278,T24,OTHER,25,3,35,0,-1,-1,05T24@2,BUYER,0,25,-1,-1,3
192,OTHER,T34,25,4,10,0,-1,-1,SELLER,00T34@0,0,25,-1,-1,0
342,OTHER,T34,25,1,10,0,-1,-1,SELLER,00T34@0,0,25,-1,-1,0
174,OTHER,T24,25,3,10,0,-1,-1,SELLER,01T24@0,0,25,-1,-1,0
142,OTHER,T34,26,3,10,0,-1,-1,SELLER,00T34@0,0,26,-1,-1,0
229,T34,OTHER,26,2,35,0,-1,-1,04T34@2,BUYER,0,26,-1,-1,3
172,OTHER,T24,26,2,10,0,-1,-1,SELLER,01T24@0,0,26,-1,-1,0
399,OTHER,T34,26,1,10,0,-1,-1,SELLER,00T34@0,0,26,-1,-1,0
280,OTHER,T34,26,1,10,0,-1,-1,SELLER,00T34@0,0,26,-1,-1,0
578,T24,OTHER,26,4,35,-1,-1,-1,05T24@2,BUYER,0,-1,-1,-1,3
242,T34,OTHER,26,5,35,0,-1,-1,04T34@2,BUYER,0,26,-1,-1,3
499,T24,OTHER,26,3,35,-1,-1,-1,05T24@2,BUYER,0,-1,-1,-1,3
250,OTHER,T24,26,1,10,0,-1,-1,SELLER,01T24@0,0,26,-1,-1,0
40,OTHER,T24,26,4,10,0,-1,-1,SELLER,01T24@0,0,26,-1,-1,0
421,OTHER,T34,26,4,10,0,-1,-1,SELLER,00T34@0,0,26,-1,-1,0
634,T34,OTHER,26,3,35,-1,-1,-1,04T34@2,BUYER,0,-1,-1,-1,3
218,OTHER,T24,26,3,10,0,-1,-1,SELLER,01T24@0,0,26,-1,-1,0
443,OTHER,T24,26,1,10,0,-1,-1,SELLER,01T24@0,0,26,-1,-1,0
190,T24,OTHER,26,3,35,0,-1,-1,05T24@2,BUYER,0,26,-1,-1,3
183,OTHER,T34,27,2,10,0,-1,-1,SELLER,00T34@0,0,27,-1,-1,0
178,T34,OTHER,27,1,35,0,-1,-1,04T34@2,BUYER,0,27,-1,-1,3
441,OTHER,T34,27,2,10,0,-1,-1,SELLER,00T34@0,0,27,-1,-1,0
438,OTHER,T24,27,4,10,0,-1,-1,SELLER,01T24@0,0,27,-1,-1,0
249,T24,OTHER,27,2,35,0,-1,-1,05T24@2,BUYER,0,27,-1,-1,3
371,OTHER,T34,27,4,10,0,-1,-1,SELLER,00T34@0,0,27,-1,-1,0
155,OTHER,T34,27,3,10,0,-1,-1,SELLER,00T34@0,0,27,-1,-1,0
357,T34,OTHER,27,3,35,0,-1,-1,04T34@2,BUYER,0,27,-1,-1,3
633,T24,OTHER,27,3,35,-1,-1,-1,05T24@2,BUYER,0,-1,-1,-1,3
343,T24,OTHER,27,4,35,0,-1,-1,05T24@2,BUYER,0,27,-1,-1,3
605,T34,OTHER,27,5,35,-1,-1,-1,04T34@2,BUYER,0,-1,-1,-1,3
171,T34,OTHER,27,1,35,0,-1,-1,04T34@2,BUYER,0,27,-1,-1,3
335,OTHER,T34,27,2,10,0,-1,-1,SELLER,00T34@0,0,27,-1,-1,0
319,OTHER,T24,27,2,10,0,-1,-1,SELLER,01T24@0,0,27,-1,-1,0
85,OTHER,T24,27,1,10,0,-1,-1,SELLER,01T24@0,0,27,-1,-1,0
375,T24,OTHER,27,1,35,0,-1,-1,05T24@2,BUYER,0,27,-1,-1,3
444,OTHER,T24,28,2,10,0,-1,-1,SELLER,01T24@0,0,28,-1,-1,0
585,T24,OTHER,28,6,35,-1,-1,-1,05T24@2,BUYER,0,-1,-1,-1,3
73,OTHER,T24,28,3,10,0,-1,-1,SELLER,01T24@0,0,28,-1,-1,0
608,T34,OTHER,28,4,35,-1,-1,-1,04T34@2,BUYER,0,-1,-1,-1,3
43,OTHER,T34,28,3,10,0,-1,-1,SELLER,00T34@0,0,28,-1,-1,0
97,T24,OTHER,28,1,35,0,-1,-1,05T24@2,BUYER,0,28,-1,-1,3
129,OTHER,T24,28,3,10,0,-1,-1,SELLER,01T24@0,0,28,-1,-1,0
7,T34,OTHER,28,2,35,0,-1,-1,04T34@2,BUYER,0,28,-1,-1,3
649,T24,OTHER,28,2,35,-1,-1,-1,05T24@2,BUYER,0,-1,-1,-1,3
135,OTHER,T24,28,1,10,0,-1,-1,SELLER,01T24@0,0,28,-1,-1,0
68,OTHER,T34,28,3,10,0,-1,-1,SELLER,00T34@0,0,28,-1,-1,0
255,OTHER,T34,28,1,10,0,-1,-1,SELLER,00T34@0,0,28,-1,-1,0
290,OTHER,T34,28,1,10,0,-1,-1,SELLER,00T34@0,0,28,-1,-1,0
346,T34,OTHER,28,2,35,0,-1,-1,04T34@2,BUYER,0,28,-1,-1,3
300,OTHER,T34,28,3,10,0,-1,-1,SELLER,00T34@0,0,28,-1,-1,0
360,T24,OTHER,28,3,35,0,-1,-1,05T24@2,BUYER,0,28,-1,-1,3
355,OTHER,T24,29,3,10,0,-1,-1,SELLER,01T24@0,0,29,-1,-1,0
87,T24,OTHER,29,6,35,0,-1,-1,05T24@2,BUYER,0,29,-1,-1,3
558,T24,OTHER,29,2,35,-1,-1,-1,05T24@2,BUYER,0,-1,-1,-1,3
309,T34,OTHER,29,1,35,0,-1,-1,04T34@2,BUYER,0,29,-1,-1,3
406,T34,OTHER,29,1,35,0,-1,-1,04T34@2,BUYER,0,29,-1,-1,3
565,T24,OTHER,29,3,35,-1,-1,-1,05T24@2,BUYER,0,-1,-1,-1,3
56,T34,OTHER,29,4,35,0,-1,-1,04T34@2,BUYER,0,29,-1,-1,3
281,OTHER,T34,29,5,10,0,-1,-1,SELLER,00T34@0,0,29,-1,-1,0
51,OTHER,T24,29,2,10,0,-1,-1,SELLER,01T24@0,0,29,-1,-1,0
46,OTHER,T24,29,1,10,0,-1,-1,SELLER,01T24@0,0,29,-1,-1,0
424,OTHER,T34,29,4,10,0,-1,-1,SELLER,00T34@0,0,29,-1,-1,0
42,OTHER,T24,29,3,10,0,-1,-1,SELLER,01T24@0,0,29,-1,-1,0
213,OTHER,T34,29,1,10,0,-1,-1,SELLER,00T34@0,0,29,-1,-1,0
1,OTHER,T34,29,1,10,0,-1,-1,SELLER,00T34@0,0,29,-1,-1,0
564,T34,OTHER,29,3,35,-1,-1,-1,04T34@2,BUYER,0,-1,-1,-1,3
272,OTHER,T34,30,3,10,0,-1,-1,SELLER,00T34@0,0,30,-1,-1,0
502,T34,OTHER,30,2,35,-1,-1,-1,04T34@2,BUYER,0,-1,-1,-1,3
289,OTHER,T34,30,1,10,0,-1,-1,SELLER,00T34@0,0,30,-1,-1,0
230,OTHER,T24,30,1,10,0,-1,-1,SELLER,01T24@0,0,30,-1,-1,0
104,OTHER,T34,30,4,10,0,-1,-1,SELLER,00T34@0,0,30,-1,-1,0
100,T24,OTHER,30,1,35,0,-1,-1,05T24@2,BUYER,0,30,-1,-1,3
96,T24,OTHER,30,3,35,0,-1,-1,05T24@2,BUYER,0,30,-1,-1,3
180,OTHER,T34,30,3,10,0,-1,-1,SELLER,00T34@0,0,30,-1,-1,0
579,T24,OTHER,30,3,35,-1,-1,-1,05T24@2,BUYER,0,-1,-1,-1,3
600,T34,OTHER,30,3,35,-1,-1,-1,04T34@2,BUYER,0,-1,-1,-1,3
114,T34,OTHER,30,1,35,0,-1,-1,04T34@2,BUYER,0,30,-1,-1,3
184,T34,OTHER,30,3,35,0,-1,-1,04T34@2,BUYER,0,30,-1,-1,3
596,T24,OTHER,30,3,35,-1,-1,-1,05T24@2,BUYER,0,-1,-1,-1,3
206,OTHER,T24,30,2,10,0,-1,-1,SELLER,01T24@0,0,30,-1,-1,0
431,OTHER,T24,30,5,10,0,-1,-1,SELLER,01T24@0,0,30,-1,-1,0
259,OTHER,T34,30,1,10,0,-1,-1,SELLER,00T34@0,0,30,-1,-1,0
199,T24,OTHER,30,1,35,0,-1,-1,05T24@2,BUYER,0,30,-1,-1,3
305,OTHER,T34,31,1,10,0,-1,-1,SELLER,00T34@0,0,31,-1,-1,0
185,OTHER,T24,31,3,10,0,-1,-1,SELLER,01T24@0,0,31,-1,-1,0
308,T24,OTHER,31,2,35,0,-1,-1,05T24@2,BUYER,0,31,-1,-1,3
554,T34,OTHER,31,1,35,-1,-1,-1,04T34@2,BUYER,0,-1,-1,-1,3
445,OTHER,T24,31,3,10,0,-1,-1,SELLER,01T24@0,0,31,-1,-1,0
415,OTHER,T34,31,3,10,0,-1,-1,SELLER,00T34@0,0,31,-1,-1,0
572,T34,OTHER,31,2,35,-1,-1,-1,04T34@2,BUYER,0,-1,-1,-1,3
576,T24,OTHER,31,2,35,-1,-1,-1,05T24@2,BUYER,0,-1,-1,-1,3
580,T24,OTHER,31,5,35,-1,-1,-1,05T24@2,BUYER,0,-1,-1,-1,3
328,T24,OTHER,31,1,35,0,-1,-1,05T24@2,BUYER,0,31,-1,-1,3
191,T24,OTHER,31,1,35,0,-1,-1,05T24@2,BUYER,0,31,-1,-1,3
253,OTHER,T34,31,1,10,0,-1,-1,SELLER,00T34@0,0,31,-1,-1,0
268,OTHER,T34,31,5,10,0,-1,-1,SELLER,00T34@0,0,31,-1,-1,0
17,T34,OTHER,31,3,35,0,-1,-1,04T34@2,BUYER,0,31,-1,-1,3
47,OTHER,T24,31,4,10,0,-1,-1,SELLER,01T24@0,0,31,-1,-1,0
34,T34,OTHER,31,3,35,0,-1,-1,04T34@2,BUYER,0,31,-1,-1,3
604,T34,OTHER,32,1,35,-1,-1,-1,04T34@2,BUYER,0,-1,-1,-1,3
510,OTHER,T34,32,1,10,-1,-1,-1,SELLER,00T34@0,0,-1,-1,-1,0
364,OTHER,T24,32,2,10,0,-1,-1,SELLER,01T24@0,0,32,-1,-1,0
447,OTHER,T34,32,4,10,-1,-1,-1,SELLER,00T34@0,0,-1,-1,-1,0
95,OTHER,T34,32,3,10,0,-1,-1,SELLER,00T34@0,0,32,-1,-1,0
557,OTHER,T34,32,1,10,-1,-1,-1,SELLER,00T34@0,0,-1,-1,-1,0
282,OTHER,T24,32,3,10,0,-1,-1,SELLER,01T24@0,0,32,-1,-1,0
264,T24,OTHER,32,2,35,0,-1,-1,05T24@2,BUYER,0,32,-1,-1,3
32,T24,OTHER,32,1,35,0,-1,-1,05T24@2,BUYER,0,32,-1,-1,3
573,T34,OTHER,32,5,35,-1,-1,-1,04T34@2,BUYER,0,-1,-1,-1,3
63,T24,OTHER,32,3,35,0,-1,-1,05T24@2,BUYER,0,32,-1,-1,3
324,T34,OTHER,32,5,35,0,-1,-1,04T34@2,BUYER,0,32,-1,-1,3
519,T24,OTHER,32,3,35,-1,-1,-1,05T24@2,BUYER,0,-1,-1,-1,3
583,OTHER,T34,32,6,10,-1,-1,-1,SELLER,00T34@0,0,-1,-1,-1,0
370,OTHER,T24,33,1,10,0,-1,-1,SELLER,01T24@0,0,33,-1,-1,0
449,OTHER,T34,33,4,10,-1,-1,-1,SELLER,00T34@0,0,-1,-1,-1,0
642,T24,OTHER,33,2,35,-1,-1,-1,05T24@2,BUYER,0,-1,-1,-1,3
588,T34,OTHER,33,1,35,-1,-1,-1,04T34@2,BUYER,0,-1,-1,-1,3
587,OTHER,T24,33,2,10,-1,-1,-1,SELLER,01T24@0,0,-1,-1,-1,0
61,T34,OTHER,33,5,35,0,-1,-1,04T34@2,BUYER,0,33,-1,-1,3
59,OTHER,T24,33,4,10,0,-1,-1,SELLER,01T24@0,0,33,-1,-1,0
622,T34,OTHER,33,2,35,-1,-1,-1,04T34@2,BUYER,0,-1,-1,-1,3
18,T24,OTHER,33,1,35,0,-1,-1,05T24@2,BUYER,0,33,-1,-1,3
584,OTHER,T34,33,4,10,-1,-1,-1,SELLER,00T34@0,0,-1,-1,-1,0
426,T24,OTHER,33,3,35,0,-1,-1,05T24@2,BUYER,0,33,-1,-1,3
522,OTHER,T24,33,2,10,-1,-1,-1,SELLER,01T24@0,0,-1,-1,-1,0
460,OTHER,T34,33,1,10,-1,-1,-1,SELLER,00T34@0,0,-1,-1,-1,0
67,T24,OTHER,33,1,35,0,-1,-1,05T24@2,BUYER,0,33,-1,-1,3
484,T24,OTHER,33,5,35,-1,-1,-1,05T24@2,BUYER,0,-1,-1,-1,3
92,OTHER,T24,33,2,10,0,-1,-1,SELLER,01T24@0,0,33,-1,-1,0
13,T24,OTHER,34,1,35,0,-1,-1,05T24@2,BUYER,0,34,-1,-1,3
93,T34,OTHER,34,1,35,0,-1,-1,04T34@2,BUYER,0,34,-1,-1,3
341,T24,OTHER,34,1,35,0,-1,-1,05T24@2,BUYER,0,34,-1,-1,3
592,OTHER,T34,34,1,10,-1,-1,-1,SELLER,00T34@0,0,-1,-1,-1,0
109,T34,OTHER,34,4,35,0,-1,-1,04T34@2,BUYER,0,34,-1,-1,3
128,T24,OTHER,34,2,35,0,-1,-1,05T24@2,BUYER,0,34,-1,-1,3
461,OTHER,T24,34,2,10,-1,-1,-1,SELLER,01T24@0,0,-1,-1,-1,0
503,T34,OTHER,34,3,35,-1,-1,-1,04T34@2,BUYER,0,-1,-1,-1,3
505,T34,OTHER,34,3,35,-1,-1,-1,04T34@2,BUYER,0,-1,-1,-1,3
509,OTHER,T24,34,3,10,-1,-1,-1,SELLER,01T24@0,0,-1,-1,-1,0
511,OTHER,T34,34,2,10,-1,-1,-1,SELLER,00T34@0,0,-1,-1,-1,0
457,OTHER,T34,34,3,10,-1,-1,-1,SELLER,00T34@0,0,-1,-1,-1,0
491,T24,OTHER,34,5,35,-1,-1,-1,05T24@2,BUYER,0,-1,-1,-1,3
466,OTHER,T34,34,5,10,-1,-1,-1,SELLER,00T34@0,0,-1,-1,-1,0
479,OTHER,T24,34,3,10,-1,-1,-1,SELLER,01T24@0,0,-1,-1,-1,0
483,OTHER,T34,34,1,10,-1,-1,-1,SELLER,00T34@0,0,-1,-1,-1,0
637,OTHER,T24,35,4,10,-1,-1,-1,SELLER,01T24@0,0,-1,-1,-1,0
37,T24,OTHER,35,2,35,0,-1,-1,05T24@2,BUYER,0,35,-1,-1,3
539,OTHER,T34,35,1,10,-1,-1,-1,SELLER,00T34@0,0,-1,-1,-1,0
478,OTHER,T24,35,1,10,-1,-1,-1,SELLER,01T24@0,0,-1,-1,-1,0
490,OTHER,T24,35,3,10,-1,-1,-1,SELLER,01T24@0,0,-1,-1,-1,0
472,OTHER,T24,35,1,10,-1,-1,-1,SELLER,01T24@0,0,-1,-1,-1,0
560,OTHER,T24,35,2,10,-1,-1,-1,SELLER,01T24@0,0,-1,-1,-1,0
553,T34,OTHER,35,4,35,-1,-1,-1,04T34@2,BUYER,0,-1,-1,-1,3
477,T24,OTHER,35,4,35,-1,-1,-1,05T24@2,BUYER,0,-1,-1,-1,3
496,OTHER,T34,35,3,10,-1,-1,-1,SELLER,00T34@0,0,-1,-1,-1,0
459,OTHER,T34,35,2,10,-1,-1,-1,SELLER,00T34@0,0,-1,-1,-1,0
529,T34,OTHER,35,3,35,-1,-1,-1,04T34@2,BUYER,0,-1,-1,-1,3
15,T24,OTHER,35,2,35,0,-1,-1,05T24@2,BUYER,0,35,-1,-1,3
475,OTHER,T34,35,3,10,-1,-1,-1,SELLER,00T34@0,0,-1,-1,-1,0
353,T34,OTHER,35,1,35,0,-1,-1,04T34@2,BUYER,0,35,-1,-1,3
84,T34,OTHER,35,4,35,0,-1,-1,04T34@2,BUYER,0,35,-1,-1,3
79,T24,OTHER,36,3,35,0,-1,-1,05T24@2,BUYER,0,36,-1,-1,3
351,T24,OTHER,36,1,35,0,-1,-1,05T24@2,BUYER,0,36,-1,-1,3
446,T34,OTHER,36,2,35,-1,-1,-1,04T34@2,BUYER,0,-1,-1,-1,3
603,OTHER,T34,36,5,10,-1,-1,-1,SELLER,00T34@0,0,-1,-1,-1,0
456,OTHER,T24,36,5,10,-1,-1,-1,SELLER,01T24@0,0,-1,-1,-1,0
625,OTHER,T34,36,2,10,-1,-1,-1,SELLER,00T34@0,0,-1,-1,-1,0
54,T24,OTHER,36,3,35,0,-1,-1,05T24@2,BUYER,0,36,-1,-1,3
11,T34,OTHER,36,5,35,0,-1,-1,04T34@2,BUYER,0,36,-1,-1,3
547,T34,OTHER,36,4,35,-1,-1,-1,04T34@2,BUYER,0,-1,-1,-1,3
640,OTHER,T24,36,2,10,-1,-1,-1,SELLER,01T24@0,0,-1,-1,-1,0
451,T34,OTHER,36,2,35,-1,-1,-1,04T34@2,BUYER,0,-1,-1,-1,3
530,OTHER,T34,36,2,10,-1,-1,-1,SELLER,00T34@0,0,-1,-1,-1,0
513,OTHER,T24,36,3,10,-1,-1,-1,SELLER,01T24@0,0,-1,-1,-1,0
629,OTHER,T34,36,1,10,-1,-1,-1,SELLER,00T34@0,0,-1,-1,-1,0
469,OTHER,T34,37,1,10,-1,-1,-1,SELLER,00T34@0,0,-1,-1,-1,0
597,OTHER,T24,37,1,10,-1,-1,-1,SELLER,01T24@0,0,-1,-1,-1,0
198,T24,OTHER,37,1,35,0,-1,-1,05T24@2,BUYER,0,37,-1,-1,3
638,OTHER,T34,37,2,10,-1,-1,-1,SELLER,00T34@0,0,-1,-1,-1,0
526,T34,OTHER,37,4,35,-1,-1,-1,04T34@2,BUYER,0,-1,-1,-1,3
422,T34,OTHER,37,2,35,0,-1,-1,04T34@2,BUYER,0,37,-1,-1,3
74,T34,OTHER,37,3,35,0,-1,-1,04T34@2,BUYER,0,37,-1,-1,3
468,OTHER,T24,37,1,10,-1,-1,-1,SELLER,01T24@0,0,-1,-1,-1,0
610,OTHER,T24,37,5,10,-1,-1,-1,SELLER,01T24@0,0,-1,-1,-1,0
38,T24,OTHER,37,3,35,0,-1,-1,05T24@2,BUYER,0,37,-1,-1,3
508,T24,OTHER,37,2,35,-1,-1,-1,05T24@2,BUYER,0,-1,-1,-1,3
545,OTHER,T34,37,5,10,-1,-1,-1,SELLER,00T34@0,0,-1,-1,-1,0
506,OTHER,T24,37,2,10,-1,-1,-1,SELLER,01T24@0,0,-1,-1,-1,0
589,OTHER,T34,37,1,10,-1,-1,-1,SELLER,00T34@0,0,-1,-1,-1,0
501,OTHER,T34,37,2,10,-1,-1,-1,SELLER,00T34@0,0,-1,-1,-1,0
470,T24,OTHER,37,5,35,-1,-1,-1,05T24@2,BUYER,0,-1,-1,-1,3
248,T34,OTHER,38,2,35,0,-1,-1,04T34@2,BUYER,0,38,-1,-1,3
52,T34,OTHER,38,1,35,0,-1,-1,04T34@2,BUYER,0,38,-1,-1,3
548,T24,OTHER,38,3,35,-1,-1,-1,05T24@2,BUYER,0,-1,-1,-1,3
595,T24,OTHER,38,1,35,-1,-1,-1,05T24@2,BUYER,0,-1,-1,-1,3
458,OTHER,T24,38,2,10,-1,-1,-1,SELLER,01T24@0,0,-1,-1,-1,0
555,OTHER,T24,38,3,10,-1,-1,-1,SELLER,01T24@0,0,-1,-1,-1,0
601,T34,OTHER,38,5,35,-1,-1,-1,04T34@2,BUYER,0,-1,-1,-1,3
454,OTHER,T34,38,2,10,-1,-1,-1,SELLER,00T34@0,0,-1,-1,-1,0
159,T24,OTHER,38,3,35,0,-1,-1,05T24@2,BUYER,0,38,-1,-1,3
168,T24,OTHER,38,3,35,0,-1,-1,05T24@2,BUYER,0,38,-1,-1,3
532,OTHER,T24,38,2,10,-1,-1,-1,SELLER,01T24@0,0,-1,-1,-1,0
549,T24,OTHER,38,2,35,-1,-1,-1,05T24@2,BUYER,0,-1,-1,-1,3
534,OTHER,T34,38,3,10,-1,-1,-1,SELLER,00T34@0,0,-1,-1,-1,0
467,OTHER,T34,38,6,10,-1,-1,-1,SELLER,00T34@0,0,-1,-1,-1,0
453,OTHER,T34,38,2,10,-1,-1,-1,SELLER,00T34@0,0,-1,-1,-1,0
465,OTHER,T24,39,3,10,-1,-1,-1,SELLER,01T24@0,0,-1,-1,-1,0
621,T34,OTHER,39,4,35,-1,-1,-1,04T34@2,BUYER,0,-1,-1,-1,3
19,T34,OTHER,39,1,35,0,-1,-1,04T34@2,BUYER,0,39,-1,-1,3
363,T34,OTHER,39,2,35,0,-1,-1,04T34@2,BUYER,0,39,-1,-1,3
450,OTHER,T24,39,1,10,-1,-1,-1,SELLER,01T24@0,0,-1,-1,-1,0
494,OTHER,T24,39,3,10,-1,-1,-1,SELLER,01T24@0,0,-1,-1,-1,0
528,T24,OTHER,39,3,35,-1,-1,-1,05T24@2,BUYER,0,-1,-1,-1,3
525,T24,OTHER,39,3,35,-1,-1,-1,05T24@2,BUYER,0,-1,-1,-1,3
140,T24,OTHER,39,4,35,0,-1,-1,05T24@2,BUYER,0,39,-1,-1,3
568,OTHER,T24,39,6,10,-1,-1,-1,SELLER,01T24@0,0,-1,-1,-1,0
265,T34,OTHER,39,3,35,0,-1,-1,04T34@2,BUYER,0,39,-1,-1,3
455,OTHER,T34,39,3,10,-1,-1,-1,SELLER,00T34@0,0,-1,-1,-1,0
581,OTHER,T34,39,2,10,-1,-1,-1,SELLER,00T34@0,0,-1,-1,-1,0
452,OTHER,T34,39,2,10,-1,-1,-1,SELLER,00T34@0,0,-1,-1,-1,0
504,OTHER,T24,40,2,10,-1,-1,-1,SELLER,01T24@0,0,-1,-1,-1,0
45,T24,OTHER,40,2,35,0,-1,-1,05T24@2,BUYER,0,40,-1,-1,3
89,T34,OTHER,40,6,35,0,-1,-1,04T34@2,BUYER,0,40,-1,-1,3
556,OTHER,T34,40,6,10,-1,-1,-1,SELLER,00T34@0,0,-1,-1,-1,0
623,T24,OTHER,40,3,35,-1,-1,-1,05T24@2,BUYER,0,-1,-1,-1,3
541,OTHER,T24,40,4,10,-1,-1,-1,SELLER,01T24@0,0,-1,-1,-1,0
315,T24,OTHER,40,2,35,0,-1,-1,05T24@2,BUYER,0,40,-1,-1,3
471,OTHER,T24,40,3,10,-1,-1,-1,SELLER,01T24@0,0,-1,-1,-1,0
495,T34,OTHER,40,1,35,-1,-1,-1,04T34@2,BUYER,0,-1,-1,-1,3
517,OTHER,T34,40,1,10,-1,-1,-1,SELLER,00T34@0,0,-1,-1,-1,0
464,OTHER,T24,40,1,10,-1,-1,-1,SELLER,01T24@0,0,-1,-1,-1,0
645,T24,OTHER,40,2,35,-1,-1,-1,05T24@2,BUYER,0,-1,-1,-1,3
646,OTHER,T34,40,2,10,-1,-1,-1,SELLER,00T34@0,0,-1,-1,-1,0
486,T34,OTHER,40,2,35,-1,-1,-1,04T34@2,BUYER,0,-1,-1,-1,3
463,OTHER,T24,40,1,10,-1,-1,-1,SELLER,01T24@0,0,-1,-1,-1,0
432,T24,OTHER,40,2,35,0,-1,-1,05T24@2,BUYER,0,40,-1,-1,3
515,OTHER,T24,41,3,10,-1,-1,-1,SELLER,01T24@0,0,-1,-1,-1,0
512,OTHER,T24,41,1,10,-1,-1,-1,SELLER,01T24@0,0,-1,-1,-1,0
540,T34,OTHER,41,2,35,-1,-1,-1,04T34@2,BUYER,0,-1,-1,-1,3
643,OTHER,T34,41,3,10,-1,-1,-1,SELLER,00T34@0,0,-1,-1,-1,0
125,T34,OTHER,41,4,35,0,-1,-1,04T34@2,BUYER,0,41,-1,-1,3
481,OTHER,T24,41,2,10,-1,-1,-1,SELLER,01T24@0,0,-1,-1,-1,0
609,OTHER,T34,41,1,10,-1,-1,-1,SELLER,00T34@0,0,-1,-1,-1,0
602,OTHER,T24,41,3,10,-1,-1,-1,SELLER,01T24@0,0,-1,-1,-1,0
598,T24,OTHER,41,1,35,-1,-1,-1,05T24@2,BUYER,0,-1,-1,-1,3
582,OTHER,T34,41,1,10,-1,-1,-1,SELLER,00T34@0,0,-1,-1,-1,0
327,T24,OTHER,41,2,35,0,-1,-1,05T24@2,BUYER,0,41,-1,-1,3
569,OTHER,T34,41,4,10,-1,-1,-1,SELLER,00T34@0,0,-1,-1,-1,0
489,T34,OTHER,41,2,35,-1,-1,-1,04T34@2,BUYER,0,-1,-1,-1,3
563,OTHER,T34,41,2,10,-1,-1,-1,SELLER,00T34@0,0,-1,-1,-1,0
561,T24,OTHER,41,4,35,-1,-1,-1,05T24@2,BUYER,0,-1,-1,-1,3
36,T24,OTHER,41,3,35,0,-1,-1,05T24@2,BUYER,0,41,-1,-1,3
615,T24,OTHER,41,2,35,-1,-1,-1,05T24@2,BUYER,0,-1,-1,-1,3
516,T34,OTHER,42,1,35,-1,-1,-1,04T34@2,BUYER,0,-1,-1,-1,3
462,OTHER,T24,42,2,10,-1,-1,-1,SELLER,01T24@0,0,-1,-1,-1,0
620,OTHER,T34,42,2,10,-1,-1,-1,SELLER,00T34@0,0,-1,-1,-1,0
485,OTHER,T34,42,4,10,-1,-1,-1,SELLER,00T34@0,0,-1,-1,-1,0
480,T34,OTHER,42,2,35,-1,-1,-1,04T34@2,BUYER,0,-1,-1,-1,3
644,OTHER,T34,42,2,10,-1,-1,-1,SELLER,00T34@0,0,-1,-1,-1,0
50,T34,OTHER,42,2,35,0,-1,-1,04T34@2,BUYER,0,42,-1,-1,3
619,OTHER,T24,42,1,10,-1,-1,-1,SELLER,01T24@0,0,-1,-1,-1,0
266,T24,OTHER,42,1,35,0,-1,-1,05T24@2,BUYER,0,42,-1,-1,3
492,T24,OTHER,42,2,35,-1,-1,-1,05T24@2,BUYER,0,-1,-1,-1,3
476,OTHER,T34,42,2,10,-1,-1,-1,SELLER,00T34@0,0,-1,-1,-1,0
176,T24,OTHER,42,4,35,0,-1,-1,05T24@2,BUYER,0,42,-1,-1,3
473,OTHER,T24,42,5,10,-1,-1,-1,SELLER,01T24@0,0,-1,-1,-1,0
33,T34,OTHER,42,4,35,0,-1,-1,04T34@2,BUYER,0,42,-1,-1,3
631,OTHER,T24,42,2,10,-1,-1,-1,SELLER,01T24@0,0,-1,-1,-1,0
521,T34,OTHER,42,4,35,-1,-1,-1,04T34@2,BUYER,0,-1,-1,-1,3
666,T24,OTHER,43,3,35,-1,-1,-1,05T24@2,BUYER,0,-1,-1,-1,3
665,T34,OTHER,43,3,35,-1,-1,-1,04T34@2,BUYER,0,-1,-1,-1,3
664,T34,OTHER,43,3,35,-1,-1,-1,04T34@2,BUYER,0,-1,-1,-1,3
663,T24,OTHER,43,2,35,-1,-1,-1,05T24@2,BUYER,0,-1,-1,-1,3
662,OTHER,T34,43,4,10,1,-1,-1,SELLER,00T34@0,0,43,-1,-1,0
661,T34,OTHER,43,1,35,1,-1,-1,04T34@2,BUYER,0,43,-1,-1,3
660,OTHER,T24,43,1,10,1,-1,-1,SELLER,01T24@0,0,43,-1,-1,0
659,OTHER,T34,43,2,10,1,-1,-1,SELLER,00T34@0,0,43,-1,-1,0
658,OTHER,T34,43,4,10,1,-1,-1,SELLER,00T34@0,0,43,-1,-1,0
656,T24,OTHER,43,1,35,1,-1,-1,05T24@2,BUYER,0,43,-1,-1,3
655,OTHER,T24,43,3,10,1,-1,-1,SELLER,01T24@0,0,43,-1,-1,0
654,T24,OTHER,43,4,35,1,-1,-1,05T24@2,BUYER,0,43,-1,-1,3
653,OTHER,T34,43,1,10,1,-1,-1,SELLER,00T34@0,0,43,-1,-1,0
652,T34,OTHER,43,3,35,1,-1,-1,04T34@2,BUYER,0,43,-1,-1,3
651,OTHER,T34,43,2,10,1,-1,-1,SELLER,00T34@0,0,43,-1,-1,0
657,OTHER,T24,43,3,10,1,-1,-1,SELLER,01T24@0,0,43,-1,-1,0
676,T24,OTHER,44,2,35,-1,-1,-1,05T24@2,BUYER,0,-1,-1,-1,3
681,T34,OTHER,44,1,35,-1,-1,-1,04T34@2,BUYER,0,-1,-1,-1,3
680,T24,OTHER,44,1,35,-1,-1,-1,05T24@2,BUYER,0,-1,-1,-1,3
679,T34,OTHER,44,2,35,-1,-1,-1,04T34@2,BUYER,0,-1,-1,-1,3
1163,T34,T24,44,5,44,34,-1,34,02T34@1,05T24@2,2,44,-1,-1,2
677,T34,OTHER,44,4,35,-1,-1,-1,04T34@2,BUYER,0,-1,-1,-1,3
675,T24,OTHER,44,4,35,-1,-1,-1,05T24@2,BUYER,0,-1,-1,-1,3
678,T24,OTHER,44,2,35,-1,-1,-1,05T24@2,BUYER,0,-1,-1,-1,3
673,OTHER,T34,44,4,10,2,-1,-1,SELLER,00T34@0,0,44,-1,-1,0
672,OTHER,T34,44,4,10,2,-1,-1,SELLER,00T34@0,0,44,-1,-1,0
671,OTHER,T24,44,6,10,2,-1,-1,SELLER,01T24@0,0,44,-1,-1,0
670,OTHER,T24,44,3,10,2,-1,-1,SELLER,01T24@0,0,44,-1,-1,0
669,T34,OTHER,44,1,35,2,-1,-1,04T34@2,BUYER,0,44,-1,-1,3
668,OTHER,T34,44,2,10,2,-1,-1,SELLER,00T34@0,0,44,-1,-1,0
667,OTHER,T24,44,1,10,2,-1,-1,SELLER,01T24@0,0,44,-1,-1,0
674,T34,OTHER,44,3,35,-1,-1,-1,04T34@2,BUYER,0,-1,-1,-1,3
695,T24,OTHER,45,3,35,-1,-1,-1,05T24@2,BUYER,0,-1,-1,-1,3
694,T34,OTHER,45,4,35,-1,-1,-1,04T34@2,BUYER,0,-1,-1,-1,3
693,T24,OTHER,45,3,35,-1,-1,-1,05T24@2,BUYER,0,-1,-1,-1,3
692,T34,OTHER,45,5,35,-1,-1,-1,04T34@2,BUYER,0,-1,-1,-1,3
691,T34,OTHER,45,3,35,-1,-1,-1,04T34@2,BUYER,0,-1,-1,-1,3
690,T24,OTHER,45,2,35,-1,-1,-1,05T24@2,BUYER,0,-1,-1,-1,3
689,OTHER,T24,45,3,10,3,-1,-1,SELLER,01T24@0,0,45,-1,-1,0
688,OTHER,T34,45,3,10,3,-1,-1,SELLER,00T34@0,0,45,-1,-1,0
687,OTHER,T34,45,2,10,3,-1,-1,SELLER,00T34@0,0,45,-1,-1,0
686,OTHER,T34,45,4,10,3,-1,-1,SELLER,00T34@0,0,45,-1,-1,0
685,OTHER,T24,45,1,10,3,-1,-1,SELLER,01T24@0,0,45,-1,-1,0
684,OTHER,T24,45,2,10,3,-1,-1,SELLER,01T24@0,0,45,-1,-1,0
683,OTHER,T24,45,2,10,3,-1,-1,SELLER,01T24@0,0,45,-1,-1,0
682,OTHER,T24,45,3,10,3,-1,-1,SELLER,01T24@0,0,45,-1,-1,0
710,T34,OTHER,46,2,35,-1,-1,-1,04T34@2,BUYER,0,-1,-1,-1,3
709,OTHER,T24,46,2,10,4,-1,-1,SELLER,01T24@0,0,46,-1,-1,0
708,T24,OTHER,46,6,35,4,-1,-1,05T24@2,BUYER,0,46,-1,-1,3
707,OTHER,T24,46,3,10,4,-1,-1,SELLER,01T24@0,0,46,-1,-1,0
706,OTHER,T34,46,1,10,4,-1,-1,SELLER,00T34@0,0,46,-1,-1,0
705,T24,OTHER,46,1,35,4,-1,-1,05T24@2,BUYER,0,46,-1,-1,3
704,T24,OTHER,46,1,35,4,-1,-1,05T24@2,BUYER,0,46,-1,-1,3
696,T34,OTHER,46,3,35,4,-1,-1,04T34@2,BUYER,0,46,-1,-1,3
702,T24,OTHER,46,2,35,4,-1,-1,05T24@2,BUYER,0,46,-1,-1,3
701,OTHER,T34,46,2,10,4,-1,-1,SELLER,00T34@0,0,46,-1,-1,0
700,T34,OTHER,46,3,35,4,-1,-1,04T34@2,BUYER,0,46,-1,-1,3
699,OTHER,T24,46,4,10,4,-1,-1,SELLER,01T24@0,0,46,-1,-1,0
698,OTHER,T34,46,5,10,4,-1,-1,SELLER,00T34@0,0,46,-1,-1,0
697,OTHER,T24,46,3,10,4,-1,-1,SELLER,01T24@0,0,46,-1,-1,0
703,T24,OTHER,46,2,35,4,-1,-1,05T24@2,BUYER,0,46,-1,-1,3
726,T24,OTHER,47,3,35,-1,-1,-1,05T24@2,BUYER,0,-1,-1,-1,3
725,OTHER,T34,47,1,10,5,-1,-1,SELLER,00T34@0,0,47,-1,-1,0
724,OTHER,T34,47,1,10,5,-1,-1,SELLER,00T34@0,0,47,-1,-1,0
723,T34,OTHER,47,2,35,5,-1,-1,04T34@2,BUYER,0,47,-1,-1,3
722,OTHER,T24,47,2,10,5,-1,-1,SELLER,01T24@0,0,47,-1,-1,0
721,T24,OTHER,47,3,35,5,-1,-1,05T24@2,BUYER,0,47,-1,-1,3
719,OTHER,T34,47,3,10,5,-1,-1,SELLER,00T34@0,0,47,-1,-1,0
720,T34,OTHER,47,3,35,5,-1,-1,04T34@2,BUYER,0,47,-1,-1,3
717,OTHER,T34,47,6,10,5,-1,-1,SELLER,00T34@0,0,47,-1,-1,0
716,OTHER,T34,47,2,10,5,-1,-1,SELLER,00T34@0,0,47,-1,-1,0
715,T24,OTHER,47,3,35,5,-1,-1,05T24@2,BUYER,0,47,-1,-1,3
714,T24,OTHER,47,1,35,5,-1,-1,05T24@2,BUYER,0,47,-1,-1,3
713,T34,OTHER,47,4,35,5,-1,-1,04T34@2,BUYER,0,47,-1,-1,3
712,T24,OTHER,47,1,35,5,-1,-1,05T24@2,BUYER,0,47,-1,-1,3
711,OTHER,T24,47,3,10,5,-1,-1,SELLER,01T24@0,0,47,-1,-1,0
718,OTHER,T24,47,2,10,5,-1,-1,SELLER,01T24@0,0,47,-1,-1,0
741,T24,OTHER,48,2,35,-1,-1,-1,05T24@2,BUYER,0,-1,-1,-1,3
740,T24,OTHER,48,2,35,-1,-1,-1,05T24@2,BUYER,0,-1,-1,-1,3
739,OTHER,T24,48,4,10,6,-1,-1,SELLER,01T24@0,0,48,-1,-1,0
738,T24,OTHER,48,1,35,6,-1,-1,05T24@2,BUYER,0,48,-1,-1,3
737,OTHER,T34,48,2,10,6,-1,-1,SELLER,00T34@0,0,48,-1,-1,0
736,OTHER,T24,48,1,10,6,-1,-1,SELLER,01T24@0,0,48,-1,-1,0
735,OTHER,T24,48,4,10,6,-1,-1,SELLER,01T24@0,0,48,-1,-1,0
742,T34,OTHER,48,4,35,-1,-1,-1,04T34@2,BUYER,0,-1,-1,-1,3
733,T24,OTHER,48,4,35,6,-1,-1,05T24@2,BUYER,0,48,-1,-1,3
732,OTHER,T24,48,1,10,6,-1,-1,SELLER,01T24@0,0,48,-1,-1,0
731,T34,OTHER,48,3,35,6,-1,-1,04T34@2,BUYER,0,48,-1,-1,3
730,T34,OTHER,48,3,35,6,-1,-1,04T34@2,BUYER,0,48,-1,-1,3
729,OTHER,T24,48,2,10,6,-1,-1,SELLER,01T24@0,0,48,-1,-1,0
728,OTHER,T34,48,1,10,6,-1,-1,SELLER,00T34@0,0,48,-1,-1,0
727,OTHER,T34,48,5,10,6,-1,-1,SELLER,00T34@0,0,48,-1,-1,0
734,T34,OTHER,48,1,35,6,-1,-1,04T34@2,BUYER,0,48,-1,-1,3
758,T24,OTHER,49,2,35,-1,-1,-1,05T24@2,BUYER,0,-1,-1,-1,3
757,T24,OTHER,49,2,35,-1,-1,-1,05T24@2,BUYER,0,-1,-1,-1,3
756,T24,OTHER,49,2,35,-1,-1,-1,05T24@2,BUYER,0,-1,-1,-1,3
755,T24,OTHER,49,4,35,-1,-1,-1,05T24@2,BUYER,0,-1,-1,-1,3
754,OTHER,T34,49,4,10,7,-1,-1,SELLER,00T34@0,0,49,-1,-1,0
753,OTHER,T24,49,2,10,7,-1,-1,SELLER,01T24@0,0,49,-1,-1,0
752,T34,OTHER,49,3,35,7,-1,-1,04T34@2,BUYER,0,49,-1,-1,3
750,T34,OTHER,49,3,35,7,-1,-1,04T34@2,BUYER,0,49,-1,-1,3
749,OTHER,T34,49,1,10,7,-1,-1,SELLER,00T34@0,0,49,-1,-1,0
748,OTHER,T34,49,2,10,7,-1,-1,SELLER,00T34@0,0,49,-1,-1,0
747,OTHER,T24,49,2,10,7,-1,-1,SELLER,01T24@0,0,49,-1,-1,0
746,OTHER,T34,49,2,10,7,-1,-1,SELLER,00T34@0,0,49,-1,-1,0
745,T24,OTHER,49,2,35,7,-1,-1,05T24@2,BUYER,0,49,-1,-1,3
744,OTHER,T24,49,4,10,7,-1,-1,SELLER,01T24@0,0,49,-1,-1,0
743,OTHER,T34,49,3,10,7,-1,-1,SELLER,00T34@0,0,49,-1,-1,0
751,T34,OTHER,49,2,35,7,-1,-1,04T34@2,BUYER,0,49,-1,-1,3
768,OTHER,T24,50,3,10,8,-1,-1,SELLER,01T24@0,0,50,-1,-1,0
772,T34,OTHER,50,4,35,-1,-1,-1,04T34@2,BUYER,0,-1,-1,-1,3
771,T24,OTHER,50,5,35,-1,-1,-1,05T24@2,BUYER,0,-1,-1,-1,3
770,T34,OTHER,50,3,35,-1,-1,-1,04T34@2,BUYER,0,-1,-1,-1,3
769,T24,OTHER,50,1,35,8,-1,-1,05T24@2,BUYER,0,50,-1,-1,3
767,OTHER,T24,50,5,10,8,-1,-1,SELLER,01T24@0,0,50,-1,-1,0
760,OTHER,T34,50,4,10,8,-1,-1,SELLER,00T34@0,0,50,-1,-1,0
765,OTHER,T24,50,1,10,8,-1,-1,SELLER,01T24@0,0,50,-1,-1,0
764,OTHER,T34,50,2,10,8,-1,-1,SELLER,00T34@0,0,50,-1,-1,0
763,OTHER,T34,50,4,10,8,-1,-1,SELLER,00T34@0,0,50,-1,-1,0
762,T34,OTHER,50,3,35,8,-1,-1,04T34@2,BUYER,0,50,-1,-1,3
761,T24,OTHER,50,3,35,8,-1,-1,05T24@2,BUYER,0,50,-1,-1,3
759,OTHER,T24,50,1,10,8,-1,-1,SELLER,01T24@0,0,50,-1,-1,0
766,T24,OTHER,50,1,35,8,-1,-1,05T24@2,BUYER,0,50,-1,-1,3
788,T34,OTHER,51,3,35,-1,-1,-1,04T34@2,BUYER,0,-1,-1,-1,3
787,T34,OTHER,51,4,35,-1,-1,-1,04T34@2,BUYER,0,-1,-1,-1,3
786,T34,OTHER,51,2,35,-1,-1,-1,04T34@2,BUYER,0,-1,-1,-1,3
785,OTHER,T34,51,2,10,9,-1,-1,SELLER,00T34@0,0,51,-1,-1,0
784,OTHER,T34,51,3,10,9,-1,-1,SELLER,00T34@0,0,51,-1,-1,0
783,OTHER,T24,51,2,10,9,-1,-1,SELLER,01T24@0,0,51,-1,-1,0
782,OTHER,T34,51,2,10,9,-1,-1,SELLER,00T34@0,0,51,-1,-1,0
781,OTHER,T34,51,4,10,9,-1,-1,SELLER,00T34@0,0,51,-1,-1,0
780,T24,OTHER,51,2,35,9,-1,-1,05T24@2,BUYER,0,51,-1,-1,3
779,OTHER,T24,51,2,10,9,-1,-1,SELLER,01T24@0,0,51,-1,-1,0
778,OTHER,T34,51,2,10,9,-1,-1,SELLER,00T34@0,0,51,-1,-1,0
777,T34,OTHER,51,3,35,9,-1,-1,04T34@2,BUYER,0,51,-1,-1,3
776,T34,OTHER,51,1,35,9,-1,-1,04T34@2,BUYER,0,51,-1,-1,3
775,T24,OTHER,51,3,35,9,-1,-1,05T24@2,BUYER,0,51,-1,-1,3
774,T24,OTHER,51,2,35,9,-1,-1,05T24@2,BUYER,0,51,-1,-1,3
773,OTHER,T24,51,3,10,9,-1,-1,SELLER,01T24@0,0,51,-1,-1,0
804,T24,OTHER,52,4,35,-1,-1,-1,05T24@2,BUYER,0,-1,-1,-1,3
803,T24,OTHER,52,3,35,-1,-1,-1,05T24@2,BUYER,0,-1,-1,-1,3
802,OTHER,T34,52,1,10,10,-1,-1,SELLER,00T34@0,0,52,-1,-1,0
801,T24,OTHER,52,1,35,10,-1,-1,05T24@2,BUYER,0,52,-1,-1,3
800,T34,OTHER,52,2,35,10,-1,-1,04T34@2,BUYER,0,52,-1,-1,3
799,OTHER,T24,52,3,10,10,-1,-1,SELLER,01T24@0,0,52,-1,-1,0
798,OTHER,T34,52,4,10,10,-1,-1,SELLER,00T34@0,0,52,-1,-1,0
789,OTHER,T24,52,1,10,10,-1,-1,SELLER,01T24@0,0,52,-1,-1,0
796,T24,OTHER,52,3,35,10,-1,-1,05T24@2,BUYER,0,52,-1,-1,3
795,OTHER,T34,52,1,10,10,-1,-1,SELLER,00T34@0,0,52,-1,-1,0
794,OTHER,T34,52,4,10,10,-1,-1,SELLER,00T34@0,0,52,-1,-1,0
793,T24,OTHER,52,2,35,10,-1,-1,05T24@2,BUYER,0,52,-1,-1,3
792,T34,OTHER,52,2,35,10,-1,-1,04T34@2,BUYER,0,52,-1,-1,3
791,OTHER,T24,52,4,10,10,-1,-1,SELLER,01T24@0,0,52,-1,-1,0
790,OTHER,T24,52,2,10,10,-1,-1,SELLER,01T24@0,0,52,-1,-1,0
797,T34,OTHER,52,3,35,10,-1,-1,04T34@2,BUYER,0,52,-1,-1,3
814,OTHER,T24,53,3,10,11,-1,-1,SELLER,01T24@0,0,53,-1,-1,0
819,T24,OTHER,53,4,35,-1,-1,-1,05T24@2,BUYER,0,-1,-1,-1,3
818,T24,OTHER,53,3,35,-1,-1,-1,05T24@2,BUYER,0,-1,-1,-1,3
817,T34,OTHER,53,3,35,-1,-1,-1,04T34@2,BUYER,0,-1,-1,-1,3
816,T34,OTHER,53,2,35,-1,-1,-1,04T34@2,BUYER,0,-1,-1,-1,3
815,OTHER,T34,53,3,10,11,-1,-1,SELLER,00T34@0,0,53,-1,-1,0
813,OTHER,T34,53,3,10,11,-1,-1,SELLER,00T34@0,0,53,-1,-1,0
812,OTHER,T24,53,1,10,11,-1,-1,SELLER,01T24@0,0,53,-1,-1,0
811,T34,OTHER,53,1,35,11,-1,-1,04T34@2,BUYER,0,53,-1,-1,3
810,T24,OTHER,53,2,35,11,-1,-1,05T24@2,BUYER,0,53,-1,-1,3
809,OTHER,T24,53,4,10,11,-1,-1,SELLER,01T24@0,0,53,-1,-1,0
808,OTHER,T34,53,4,10,11,-1,-1,SELLER,00T34@0,0,53,-1,-1,0
807,T24,OTHER,53,1,35,11,-1,-1,05T24@2,BUYER,0,53,-1,-1,3
806,T34,OTHER,53,4,35,11,-1,-1,04T34@2,BUYER,0,53,-1,-1,3
805,OTHER,T34,53,2,10,11,-1,-1,SELLER,00T34@0,0,53,-1,-1,0
834,T24,OTHER,54,3,35,-1,-1,-1,05T24@2,BUYER,0,-1,-1,-1,3
833,T34,OTHER,54,1,35,-1,-1,-1,04T34@2,BUYER,0,-1,-1,-1,3
832,T34,OTHER,54,1,35,-1,-1,-1,04T34@2,BUYER,0,-1,-1,-1,3
831,OTHER,T24,54,2,10,12,-1,-1,SELLER,01T24@0,0,54,-1,-1,0
830,T24,OTHER,54,1,35,12,-1,-1,05T24@2,BUYER,0,54,-1,-1,3
829,OTHER,T34,54,1,10,12,-1,-1,SELLER,00T34@0,0,54,-1,-1,0
828,OTHER,T24,54,3,10,12,-1,-1,SELLER,01T24@0,0,54,-1,-1,0
835,T24,OTHER,54,3,35,-1,-1,-1,05T24@2,BUYER,0,-1,-1,-1,3
826,T24,OTHER,54,2,35,12,-1,-1,05T24@2,BUYER,0,54,-1,-1,3
825,OTHER,T24,54,4,10,12,-1,-1,SELLER,01T24@0,0,54,-1,-1,0
824,OTHER,T34,54,1,10,12,-1,-1,SELLER,00T34@0,0,54,-1,-1,0
823,T24,OTHER,54,3,35,12,-1,-1,05T24@2,BUYER,0,54,-1,-1,3
822,OTHER,T24,54,2,10,12,-1,-1,SELLER,01T24@0,0,54,-1,-1,0
821,T34,OTHER,54,6,35,12,-1,-1,04T34@2,BUYER,0,54,-1,-1,3
820,OTHER,T34,54,1,10,12,-1,-1,SELLER,00T34@0,0,54,-1,-1,0
827,OTHER,T34,54,6,10,12,-1,-1,SELLER,00T34@0,0,54,-1,-1,0
850,T24,OTHER,55,4,35,-1,-1,-1,05T24@2,BUYER,0,-1,-1,-1,3
849,T34,OTHER,55,3,35,-1,-1,-1,04T34@2,BUYER,0,-1,-1,-1,3
848,T34,OTHER,55,2,35,-1,-1,-1,04T34@2,BUYER,0,-1,-1,-1,3
847,T34,OTHER,55,1,35,-1,-1,-1,04T34@2,BUYER,0,-1,-1,-1,3
846,OTHER,T24,55,3,10,13,-1,-1,SELLER,01T24@0,0,55,-1,-1,0
845,T24,OTHER,55,1,35,13,-1,-1,05T24@2,BUYER,0,55,-1,-1,3
844,OTHER,T34,55,1,10,13,-1,-1,SELLER,00T34@0,0,55,-1,-1,0
843,T24,OTHER,55,1,35,13,-1,-1,05T24@2,BUYER,0,55,-1,-1,3
841,OTHER,T34,55,2,10,13,-1,-1,SELLER,00T34@0,0,55,-1,-1,0
840,T24,OTHER,55,4,35,13,-1,-1,05T24@2,BUYER,0,55,-1,-1,3
839,OTHER,T34,55,4,10,13,-1,-1,SELLER,00T34@0,0,55,-1,-1,0
838,OTHER,T24,55,3,10,13,-1,-1,SELLER,01T24@0,0,55,-1,-1,0
837,OTHER,T34,55,5,10,13,-1,-1,SELLER,00T34@0,0,55,-1,-1,0
836,T34,OTHER,55,4,35,13,-1,-1,04T34@2,BUYER,0,55,-1,-1,3
842,OTHER,T24,55,2,10,13,-1,-1,SELLER,01T24@0,0,55,-1,-1,0
860,OTHER,T24,56,1,10,14,-1,-1,SELLER,01T24@0,0,56,-1,-1,0
864,T34,OTHER,56,2,35,-1,-1,-1,04T34@2,BUYER,0,-1,-1,-1,3
863,T34,OTHER,56,6,35,-1,-1,-1,04T34@2,BUYER,0,-1,-1,-1,3
862,T24,OTHER,56,5,35,-1,-1,-1,05T24@2,BUYER,0,-1,-1,-1,3
861,OTHER,T24,56,4,10,14,-1,-1,SELLER,01T24@0,0,56,-1,-1,0
859,OTHER,T34,56,3,10,14,-1,-1,SELLER,00T34@0,0,56,-1,-1,0
858,T24,OTHER,56,3,35,14,-1,-1,05T24@2,BUYER,0,56,-1,-1,3
857,T34,OTHER,56,2,35,14,-1,-1,04T34@2,BUYER,0,56,-1,-1,3
856,OTHER,T34,56,3,10,14,-1,-1,SELLER,00T34@0,0,56,-1,-1,0
855,OTHER,T24,56,1,10,14,-1,-1,SELLER,01T24@0,0,56,-1,-1,0
854,OTHER,T34,56,3,10,14,-1,-1,SELLER,00T34@0,0,56,-1,-1,0
853,OTHER,T34,56,3,10,14,-1,-1,SELLER,00T34@0,0,56,-1,-1,0
852,OTHER,T34,56,2,10,14,-1,-1,SELLER,00T34@0,0,56,-1,-1,0
851,T34,OTHER,56,2,35,14,-1,-1,04T34@2,BUYER,0,56,-1,-1,3
880,T34,OTHER,57,3,35,-1,-1,-1,04T34@2,BUYER,0,-1,-1,-1,3
879,T24,OTHER,57,3,35,-1,-1,-1,05T24@2,BUYER,0,-1,-1,-1,3
878,T34,OTHER,57,1,35,-1,-1,-1,04T34@2,BUYER,0,-1,-1,-1,3
877,OTHER,T34,57,1,10,15,-1,-1,SELLER,00T34@0,0,57,-1,-1,0
876,OTHER,T34,57,2,10,15,-1,-1,SELLER,00T34@0,0,57,-1,-1,0
875,T24,OTHER,57,4,35,15,-1,-1,05T24@2,BUYER,0,57,-1,-1,3
873,OTHER,T24,57,3,10,15,-1,-1,SELLER,01T24@0,0,57,-1,-1,0
874,OTHER,T34,57,4,10,15,-1,-1,SELLER,00T34@0,0,57,-1,-1,0
871,OTHER,T24,57,2,10,15,-1,-1,SELLER,01T24@0,0,57,-1,-1,0
870,OTHER,T24,57,3,10,15,-1,-1,SELLER,01T24@0,0,57,-1,-1,0
869,OTHER,T24,57,2,10,15,-1,-1,SELLER,01T24@0,0,57,-1,-1,0
868,T34,OTHER,57,3,35,15,-1,-1,04T34@2,BUYER,0,57,-1,-1,3
867,T24,OTHER,57,1,35,15,-1,-1,05T24@2,BUYER,0,57,-1,-1,3
866,T24,OTHER,57,2,35,15,-1,-1,05T24@2,BUYER,0,57,-1,-1,3
865,T34,OTHER,57,3,35,15,-1,-1,04T34@2,BUYER,0,57,-1,-1,3
872,OTHER,T24,57,3,10,15,-1,-1,SELLER,01T24@0,0,57,-1,-1,0
892,OTHER,T34,58,1,10,16,-1,-1,SELLER,00T34@0,0,58,-1,-1,0
898,T24,OTHER,58,1,35,-1,-1,-1,05T24@2,BUYER,0,-1,-1,-1,3
897,T34,OTHER,58,1,35,-1,-1,-1,04T34@2,BUYER,0,-1,-1,-1,3
896,T24,OTHER,58,4,35,-1,-1,-1,05T24@2,BUYER,0,-1,-1,-1,3
895,T24,OTHER,58,2,35,-1,-1,-1,05T24@2,BUYER,0,-1,-1,-1,3
894,T24,OTHER,58,2,35,-1,-1,-1,05T24@2,BUYER,0,-1,-1,-1,3
893,T24,OTHER,58,2,35,-1,-1,-1,05T24@2,BUYER,0,-1,-1,-1,3
891,T34,OTHER,58,3,35,16,-1,-1,04T34@2,BUYER,0,58,-1,-1,3
882,OTHER,T24,58,1,10,16,-1,-1,SELLER,01T24@0,0,58,-1,-1,0
889,T24,OTHER,58,3,35,16,-1,-1,05T24@2,BUYER,0,58,-1,-1,3
888,OTHER,T24,58,1,10,16,-1,-1,SELLER,01T24@0,0,58,-1,-1,0
887,OTHER,T24,58,5,10,16,-1,-1,SELLER,01T24@0,0,58,-1,-1,0
886,OTHER,T24,58,2,10,16,-1,-1,SELLER,01T24@0,0,58,-1,-1,0
885,OTHER,T24,58,3,10,16,-1,-1,SELLER,01T24@0,0,58,-1,-1,0
884,T34,OTHER,58,2,35,16,-1,-1,04T34@2,BUYER,0,58,-1,-1,3
883,OTHER,T34,58,2,10,16,-1,-1,SELLER,00T34@0,0,58,-1,-1,0
881,OTHER,T34,58,3,10,16,-1,-1,SELLER,00T34@0,0,58,-1,-1,0
890,OTHER,T24,58,2,10,16,-1,-1,SELLER,01T24@0,0,58,-1,-1,0
908,T34,OTHER,59,2,35,17,-1,-1,04T34@2,BUYER,0,59,-1,-1,3
912,T24,OTHER,59,6,35,-1,-1,-1,05T24@2,BUYER,0,-1,-1,-1,3
911,T34,OTHER,59,6,35,-1,-1,-1,04T34@2,BUYER,0,-1,-1,-1,3
910,OTHER,T34,59,1,10,17,-1,-1,SELLER,00T34@0,0,59,-1,-1,0
909,OTHER,T24,59,3,10,17,-1,-1,SELLER,01T24@0,0,59,-1,-1,0
907,T24,OTHER,59,1,35,17,-1,-1,05T24@2,BUYER,0,59,-1,-1,3
904,T34,OTHER,59,2,35,17,-1,-1,04T34@2,BUYER,0,59,-1,-1,3
905,OTHER,T34,59,7,10,17,-1,-1,SELLER,00T34@0,0,59,-1,-1,0
899,OTHER,T24,59,1,10,17,-1,-1,SELLER,01T24@0,0,59,-1,-1,0
903,OTHER,T24,59,2,10,17,-1,-1,SELLER,01T24@0,0,59,-1,-1,0
902,T34,OTHER,59,2,35,17,-1,-1,04T34@2,BUYER,0,59,-1,-1,3
901,OTHER,T34,59,2,10,17,-1,-1,SELLER,00T34@0,0,59,-1,-1,0
900,OTHER,T24,59,4,10,17,-1,-1,SELLER,01T24@0,0,59,-1,-1,0
906,T24,OTHER,59,1,35,17,-1,-1,05T24@2,BUYER,0,59,-1,-1,3
927,T34,OTHER,60,5,35,-1,-1,-1,04T34@2,BUYER,0,-1,-1,-1,3
926,OTHER,T24,60,2,10,18,-1,-1,SELLER,01T24@0,0,60,-1,-1,0
925,OTHER,T24,60,2,10,18,-1,-1,SELLER,01T24@0,0,60,-1,-1,0
924,T24,OTHER,60,1,35,18,-1,-1,05T24@2,BUYER,0,60,-1,-1,3
923,T34,OTHER,60,1,35,18,-1,-1,04T34@2,BUYER,0,60,-1,-1,3
922,OTHER,T34,60,1,10,18,-1,-1,SELLER,00T34@0,0,60,-1,-1,0
921,OTHER,T24,60,3,10,18,-1,-1,SELLER,01T24@0,0,60,-1,-1,0
928,T24,OTHER,60,4,35,-1,-1,-1,05T24@2,BUYER,0,-1,-1,-1,3
919,OTHER,T34,60,2,10,18,-1,-1,SELLER,00T34@0,0,60,-1,-1,0
918,T24,OTHER,60,3,35,18,-1,-1,05T24@2,BUYER,0,60,-1,-1,3
917,OTHER,T24,60,4,10,18,-1,-1,SELLER,01T24@0,0,60,-1,-1,0
916,OTHER,T24,60,2,10,18,-1,-1,SELLER,01T24@0,0,60,-1,-1,0
915,T24,OTHER,60,4,35,18,-1,-1,05T24@2,BUYER,0,60,-1,-1,3
914,T24,OTHER,60,1,35,18,-1,-1,05T24@2,BUYER,0,60,-1,-1,3
913,T34,OTHER,60,1,35,18,-1,-1,04T34@2,BUYER,0,60,-1,-1,3
920,OTHER,T34,60,4,10,18,-1,-1,SELLER,00T34@0,0,60,-1,-1,0
943,T24,OTHER,61,3,35,-1,-1,-1,05T24@2,BUYER,0,-1,-1,-1,3
942,T34,OTHER,61,2,35,-1,-1,-1,04T34@2,BUYER,0,-1,-1,-1,3
941,T24,OTHER,61,1,35,-1,-1,-1,05T24@2,BUYER,0,-1,-1,-1,3
940,OTHER,T24,61,3,10,19,-1,-1,SELLER,01T24@0,0,61,-1,-1,0
939,OTHER,T34,61,3,10,19,-1,-1,SELLER,00T34@0,0,61,-1,-1,0
938,OTHER,T34,61,4,10,19,-1,-1,SELLER,00T34@0,0,61,-1,-1,0
937,T34,OTHER,61,4,35,19,-1,-1,04T34@2,BUYER,0,61,-1,-1,3
936,T34,OTHER,61,3,35,19,-1,-1,04T34@2,BUYER,0,61,-1,-1,3
934,OTHER,T24,61,2,10,19,-1,-1,SELLER,01T24@0,0,61,-1,-1,0
933,OTHER,T34,61,2,10,19,-1,-1,SELLER,00T34@0,0,61,-1,-1,0
932,T24,OTHER,61,3,35,19,-1,-1,05T24@2,BUYER,0,61,-1,-1,3
931,OTHER,T34,61,4,10,19,-1,-1,SELLER,00T34@0,0,61,-1,-1,0
930,OTHER,T24,61,2,10,19,-1,-1,SELLER,01T24@0,0,61,-1,-1,0
929,T24,OTHER,61,3,35,19,-1,-1,05T24@2,BUYER,0,61,-1,-1,3
935,T34,OTHER,61,1,35,19,-1,-1,04T34@2,BUYER,0,61,-1,-1,3
954,OTHER,T24,62,2,10,20,-1,-1,SELLER,01T24@0,0,62,-1,-1,0
958,T34,OTHER,62,4,35,-1,-1,-1,04T34@2,BUYER,0,-1,-1,-1,3
957,T24,OTHER,62,2,35,-1,-1,-1,05T24@2,BUYER,0,-1,-1,-1,3
956,T34,OTHER,62,4,35,-1,-1,-1,04T34@2,BUYER,0,-1,-1,-1,3
955,T34,OTHER,62,3,35,-1,-1,-1,04T34@2,BUYER,0,-1,-1,-1,3
953,T24,OTHER,62,3,35,20,-1,-1,05T24@2,BUYER,0,62,-1,-1,3
952,OTHER,T24,62,3,10,20,-1,-1,SELLER,01T24@0,0,62,-1,-1,0
944,OTHER,T34,62,3,10,20,-1,-1,SELLER,00T34@0,0,62,-1,-1,0
950,T34,OTHER,62,4,35,20,-1,-1,04T34@2,BUYER,0,62,-1,-1,3
949,OTHER,T24,62,1,10,20,-1,-1,SELLER,01T24@0,0,62,-1,-1,0
948,OTHER,T34,62,2,10,20,-1,-1,SELLER,00T34@0,0,62,-1,-1,0
947,OTHER,T34,62,1,10,20,-1,-1,SELLER,00T34@0,0,62,-1,-1,0
946,OTHER,T24,62,4,10,20,-1,-1,SELLER,01T24@0,0,62,-1,-1,0
945,OTHER,T24,62,2,10,20,-1,-1,SELLER,01T24@0,0,62,-1,-1,0
951,OTHER,T24,62,2,10,20,-1,-1,SELLER,01T24@0,0,62,-1,-1,0
974,T24,OTHER,63,2,35,-1,-1,-1,05T24@2,BUYER,0,-1,-1,-1,3
973,T34,OTHER,63,4,35,-1,-1,-1,04T34@2,BUYER,0,-1,-1,-1,3
972,T24,OTHER,63,2,35,-1,-1,-1,05T24@2,BUYER,0,-1,-1,-1,3
971,T24,OTHER,63,2,35,-1,-1,-1,05T24@2,BUYER,0,-1,-1,-1,3
970,OTHER,T24,63,3,10,21,-1,-1,SELLER,01T24@0,0,63,-1,-1,0
969,T34,OTHER,63,1,35,21,-1,-1,04T34@2,BUYER,0,63,-1,-1,3
968,OTHER,T24,63,3,10,21,-1,-1,SELLER,01T24@0,0,63,-1,-1,0
967,OTHER,T34,63,2,10,21,-1,-1,SELLER,00T34@0,0,63,-1,-1,0
966,OTHER,T24,63,5,10,21,-1,-1,SELLER,01T24@0,0,63,-1,-1,0
965,OTHER,T24,63,1,10,21,-1,-1,SELLER,01T24@0,0,63,-1,-1,0
964,T34,OTHER,63,1,35,21,-1,-1,04T34@2,BUYER,0,63,-1,-1,3
963,OTHER,T34,63,4,10,21,-1,-1,SELLER,00T34@0,0,63,-1,-1,0
962,T34,OTHER,63,3,35,21,-1,-1,04T34@2,BUYER,0,63,-1,-1,3
961,OTHER,T34,63,2,10,21,-1,-1,SELLER,00T34@0,0,63,-1,-1,0
960,T24,OTHER,63,1,35,21,-1,-1,05T24@2,BUYER,0,63,-1,-1,3
959,T24,OTHER,63,4,35,21,-1,-1,05T24@2,BUYER,0,63,-1,-1,3
991,T34,OTHER,64,2,35,-1,-1,-1,04T34@2,BUYER,0,-1,-1,-1,3
990,T34,OTHER,64,2,35,-1,-1,-1,04T34@2,BUYER,0,-1,-1,-1,3
989,T34,OTHER,64,3,35,-1,-1,-1,04T34@2,BUYER,0,-1,-1,-1,3
988,T24,OTHER,64,4,35,-1,-1,-1,05T24@2,BUYER,0,-1,-1,-1,3
987,T34,OTHER,64,2,35,-1,-1,-1,04T34@2,BUYER,0,-1,-1,-1,3
986,OTHER,T34,64,2,10,22,-1,-1,SELLER,00T34@0,0,64,-1,-1,0
985,OTHER,T24,64,2,10,22,-1,-1,SELLER,01T24@0,0,64,-1,-1,0
984,OTHER,T24,64,2,10,22,-1,-1,SELLER,01T24@0,0,64,-1,-1,0
976,T34,OTHER,64,1,35,22,-1,-1,04T34@2,BUYER,0,64,-1,-1,3
982,OTHER,T34,64,3,10,22,-1,-1,SELLER,00T34@0,0,64,-1,-1,0
981,T24,OTHER,64,1,35,22,-1,-1,05T24@2,BUYER,0,64,-1,-1,3
980,OTHER,T34,64,2,10,22,-1,-1,SELLER,00T34@0,0,64,-1,-1,0
979,OTHER,T24,64,3,10,22,-1,-1,SELLER,01T24@0,0,64,-1,-1,0
978,OTHER,T34,64,3,10,22,-1,-1,SELLER,00T34@0,0,64,-1,-1,0
977,T24,OTHER,64,1,35,22,-1,-1,05T24@2,BUYER,0,64,-1,-1,3
975,T34,OTHER,64,4,35,22,-1,-1,04T34@2,BUYER,0,64,-1,-1,3
983,OTHER,T24,64,3,10,22,-1,-1,SELLER,01T24@0,0,64,-1,-1,0
1008,T34,OTHER,65,1,35,-1,-1,-1,04T34@2,BUYER,0,-1,-1,-1,3
1007,T34,OTHER,65,5,35,-1,-1,-1,04T34@2,BUYER,0,-1,-1,-1,3
1006,OTHER,T24,65,3,10,23,-1,-1,SELLER,01T24@0,0,65,-1,-1,0
1005,T24,OTHER,65,2,35,23,-1,-1,05T24@2,BUYER,0,65,-1,-1,3
1004,T24,OTHER,65,3,35,23,-1,-1,05T24@2,BUYER,0,65,-1,-1,3
1003,OTHER,T24,65,3,10,23,-1,-1,SELLER,01T24@0,0,65,-1,-1,0
1002,OTHER,T24,65,1,10,23,-1,-1,SELLER,01T24@0,0,65,-1,-1,0
1001,T24,OTHER,65,2,35,23,-1,-1,05T24@2,BUYER,0,65,-1,-1,3
999,OTHER,T34,65,3,10,23,-1,-1,SELLER,00T34@0,0,65,-1,-1,0
998,T34,OTHER,65,1,35,23,-1,-1,04T34@2,BUYER,0,65,-1,-1,3
997,OTHER,T24,65,3,10,23,-1,-1,SELLER,01T24@0,0,65,-1,-1,0
996,T24,OTHER,65,2,35,23,-1,-1,05T24@2,BUYER,0,65,-1,-1,3
995,OTHER,T34,65,2,10,23,-1,-1,SELLER,00T34@0,0,65,-1,-1,0
994,OTHER,T34,65,2,10,23,-1,-1,SELLER,00T34@0,0,65,-1,-1,0
993,T34,OTHER,65,4,35,23,-1,-1,04T34@2,BUYER,0,65,-1,-1,3
992,OTHER,T24,65,1,10,23,-1,-1,SELLER,01T24@0,0,65,-1,-1,0
1000,OTHER,T34,65,2,10,23,-1,-1,SELLER,00T34@0,0,65,-1,-1,0
1022,T34,OTHER,66,6,35,-1,-1,-1,04T34@2,BUYER,0,-1,-1,-1,3
1021,T34,OTHER,66,2,35,-1,-1,-1,04T34@2,BUYER,0,-1,-1,-1,3
1020,T24,OTHER,66,5,35,-1,-1,-1,05T24@2,BUYER,0,-1,-1,-1,3
1019,OTHER,T24,66,4,10,24,-1,-1,SELLER,01T24@0,0,66,-1,-1,0
1018,OTHER,T34,66,2,10,24,-1,-1,SELLER,00T34@0,0,66,-1,-1,0
1017,OTHER,T24,66,1,10,24,-1,-1,SELLER,01T24@0,0,66,-1,-1,0
1016,OTHER,T34,66,2,10,24,-1,-1,SELLER,00T34@0,0,66,-1,-1,0
1015,OTHER,T24,66,4,10,24,-1,-1,SELLER,01T24@0,0,66,-1,-1,0
1014,OTHER,T34,66,4,10,24,-1,-1,SELLER,00T34@0,0,66,-1,-1,0
1013,T24,OTHER,66,2,35,24,-1,-1,05T24@2,BUYER,0,66,-1,-1,3
1012,OTHER,T34,66,1,10,24,-1,-1,SELLER,00T34@0,0,66,-1,-1,0
1011,OTHER,T34,66,2,10,24,-1,-1,SELLER,00T34@0,0,66,-1,-1,0
1010,T34,OTHER,66,3,35,24,-1,-1,04T34@2,BUYER,0,66,-1,-1,3
1009,T34,OTHER,66,2,35,24,-1,-1,04T34@2,BUYER,0,66,-1,-1,3
1038,T24,OTHER,67,2,35,-1,-1,-1,05T24@2,BUYER,0,-1,-1,-1,3
1037,T34,OTHER,67,4,35,-1,-1,-1,04T34@2,BUYER,0,-1,-1,-1,3
1036,T34,OTHER,67,2,35,-1,-1,-1,04T34@2,BUYER,0,-1,-1,-1,3
1035,T24,OTHER,67,5,35,25,-1,-1,05T24@2,BUYER,0,67,-1,-1,3
1034,OTHER,T24,67,3,10,25,-1,-1,SELLER,01T24@0,0,67,-1,-1,0
1033,OTHER,T24,67,3,10,25,-1,-1,SELLER,01T24@0,0,67,-1,-1,0
1032,T34,OTHER,67,2,35,25,-1,-1,04T34@2,BUYER,0,67,-1,-1,3
1024,OTHER,T24,67,3,10,25,-1,-1,SELLER,01T24@0,0,67,-1,-1,0
1030,OTHER,T34,67,1,10,25,-1,-1,SELLER,00T34@0,0,67,-1,-1,0
1029,T24,OTHER,67,1,35,25,-1,-1,05T24@2,BUYER,0,67,-1,-1,3
1028,T34,OTHER,67,3,35,25,-1,-1,04T34@2,BUYER,0,67,-1,-1,3
1027,OTHER,T24,67,3,10,25,-1,-1,SELLER,01T24@0,0,67,-1,-1,0
1026,OTHER,T24,67,1,10,25,-1,-1,SELLER,01T24@0,0,67,-1,-1,0
1025,T34,OTHER,67,1,35,25,-1,-1,04T34@2,BUYER,0,67,-1,-1,3
1023,OTHER,T34,67,3,10,25,-1,-1,SELLER,00T34@0,0,67,-1,-1,0
1031,OTHER,T34,67,3,10,25,-1,-1,SELLER,00T34@0,0,67,-1,-1,0
1053,T24,OTHER,68,3,35,-1,-1,-1,05T24@2,BUYER,0,-1,-1,-1,3
1052,T34,OTHER,68,4,35,-1,-1,-1,04T34@2,BUYER,0,-1,-1,-1,3
1051,T24,OTHER,68,2,35,-1,-1,-1,05T24@2,BUYER,0,-1,-1,-1,3
1050,T24,OTHER,68,3,35,-1,-1,-1,05T24@2,BUYER,0,-1,-1,-1,3
1049,OTHER,T24,68,2,10,26,-1,-1,SELLER,01T24@0,0,68,-1,-1,0
1048,OTHER,T34,68,3,10,26,-1,-1,SELLER,00T34@0,0,68,-1,-1,0
1047,OTHER,T34,68,2,10,26,-1,-1,SELLER,00T34@0,0,68,-1,-1,0
1045,OTHER,T24,68,3,10,26,-1,-1,SELLER,01T24@0,0,68,-1,-1,0
1044,OTHER,T24,68,2,10,26,-1,-1,SELLER,01T24@0,0,68,-1,-1,0
1046,OTHER,T24,68,6,10,26,-1,-1,SELLER,01T24@0,0,68,-1,-1,0
1039,T24,OTHER,68,3,35,26,-1,-1,05T24@2,BUYER,0,68,-1,-1,3
1040,T24,OTHER,68,3,35,26,-1,-1,05T24@2,BUYER,0,68,-1,-1,3
1043,T24,OTHER,68,1,35,26,-1,-1,05T24@2,BUYER,0,68,-1,-1,3
1042,T34,OTHER,68,1,35,26,-1,-1,04T34@2,BUYER,0,68,-1,-1,3
1041,OTHER,T34,68,2,10,26,-1,-1,SELLER,00T34@0,0,68,-1,-1,0
1055,T34,OTHER,69,3,35,27,-1,-1,04T34@2,BUYER,0,69,-1,-1,3
1054,T34,OTHER,69,4,35,27,-1,-1,04T34@2,BUYER,0,69,-1,-1,3
1067,T24,OTHER,69,5,35,-1,-1,-1,05T24@2,BUYER,0,-1,-1,-1,3
1066,T34,OTHER,69,2,35,-1,-1,-1,04T34@2,BUYER,0,-1,-1,-1,3
1064,OTHER,T34,69,3,10,27,-1,-1,SELLER,00T34@0,0,69,-1,-1,0
1063,OTHER,T34,69,2,10,27,-1,-1,SELLER,00T34@0,0,69,-1,-1,0
1062,OTHER,T34,69,3,10,27,-1,-1,SELLER,00T34@0,0,69,-1,-1,0
1065,T24,OTHER,69,1,35,-1,-1,-1,05T24@2,BUYER,0,-1,-1,-1,3
1060,T24,OTHER,69,3,35,27,-1,-1,05T24@2,BUYER,0,69,-1,-1,3
1059,OTHER,T34,69,2,10,27,-1,-1,SELLER,00T34@0,0,69,-1,-1,0
1058,OTHER,T24,69,8,10,27,-1,-1,SELLER,01T24@0,0,69,-1,-1,0
1057,T24,OTHER,69,1,35,27,-1,-1,05T24@2,BUYER,0,69,-1,-1,3
1056,OTHER,T24,69,2,10,27,-1,-1,SELLER,01T24@0,0,69,-1,-1,0
1061,T34,OTHER,69,1,35,27,-1,-1,04T34@2,BUYER,0,69,-1,-1,3
1078,OTHER,T24,70,2,10,28,-1,-1,SELLER,01T24@0,0,70,-1,-1,0
1084,T24,OTHER,70,2,35,-1,-1,-1,05T24@2,BUYER,0,-1,-1,-1,3
1083,T24,OTHER,70,1,35,-1,-1,-1,05T24@2,BUYER,0,-1,-1,-1,3
1082,T34,OTHER,70,3,35,-1,-1,-1,04T34@2,BUYER,0,-1,-1,-1,3
1081,T34,OTHER,70,1,35,-1,-1,-1,04T34@2,BUYER,0,-1,-1,-1,3
1080,OTHER,T34,70,2,10,28,-1,-1,SELLER,00T34@0,0,70,-1,-1,0
1079,OTHER,T34,70,1,10,28,-1,-1,SELLER,00T34@0,0,70,-1,-1,0
1077,OTHER,T34,70,3,10,28,-1,-1,SELLER,00T34@0,0,70,-1,-1,0
1073,OTHER,T24,70,3,10,28,-1,-1,SELLER,01T24@0,0,70,-1,-1,0
1075,OTHER,T24,70,2,10,28,-1,-1,SELLER,01T24@0,0,70,-1,-1,0
1074,OTHER,T34,70,3,10,28,-1,-1,SELLER,00T34@0,0,70,-1,-1,0
1071,T24,OTHER,70,5,35,28,-1,-1,05T24@2,BUYER,0,70,-1,-1,3
1070,T34,OTHER,70,2,35,28,-1,-1,04T34@2,BUYER,0,70,-1,-1,3
1069,OTHER,T24,70,2,10,28,-1,-1,SELLER,01T24@0,0,70,-1,-1,0
1068,OTHER,T24,70,2,10,28,-1,-1,SELLER,01T24@0,0,70,-1,-1,0
1076,T24,OTHER,70,2,35,28,-1,-1,05T24@2,BUYER,0,70,-1,-1,3
1072,T34,OTHER,70,4,35,28,-1,-1,04T34@2,BUYER,0,70,-1,-1,3
1094,T24,OTHER,71,1,35,29,-1,-1,05T24@2,BUYER,0,71,-1,-1,3
1099,T24,OTHER,71,2,35,-1,-1,-1,05T24@2,BUYER,0,-1,-1,-1,3
1098,T24,OTHER,71,6,35,-1,-1,-1,05T24@2,BUYER,0,-1,-1,-1,3
1097,T34,OTHER,71,4,35,-1,-1,-1,04T34@2,BUYER,0,-1,-1,-1,3
1096,OTHER,T34,71,2,10,29,-1,-1,SELLER,00T34@0,0,71,-1,-1,0
1095,T24,OTHER,71,1,35,29,-1,-1,05T24@2,BUYER,0,71,-1,-1,3
1093,OTHER,T34,71,3,10,29,-1,-1,SELLER,00T34@0,0,71,-1,-1,0
1091,OTHER,T34,71,2,10,29,-1,-1,SELLER,00T34@0,0,71,-1,-1,0
1090,T24,OTHER,71,2,35,29,-1,-1,05T24@2,BUYER,0,71,-1,-1,3
1089,OTHER,T24,71,2,10,29,-1,-1,SELLER,01T24@0,0,71,-1,-1,0
1088,OTHER,T34,71,4,10,29,-1,-1,SELLER,00T34@0,0,71,-1,-1,0
1087,OTHER,T24,71,1,10,29,-1,-1,SELLER,01T24@0,0,71,-1,-1,0
1086,T34,OTHER,71,4,35,29,-1,-1,04T34@2,BUYER,0,71,-1,-1,3
1085,OTHER,T34,71,3,10,29,-1,-1,SELLER,00T34@0,0,71,-1,-1,0
1092,OTHER,T24,71,3,10,29,-1,-1,SELLER,01T24@0,0,71,-1,-1,0
1115,T34,OTHER,72,4,35,-1,-1,-1,04T34@2,BUYER,0,-1,-1,-1,3
1114,T24,OTHER,72,3,35,-1,-1,-1,05T24@2,BUYER,0,-1,-1,-1,3
1112,OTHER,T24,72,1,10,30,-1,-1,SELLER,01T24@0,0,72,-1,-1,0
1111,T24,OTHER,72,1,35,30,-1,-1,05T24@2,BUYER,0,72,-1,-1,3
1110,T24,OTHER,72,3,35,30,-1,-1,05T24@2,BUYER,0,72,-1,-1,3
1109,OTHER,T24,72,1,10,30,-1,-1,SELLER,01T24@0,0,72,-1,-1,0
1108,T34,OTHER,72,1,35,30,-1,-1,04T34@2,BUYER,0,72,-1,-1,3
1113,T34,OTHER,72,4,35,-1,-1,-1,04T34@2,BUYER,0,-1,-1,-1,3
1106,T34,OTHER,72,2,35,30,-1,-1,04T34@2,BUYER,0,72,-1,-1,3
1105,OTHER,T24,72,2,10,30,-1,-1,SELLER,01T24@0,0,72,-1,-1,0
1104,T34,OTHER,72,2,35,30,-1,-1,04T34@2,BUYER,0,72,-1,-1,3
1103,OTHER,T24,72,4,10,30,-1,-1,SELLER,01T24@0,0,72,-1,-1,0
1102,OTHER,T24,72,5,10,30,-1,-1,SELLER,01T24@0,0,72,-1,-1,0
1101,OTHER,T34,72,3,10,30,-1,-1,SELLER,00T34@0,0,72,-1,-1,0
1100,OTHER,T34,72,1,10,30,-1,-1,SELLER,00T34@0,0,72,-1,-1,0
1107,OTHER,T34,72,3,10,30,-1,-1,SELLER,00T34@0,0,72,-1,-1,0
1131,T34,OTHER,73,2,35,-1,-1,-1,04T34@2,BUYER,0,-1,-1,-1,3
1130,T34,OTHER,73,3,35,-1,-1,-1,04T34@2,BUYER,0,-1,-1,-1,3
1129,T34,OTHER,73,4,35,-1,-1,-1,04T34@2,BUYER,0,-1,-1,-1,3
1128,T24,OTHER,73,1,35,31,-1,-1,05T24@2,BUYER,0,73,-1,-1,3
1127,OTHER,T34,73,3,10,31,-1,-1,SELLER,00T34@0,0,73,-1,-1,0
1126,OTHER,T24,73,3,10,31,-1,-1,SELLER,01T24@0,0,73,-1,-1,0
1125,T24,OTHER,73,5,35,31,-1,-1,05T24@2,BUYER,0,73,-1,-1,3
1121,OTHER,T24,73,3,10,31,-1,-1,SELLER,01T24@0,0,73,-1,-1,0
1123,OTHER,T24,73,1,10,31,-1,-1,SELLER,01T24@0,0,73,-1,-1,0
1122,OTHER,T24,73,3,10,31,-1,-1,SELLER,01T24@0,0,73,-1,-1,0
1120,OTHER,T34,73,3,10,31,-1,-1,SELLER,00T34@0,0,73,-1,-1,0
1119,T34,OTHER,73,2,35,31,-1,-1,04T34@2,BUYER,0,73,-1,-1,3
1118,OTHER,T34,73,3,10,31,-1,-1,SELLER,00T34@0,0,73,-1,-1,0
1117,T34,OTHER,73,2,35,31,-1,-1,04T34@2,BUYER,0,73,-1,-1,3
1116,T24,OTHER,73,1,35,31,-1,-1,05T24@2,BUYER,0,73,-1,-1,3
1124,OTHER,T24,73,1,10,31,-1,-1,SELLER,01T24@0,0,73,-1,-1,0
1142,OTHER,T24,74,3,10,32,-1,-1,SELLER,01T24@0,0,74,-1,-1,0
1143,OTHER,T34,74,1,10,32,-1,-1,SELLER,00T34@0,0,74,-1,-1,0
1141,OTHER,T34,74,3,10,32,-1,-1,SELLER,00T34@0,0,74,-1,-1,0
1146,T24,OTHER,74,3,35,-1,-1,-1,05T24@2,BUYER,0,-1,-1,-1,3
1145,T24,OTHER,74,4,35,-1,-1,-1,05T24@2,BUYER,0,-1,-1,-1,3
1140,T34,OTHER,74,2,35,32,-1,-1,04T34@2,BUYER,0,74,-1,-1,3
1144,T34,OTHER,74,3,35,-1,-1,-1,04T34@2,BUYER,0,-1,-1,-1,3
1138,T24,OTHER,74,2,35,32,-1,-1,05T24@2,BUYER,0,74,-1,-1,3
1137,OTHER,T24,74,3,10,32,-1,-1,SELLER,01T24@0,0,74,-1,-1,0
1136,T34,OTHER,74,3,35,32,-1,-1,04T34@2,BUYER,0,74,-1,-1,3
1135,T34,OTHER,74,2,35,32,-1,-1,04T34@2,BUYER,0,74,-1,-1,3
1134,T24,OTHER,74,1,35,32,-1,-1,05T24@2,BUYER,0,74,-1,-1,3
1133,OTHER,T24,74,4,10,32,-1,-1,SELLER,01T24@0,0,74,-1,-1,0
1132,OTHER,T34,74,3,10,32,-1,-1,SELLER,00T34@0,0,74,-1,-1,0
1139,OTHER,T34,74,3,10,32,-1,-1,SELLER,00T34@0,0,74,-1,-1,0
1162,T24,OTHER,75,4,35,-1,-1,-1,05T24@2,BUYER,0,-1,-1,-1,3
1160,OTHER,T34,75,4,10,33,-1,-1,SELLER,00T34@0,0,75,-1,-1,0
1159,OTHER,T34,75,4,10,33,-1,-1,SELLER,00T34@0,0,75,-1,-1,0
1158,T34,OTHER,75,1,35,33,-1,-1,04T34@2,BUYER,0,75,-1,-1,3
1157,OTHER,T34,75,1,10,33,-1,-1,SELLER,00T34@0,0,75,-1,-1,0
1156,T24,OTHER,75,2,35,33,-1,-1,05T24@2,BUYER,0,75,-1,-1,3
1155,OTHER,T24,75,1,10,33,-1,-1,SELLER,01T24@0,0,75,-1,-1,0
1161,T34,OTHER,75,4,35,-1,-1,-1,04T34@2,BUYER,0,-1,-1,-1,3
1153,OTHER,T34,75,2,10,33,-1,-1,SELLER,00T34@0,0,75,-1,-1,0
1152,T34,OTHER,75,2,35,33,-1,-1,04T34@2,BUYER,0,75,-1,-1,3
1151,OTHER,T24,75,5,10,33,-1,-1,SELLER,01T24@0,0,75,-1,-1,0
1150,OTHER,T34,75,1,10,33,-1,-1,SELLER,00T34@0,0,75,-1,-1,0
1149,T34,OTHER,75,2,35,33,-1,-1,04T34@2,BUYER,0,75,-1,-1,3
1148,OTHER,T24,75,2,10,33,-1,-1,SELLER,01T24@0,0,75,-1,-1,0
1147,T24,OTHER,75,4,35,33,-1,-1,05T24@2,BUYER,0,75,-1,-1,3
1154,T24,OTHER,75,1,35,33,-1,-1,05T24@2,BUYER,0,75,-1,-1,3
1176,T24,OTHER,76,5,35,-1,-1,-1,05T24@2,BUYER,0,-1,-1,-1,3
1175,T34,OTHER,76,3,35,-1,-1,-1,04T34@2,BUYER,0,-1,-1,-1,3
1174,T24,OTHER,76,2,35,-1,-1,-1,05T24@2,BUYER,0,-1,-1,-1,3
1173,T34,OTHER,76,3,35,-1,-1,-1,04T34@2,BUYER,0,-1,-1,-1,3
1172,T24,OTHER,76,1,35,-1,-1,-1,05T24@2,BUYER,0,-1,-1,-1,3
1171,T34,OTHER,76,3,35,-1,-1,-1,04T34@2,BUYER,0,-1,-1,-1,3
1169,OTHER,T24,76,2,10,34,-1,-1,SELLER,01T24@0,0,76,-1,-1,0
1168,OTHER,T24,76,5,10,34,-1,-1,SELLER,01T24@0,0,76,-1,-1,0
1167,OTHER,T34,76,1,10,34,-1,-1,SELLER,00T34@0,0,76,-1,-1,0
1166,OTHER,T34,76,4,10,34,-1,-1,SELLER,00T34@0,0,76,-1,-1,0
1165,OTHER,T34,76,4,10,34,-1,-1,SELLER,00T34@0,0,76,-1,-1,0
1164,T34,OTHER,76,3,35,34,-1,-1,04T34@2,BUYER,0,76,-1,-1,3
1170,OTHER,T34,76,4,10,34,-1,-1,SELLER,00T34@0,0,76,-1,-1,0
1187,T24,OTHER,77,2,35,35,-1,-1,05T24@2,BUYER,0,77,-1,-1,3
1192,T34,OTHER,77,4,35,-1,-1,-1,04T34@2,BUYER,0,-1,-1,-1,3
1191,T24,OTHER,77,4,35,-1,-1,-1,05T24@2,BUYER,0,-1,-1,-1,3
1190,OTHER,T34,77,1,10,35,-1,-1,SELLER,00T34@0,0,77,-1,-1,0
1189,OTHER,T34,77,1,10,35,-1,-1,SELLER,00T34@0,0,77,-1,-1,0
1188,OTHER,T24,77,2,10,35,-1,-1,SELLER,01T24@0,0,77,-1,-1,0
1185,OTHER,T34,77,5,10,35,-1,-1,SELLER,00T34@0,0,77,-1,-1,0
1186,T34,OTHER,77,3,35,35,-1,-1,04T34@2,BUYER,0,77,-1,-1,3
1183,T24,OTHER,77,2,35,35,-1,-1,05T24@2,BUYER,0,77,-1,-1,3
1184,OTHER,T24,77,3,10,35,-1,-1,SELLER,01T24@0,0,77,-1,-1,0
1182,T34,OTHER,77,3,35,35,-1,-1,04T34@2,BUYER,0,77,-1,-1,3
1181,T24,OTHER,77,2,35,35,-1,-1,05T24@2,BUYER,0,77,-1,-1,3
1180,OTHER,T24,77,1,10,35,-1,-1,SELLER,01T24@0,0,77,-1,-1,0
1179,OTHER,T24,77,1,10,35,-1,-1,SELLER,01T24@0,0,77,-1,-1,0
1178,OTHER,T34,77,2,10,35,-1,-1,SELLER,00T34@0,0,77,-1,-1,0
1177,OTHER,T24,77,4,10,35,-1,-1,SELLER,01T24@0,0,77,-1,-1,0
1207,T34,OTHER,78,5,35,-1,-1,-1,04T34@2,BUYER,0,-1,-1,-1,3
1206,T24,OTHER,78,4,35,-1,-1,-1,05T24@2,BUYER,0,-1,-1,-1,3
1205,T34,OTHER,78,2,35,36,-1,-1,04T34@2,BUYER,0,78,-1,-1,3
1204,OTHER,T34,78,1,10,36,-1,-1,SELLER,00T34@0,0,78,-1,-1,0
1203,OTHER,T24,78,1,10,36,-1,-1,SELLER,01T24@0,0,78,-1,-1,0
1202,OTHER,T34,78,4,10,36,-1,-1,SELLER,00T34@0,0,78,-1,-1,0
1201,OTHER,T34,78,3,10,36,-1,-1,SELLER,00T34@0,0,78,-1,-1,0
1200,T24,OTHER,78,3,35,36,-1,-1,05T24@2,BUYER,0,78,-1,-1,3
1199,OTHER,T34,78,4,10,36,-1,-1,SELLER,00T34@0,0,78,-1,-1,0
1198,OTHER,T34,78,2,10,36,-1,-1,SELLER,00T34@0,0,78,-1,-1,0
1197,T24,OTHER,78,3,35,36,-1,-1,05T24@2,BUYER,0,78,-1,-1,3
1196,OTHER,T24,78,4,10,36,-1,-1,SELLER,01T24@0,0,78,-1,-1,0
1195,T34,OTHER,78,1,35,36,-1,-1,04T34@2,BUYER,0,78,-1,-1,3
1194,OTHER,T24,78,1,10,36,-1,-1,SELLER,01T24@0,0,78,-1,-1,0
1193,T34,OTHER,78,2,35,36,-1,-1,04T34@2,BUYER,0,78,-1,-1,3
1224,T24,OTHER,79,5,35,-1,-1,-1,05T24@2,BUYER,0,-1,-1,-1,3
1223,T34,OTHER,79,3,35,-1,-1,-1,04T34@2,BUYER,0,-1,-1,-1,3
1222,T24,OTHER,79,3,35,37,-1,-1,05T24@2,BUYER,0,79,-1,-1,3
1221,T24,OTHER,79,1,35,37,-1,-1,05T24@2,BUYER,0,79,-1,-1,3
1220,OTHER,T24,79,2,10,37,-1,-1,SELLER,01T24@0,0,79,-1,-1,0
1219,OTHER,T34,79,1,10,37,-1,-1,SELLER,00T34@0,0,79,-1,-1,0
1218,T24,OTHER,79,2,35,37,-1,-1,05T24@2,BUYER,0,79,-1,-1,3
1217,T34,OTHER,79,1,35,37,-1,-1,04T34@2,BUYER,0,79,-1,-1,3
1208,OTHER,T24,79,3,10,37,-1,-1,SELLER,01T24@0,0,79,-1,-1,0
1215,T34,OTHER,79,1,35,37,-1,-1,04T34@2,BUYER,0,79,-1,-1,3
1214,OTHER,T34,79,2,10,37,-1,-1,SELLER,00T34@0,0,79,-1,-1,0
1213,OTHER,T34,79,4,10,37,-1,-1,SELLER,00T34@0,0,79,-1,-1,0
1212,OTHER,T24,79,1,10,37,-1,-1,SELLER,01T24@0,0,79,-1,-1,0
1211,T34,OTHER,79,4,35,37,-1,-1,04T34@2,BUYER,0,79,-1,-1,3
1210,OTHER,T34,79,1,10,37,-1,-1,SELLER,00T34@0,0,79,-1,-1,0
1209,OTHER,T24,79,3,10,37,-1,-1,SELLER,01T24@0,0,79,-1,-1,0
1216,OTHER,T34,79,3,10,37,-1,-1,SELLER,00T34@0,0,79,-1,-1,0
1234,T24,OTHER,80,3,35,38,-1,-1,05T24@2,BUYER,0,80,-1,-1,3
1240,T24,OTHER,80,4,35,-1,-1,-1,05T24@2,BUYER,0,-1,-1,-1,3
1239,T24,OTHER,80,2,35,-1,-1,-1,05T24@2,BUYER,0,-1,-1,-1,3
1238,T34,OTHER,80,5,35,-1,-1,-1,04T34@2,BUYER,0,-1,-1,-1,3
1237,T24,OTHER,80,1,35,38,-1,-1,05T24@2,BUYER,0,80,-1,-1,3
1236,OTHER,T34,80,3,10,38,-1,-1,SELLER,00T34@0,0,80,-1,-1,0
1235,OTHER,T34,80,2,10,38,-1,-1,SELLER,00T34@0,0,80,-1,-1,0
1233,OTHER,T24,80,2,10,38,-1,-1,SELLER,01T24@0,0,80,-1,-1,0
1232,OTHER,T34,80,4,10,38,-1,-1,SELLER,00T34@0,0,80,-1,-1,0
1231,T34,OTHER,80,2,35,38,-1,-1,04T34@2,BUYER,0,80,-1,-1,3
1230,OTHER,T34,80,1,10,38,-1,-1,SELLER,00T34@0,0,80,-1,-1,0
1229,OTHER,T24,80,2,10,38,-1,-1,SELLER,01T24@0,0,80,-1,-1,0
1228,T24,OTHER,80,2,35,38,-1,-1,05T24@2,BUYER,0,80,-1,-1,3
1227,OTHER,T24,80,5,10,38,-1,-1,SELLER,01T24@0,0,80,-1,-1,0
1226,OTHER,T24,80,1,10,38,-1,-1,SELLER,01T24@0,0,80,-1,-1,0
1225,T34,OTHER,80,1,35,38,-1,-1,04T34@2,BUYER,0,80,-1,-1,3
1255,T34,OTHER,81,2,35,-1,-1,-1,04T34@2,BUYER,0,-1,-1,-1,3
1254,T34,OTHER,81,5,35,-1,-1,-1,04T34@2,BUYER,0,-1,-1,-1,3
1253,T24,OTHER,81,2,35,-1,-1,-1,05T24@2,BUYER,0,-1,-1,-1,3
1252,OTHER,T24,81,1,10,39,-1,-1,SELLER,01T24@0,0,81,-1,-1,0
1251,OTHER,T24,81,3,10,39,-1,-1,SELLER,01T24@0,0,81,-1,-1,0
1250,OTHER,T34,81,5,10,39,-1,-1,SELLER,00T34@0,0,81,-1,-1,0
1249,OTHER,T34,81,1,10,39,-1,-1,SELLER,00T34@0,0,81,-1,-1,0
1248,T24,OTHER,81,1,35,39,-1,-1,05T24@2,BUYER,0,81,-1,-1,3
1247,OTHER,T24,81,3,10,39,-1,-1,SELLER,01T24@0,0,81,-1,-1,0
1246,T34,OTHER,81,3,35,39,-1,-1,04T34@2,BUYER,0,81,-1,-1,3
1245,T34,OTHER,81,2,35,39,-1,-1,04T34@2,BUYER,0,81,-1,-1,3
1244,OTHER,T34,81,3,10,39,-1,-1,SELLER,00T34@0,0,81,-1,-1,0
1243,OTHER,T34,81,3,10,39,-1,-1,SELLER,00T34@0,0,81,-1,-1,0
1242,OTHER,T34,81,1,10,39,-1,-1,SELLER,00T34@0,0,81,-1,-1,0
1241,T24,OTHER,81,5,35,39,-1,-1,05T24@2,BUYER,0,81,-1,-1,3
1272,T34,OTHER,82,1,35,-1,-1,-1,04T34@2,BUYER,0,-1,-1,-1,3
1271,T24,OTHER,82,4,35,-1,-1,-1,05T24@2,BUYER,0,-1,-1,-1,3
1270,T34,OTHER,82,5,35,-1,-1,-1,04T34@2,BUYER,0,-1,-1,-1,3
1269,OTHER,T24,82,3,10,40,-1,-1,SELLER,01T24@0,0,82,-1,-1,0
1268,T24,OTHER,82,1,35,40,-1,-1,05T24@2,BUYER,0,82,-1,-1,3
1267,OTHER,T24,82,3,10,40,-1,-1,SELLER,01T24@0,0,82,-1,-1,0
1266,OTHER,T34,82,3,10,40,-1,-1,SELLER,00T34@0,0,82,-1,-1,0
1265,OTHER,T24,82,1,10,40,-1,-1,SELLER,01T24@0,0,82,-1,-1,0
1256,T34,OTHER,82,3,35,40,-1,-1,04T34@2,BUYER,0,82,-1,-1,3
1263,OTHER,T24,82,1,10,40,-1,-1,SELLER,01T24@0,0,82,-1,-1,0
1262,T34,OTHER,82,2,35,40,-1,-1,04T34@2,BUYER,0,82,-1,-1,3
1261,OTHER,T24,82,4,10,40,-1,-1,SELLER,01T24@0,0,82,-1,-1,0
1260,T34,OTHER,82,1,35,40,-1,-1,04T34@2,BUYER,0,82,-1,-1,3
1259,OTHER,T34,82,2,10,40,-1,-1,SELLER,00T34@0,0,82,-1,-1,0
1258,T24,OTHER,82,3,35,40,-1,-1,05T24@2,BUYER,0,82,-1,-1,3
1257,OTHER,T24,82,2,10,40,-1,-1,SELLER,01T24@0,0,82,-1,-1,0
1264,OTHER,T34,82,1,10,40,-1,-1,SELLER,00T34@0,0,82,-1,-1,0
1282,OTHER,T34,83,1,10,41,-1,-1,SELLER,00T34@0,0,83,-1,-1,0
1287,T24,OTHER,83,1,35,-1,-1,-1,05T24@2,BUYER,0,-1,-1,-1,3
1286,T24,OTHER,83,3,35,-1,-1,-1,05T24@2,BUYER,0,-1,-1,-1,3
1285,T34,OTHER,83,3,35,-1,-1,-1,04T34@2,BUYER,0,-1,-1,-1,3
1284,T34,OTHER,83,2,35,-1,-1,-1,04T34@2,BUYER,0,-1,-1,-1,3
1283,OTHER,T34,83,1,10,41,-1,-1,SELLER,00T34@0,0,83,-1,-1,0
1281,OTHER,T34,83,6,10,41,-1,-1,SELLER,00T34@0,0,83,-1,-1,0
1279,OTHER,T24,83,3,10,41,-1,-1,SELLER,01T24@0,0,83,-1,-1,0
1278,OTHER,T24,83,3,10,41,-1,-1,SELLER,01T24@0,0,83,-1,-1,0
1277,T24,OTHER,83,2,35,41,-1,-1,05T24@2,BUYER,0,83,-1,-1,3
1276,OTHER,T24,83,3,10,41,-1,-1,SELLER,01T24@0,0,83,-1,-1,0
1275,T24,OTHER,83,4,35,41,-1,-1,05T24@2,BUYER,0,83,-1,-1,3
1274,OTHER,T34,83,2,10,41,-1,-1,SELLER,00T34@0,0,83,-1,-1,0
1273,T34,OTHER,83,5,35,41,-1,-1,04T34@2,BUYER,0,83,-1,-1,3
1280,OTHER,T24,83,1,10,41,-1,-1,SELLER,01T24@0,0,83,-1,-1,0
1302,T34,OTHER,84,3,35,-1,-1,-1,04T34@2,BUYER,0,-1,-1,-1,3
1303,T24,OTHER,84,5,35,-1,-1,-1,05T24@2,BUYER,0,-1,-1,-1,3
1301,T34,OTHER,84,4,35,-1,-1,-1,04T34@2,BUYER,0,-1,-1,-1,3
1299,OTHER,T34,84,3,10,42,-1,-1,SELLER,00T34@0,0,84,-1,-1,0
1298,T24,OTHER,84,1,35,42,-1,-1,05T24@2,BUYER,0,84,-1,-1,3
1297,OTHER,T24,84,3,10,42,-1,-1,SELLER,01T24@0,0,84,-1,-1,0
1296,OTHER,T34,84,2,10,42,-1,-1,SELLER,00T34@0,0,84,-1,-1,0
1300,T34,OTHER,84,1,35,42,-1,-1,04T34@2,BUYER,0,84,-1,-1,3
1294,T24,OTHER,84,1,35,42,-1,-1,05T24@2,BUYER,0,84,-1,-1,3
1293,OTHER,T24,84,2,10,42,-1,-1,SELLER,01T24@0,0,84,-1,-1,0
1292,OTHER,T24,84,4,10,42,-1,-1,SELLER,01T24@0,0,84,-1,-1,0
1291,OTHER,T24,84,1,10,42,-1,-1,SELLER,01T24@0,0,84,-1,-1,0
1290,OTHER,T24,84,2,10,42,-1,-1,SELLER,01T24@0,0,84,-1,-1,0
1289,OTHER,T34,84,3,10,42,-1,-1,SELLER,00T34@0,0,84,-1,-1,0
1288,T34,OTHER,84,3,35,42,-1,-1,04T34@2,BUYER,0,84,-1,-1,3
1295,T24,OTHER,84,2,35,42,-1,-1,05T24@2,BUYER,0,84,-1,-1,3
1317,T34,OTHER,85,5,35,-1,-1,-1,04T34@2,BUYER,0,-1,-1,-1,3
1316,T24,OTHER,85,2,35,-1,-1,-1,05T24@2,BUYER,0,-1,-1,-1,3
1315,T24,OTHER,85,3,35,-1,-1,-1,05T24@2,BUYER,0,-1,-1,-1,3
1314,T24,OTHER,85,2,35,43,-1,-1,05T24@2,BUYER,0,85,-1,-1,3
1313,T34,OTHER,85,2,35,43,-1,-1,04T34@2,BUYER,0,85,-1,-1,3
1312,OTHER,T24,85,1,10,43,-1,-1,SELLER,01T24@0,0,85,-1,-1,0
1311,OTHER,T34,85,7,10,43,-1,-1,SELLER,00T34@0,0,85,-1,-1,0
1307,OTHER,T34,85,1,10,43,-1,-1,SELLER,00T34@0,0,85,-1,-1,0
1309,OTHER,T24,85,4,10,43,-1,-1,SELLER,01T24@0,0,85,-1,-1,0
1308,OTHER,T34,85,2,10,43,-1,-1,SELLER,00T34@0,0,85,-1,-1,0
1306,OTHER,T34,85,2,10,43,-1,-1,SELLER,00T34@0,0,85,-1,-1,0
1305,OTHER,T34,85,3,10,43,-1,-1,SELLER,00T34@0,0,85,-1,-1,0
1304,T24,OTHER,85,3,35,43,-1,-1,05T24@2,BUYER,0,85,-1,-1,3
1310,T34,OTHER,85,3,35,43,-1,-1,04T34@2,BUYER,0,85,-1,-1,3
1328,OTHER,T24,86,2,10,44,-1,-1,SELLER,01T24@0,0,86,-1,-1,0
1329,OTHER,T34,86,2,10,44,-1,-1,SELLER,00T34@0,0,86,-1,-1,0
1327,OTHER,T24,86,3,10,44,-1,-1,SELLER,01T24@0,0,86,-1,-1,0
1331,T24,OTHER,86,2,35,-1,-1,-1,05T24@2,BUYER,0,-1,-1,-1,3
1332,T34,OTHER,86,3,35,-1,-1,-1,04T34@2,BUYER,0,-1,-1,-1,3
1333,T24,OTHER,86,3,35,-1,-1,-1,05T24@2,BUYER,0,-1,-1,-1,3
1326,T34,OTHER,86,1,35,44,-1,-1,04T34@2,BUYER,0,86,-1,-1,3
1330,T24,OTHER,86,1,35,-1,-1,-1,05T24@2,BUYER,0,-1,-1,-1,3
1324,OTHER,T24,86,2,10,44,-1,-1,SELLER,01T24@0,0,86,-1,-1,0
1323,OTHER,T34,86,4,10,44,-1,-1,SELLER,00T34@0,0,86,-1,-1,0
1322,OTHER,T34,86,2,10,44,-1,-1,SELLER,00T34@0,0,86,-1,-1,0
1321,OTHER,T34,86,4,10,44,-1,-1,SELLER,00T34@0,0,86,-1,-1,0
1320,T24,OTHER,86,3,35,44,-1,-1,05T24@2,BUYER,0,86,-1,-1,3
1319,T24,OTHER,86,3,35,44,-1,-1,05T24@2,BUYER,0,86,-1,-1,3
1318,OTHER,T34,86,1,10,44,-1,-1,SELLER,00T34@0,0,86,-1,-1,0
1325,T34,OTHER,86,4,35,44,-1,-1,04T34@2,BUYER,0,86,-1,-1,3
1349,T24,OTHER,87,4,35,-1,-1,-1,05T24@2,BUYER,0,-1,-1,-1,3
1348,T34,OTHER,87,2,35,-1,-1,-1,04T34@2,BUYER,0,-1,-1,-1,3
1347,T34,OTHER,87,4,35,-1,-1,-1,04T34@2,BUYER,0,-1,-1,-1,3
1346,T34,OTHER,87,4,35,-1,-1,-1,04T34@2,BUYER,0,-1,-1,-1,3
1345,OTHER,T24,87,3,10,45,-1,-1,SELLER,01T24@0,0,87,-1,-1,0
1344,T24,OTHER,87,1,35,45,-1,-1,05T24@2,BUYER,0,87,-1,-1,3
1343,OTHER,T34,87,1,10,45,-1,-1,SELLER,00T34@0,0,87,-1,-1,0
1342,T24,OTHER,87,3,35,45,-1,-1,05T24@2,BUYER,0,87,-1,-1,3
1341,T34,OTHER,87,1,35,45,-1,-1,04T34@2,BUYER,0,87,-1,-1,3
1340,OTHER,T34,87,4,10,45,-1,-1,SELLER,00T34@0,0,87,-1,-1,0
1339,OTHER,T24,87,2,10,45,-1,-1,SELLER,01T24@0,0,87,-1,-1,0
1338,OTHER,T24,87,2,10,45,-1,-1,SELLER,01T24@0,0,87,-1,-1,0
1337,T34,OTHER,87,1,35,45,-1,-1,04T34@2,BUYER,0,87,-1,-1,3
1336,OTHER,T24,87,1,10,45,-1,-1,SELLER,01T24@0,0,87,-1,-1,0
1335,OTHER,T34,87,3,10,45,-1,-1,SELLER,00T34@0,0,87,-1,-1,0
1334,OTHER,T24,87,4,10,45,-1,-1,SELLER,01T24@0,0,87,-1,-1,0
1366,T34,OTHER,88,2,35,-1,-1,-1,04T34@2,BUYER,0,-1,-1,-1,3
1365,T24,OTHER,88,3,35,-1,-1,-1,05T24@2,BUYER,0,-1,-1,-1,3
1364,T24,OTHER,88,2,35,-1,-1,-1,05T24@2,BUYER,0,-1,-1,-1,3
1363,T34,OTHER,88,4,35,-1,-1,-1,04T34@2,BUYER,0,-1,-1,-1,3
1362,T24,OTHER,88,2,35,-1,-1,-1,05T24@2,BUYER,0,-1,-1,-1,3
1361,T24,OTHER,88,2,35,-1,-1,-1,05T24@2,BUYER,0,-1,-1,-1,3
1360,T34,OTHER,88,3,35,-1,-1,-1,04T34@2,BUYER,0,-1,-1,-1,3
1359,T24,OTHER,88,2,35,-1,-1,-1,05T24@2,BUYER,0,-1,-1,-1,3
1350,OTHER,T34,88,4,10,46,-1,-1,SELLER,00T34@0,0,88,-1,-1,0
1357,OTHER,T24,88,3,10,46,-1,-1,SELLER,01T24@0,0,88,-1,-1,0
1356,OTHER,T34,88,2,10,46,-1,-1,SELLER,00T34@0,0,88,-1,-1,0
1355,OTHER,T24,88,1,10,46,-1,-1,SELLER,01T24@0,0,88,-1,-1,0
1354,OTHER,T24,88,3,10,46,-1,-1,SELLER,01T24@0,0,88,-1,-1,0
1353,OTHER,T24,88,2,10,46,-1,-1,SELLER,01T24@0,0,88,-1,-1,0
1352,OTHER,T34,88,2,10,46,-1,-1,SELLER,00T34@0,0,88,-1,-1,0
1351,OTHER,T24,88,2,10,46,-1,-1,SELLER,01T24@0,0,88,-1,-1,0
1358,OTHER,T34,88,1,10,46,-1,-1,SELLER,00T34@0,0,88,-1,-1,0
1382,T34,OTHER,89,2,35,-1,-1,-1,04T34@2,BUYER,0,-1,-1,-1,3
1381,T34,OTHER,89,2,35,-1,-1,-1,04T34@2,BUYER,0,-1,-1,-1,3
1380,T24,OTHER,89,3,35,-1,-1,-1,05T24@2,BUYER,0,-1,-1,-1,3
1379,OTHER,T34,89,2,10,47,-1,-1,SELLER,00T34@0,0,89,-1,-1,0
1378,OTHER,T24,89,1,10,47,-1,-1,SELLER,01T24@0,0,89,-1,-1,0
1377,OTHER,T24,89,4,10,47,-1,-1,SELLER,01T24@0,0,89,-1,-1,0
1376,T34,OTHER,89,2,35,47,-1,-1,04T34@2,BUYER,0,89,-1,-1,3
1375,T24,OTHER,89,3,35,47,-1,-1,05T24@2,BUYER,0,89,-1,-1,3
1373,OTHER,T24,89,2,10,47,-1,-1,SELLER,01T24@0,0,89,-1,-1,0
1372,T24,OTHER,89,1,35,47,-1,-1,05T24@2,BUYER,0,89,-1,-1,3
1371,OTHER,T34,89,3,10,47,-1,-1,SELLER,00T34@0,0,89,-1,-1,0
1370,OTHER,T34,89,4,10,47,-1,-1,SELLER,00T34@0,0,89,-1,-1,0
1369,OTHER,T24,89,4,10,47,-1,-1,SELLER,01T24@0,0,89,-1,-1,0
1368,T34,OTHER,89,3,35,47,-1,-1,04T34@2,BUYER,0,89,-1,-1,3
1367,T24,OTHER,89,2,35,47,-1,-1,05T24@2,BUYER,0,89,-1,-1,3
1374,T24,OTHER,89,2,35,47,-1,-1,05T24@2,BUYER,0,89,-1,-1,3
1397,T24,OTHER,90,3,35,-1,-1,-1,05T24@2,BUYER,0,-1,-1,-1,3
1396,OTHER,T34,90,4,10,48,-1,-1,SELLER,00T34@0,0,90,-1,-1,0
1395,T24,OTHER,90,2,35,48,-1,-1,05T24@2,BUYER,0,90,-1,-1,3
1394,OTHER,T24,90,3,10,48,-1,-1,SELLER,01T24@0,0,90,-1,-1,0
1393,T24,OTHER,90,2,35,48,-1,-1,05T24@2,BUYER,0,90,-1,-1,3
1392,T34,OTHER,90,1,35,48,-1,-1,04T34@2,BUYER,0,90,-1,-1,3
1391,OTHER,T24,90,5,10,48,-1,-1,SELLER,01T24@0,0,90,-1,-1,0
1390,OTHER,T34,90,1,10,48,-1,-1,SELLER,00T34@0,0,90,-1,-1,0
1389,T34,OTHER,90,3,35,48,-1,-1,04T34@2,BUYER,0,90,-1,-1,3
1388,OTHER,T34,90,3,10,48,-1,-1,SELLER,00T34@0,0,90,-1,-1,0
1387,T24,OTHER,90,4,35,48,-1,-1,05T24@2,BUYER,0,90,-1,-1,3
1386,OTHER,T34,90,2,10,48,-1,-1,SELLER,00T34@0,0,90,-1,-1,0
1385,T34,OTHER,90,3,35,48,-1,-1,04T34@2,BUYER,0,90,-1,-1,3
1384,OTHER,T34,90,2,10,48,-1,-1,SELLER,00T34@0,0,90,-1,-1,0
1383,T34,OTHER,90,2,35,48,-1,-1,04T34@2,BUYER,0,90,-1,-1,3
1412,T24,OTHER,91,4,35,-1,-1,-1,05T24@2,BUYER,0,-1,-1,-1,3
1411,T24,OTHER,91,2,35,-1,-1,-1,05T24@2,BUYER,0,-1,-1,-1,3
1410,T34,OTHER,91,4,35,-1,-1,-1,04T34@2,BUYER,0,-1,-1,-1,3
1409,T24,OTHER,91,1,35,49,-1,-1,05T24@2,BUYER,0,91,-1,-1,3
1408,OTHER,T34,91,2,10,49,-1,-1,SELLER,00T34@0,0,91,-1,-1,0
1407,OTHER,T34,91,2,10,49,-1,-1,SELLER,00T34@0,0,91,-1,-1,0
1406,OTHER,T24,91,3,10,49,-1,-1,SELLER,01T24@0,0,91,-1,-1,0
1398,OTHER,T24,91,3,10,49,-1,-1,SELLER,01T24@0,0,91,-1,-1,0
1404,OTHER,T34,91,3,10,49,-1,-1,SELLER,00T34@0,0,91,-1,-1,0
1403,T34,OTHER,91,3,35,49,-1,-1,04T34@2,BUYER,0,91,-1,-1,3
1402,T34,OTHER,91,3,35,49,-1,-1,04T34@2,BUYER,0,91,-1,-1,3
1401,OTHER,T24,91,3,10,49,-1,-1,SELLER,01T24@0,0,91,-1,-1,0
1400,OTHER,T34,91,3,10,49,-1,-1,SELLER,00T34@0,0,91,-1,-1,0
1399,T24,OTHER,91,3,35,49,-1,-1,05T24@2,BUYER,0,91,-1,-1,3
1405,OTHER,T34,91,1,10,49,-1,-1,SELLER,00T34@0,0,91,-1,-1,0
1430,T24,OTHER,92,2,35,-1,-1,-1,05T24@2,BUYER,0,-1,-1,-1,3
1429,T34,OTHER,92,2,35,-1,-1,-1,04T34@2,BUYER,0,-1,-1,-1,3
1428,T24,OTHER,92,3,35,-1,-1,-1,05T24@2,BUYER,0,-1,-1,-1,3
1427,T24,OTHER,92,2,35,-1,-1,-1,05T24@2,BUYER,0,-1,-1,-1,3
1426,OTHER,T24,92,2,10,50,-1,-1,SELLER,01T24@0,0,92,-1,-1,0
1425,OTHER,T34,92,1,10,50,-1,-1,SELLER,00T34@0,0,92,-1,-1,0
1424,OTHER,T24,92,3,10,50,-1,-1,SELLER,01T24@0,0,92,-1,-1,0
1422,T34,OTHER,92,2,35,50,-1,-1,04T34@2,BUYER,0,92,-1,-1,3
1423,OTHER,T24,92,3,10,50,-1,-1,SELLER,01T24@0,0,92,-1,-1,0
1420,T34,OTHER,92,3,35,50,-1,-1,04T34@2,BUYER,0,92,-1,-1,3
1413,OTHER,T34,92,3,10,50,-1,-1,SELLER,00T34@0,0,92,-1,-1,0
1414,T34,OTHER,92,3,35,50,-1,-1,04T34@2,BUYER,0,92,-1,-1,3
1415,T34,OTHER,92,1,35,50,-1,-1,04T34@2,BUYER,0,92,-1,-1,3
1421,OTHER,T24,92,1,10,50,-1,-1,SELLER,01T24@0,0,92,-1,-1,0
1417,OTHER,T34,92,1,10,50,-1,-1,SELLER,00T34@0,0,92,-1,-1,0
1418,OTHER,T34,92,5,10,50,-1,-1,SELLER,00T34@0,0,92,-1,-1,0
1419,OTHER,T34,92,1,10,50,-1,-1,SELLER,00T34@0,0,92,-1,-1,0
1416,T24,OTHER,92,2,35,50,-1,-1,05T24@2,BUYER,0,92,-1,-1,3
1444,T34,OTHER,93,4,35,-1,-1,-1,04T34@2,BUYER,0,-1,-1,-1,3
1443,T24,OTHER,93,3,35,-1,-1,-1,05T24@2,BUYER,0,-1,-1,-1,3
1442,T34,OTHER,93,3,35,-1,-1,-1,04T34@2,BUYER,0,-1,-1,-1,3
1441,OTHER,T34,93,1,10,51,-1,-1,SELLER,00T34@0,0,93,-1,-1,0
1440,OTHER,T34,93,2,10,51,-1,-1,SELLER,00T34@0,0,93,-1,-1,0
1439,OTHER,T24,93,1,10,51,-1,-1,SELLER,01T24@0,0,93,-1,-1,0
1438,OTHER,T24,93,4,10,51,-1,-1,SELLER,01T24@0,0,93,-1,-1,0
1445,T24,OTHER,93,2,35,-1,-1,-1,05T24@2,BUYER,0,-1,-1,-1,3
1436,T24,OTHER,93,1,35,51,-1,-1,05T24@2,BUYER,0,93,-1,-1,3
1435,T24,OTHER,93,4,35,51,-1,-1,05T24@2,BUYER,0,93,-1,-1,3
1434,OTHER,T34,93,3,10,51,-1,-1,SELLER,00T34@0,0,93,-1,-1,0
1433,OTHER,T34,93,4,10,51,-1,-1,SELLER,00T34@0,0,93,-1,-1,0
1432,T34,OTHER,93,3,35,51,-1,-1,04T34@2,BUYER,0,93,-1,-1,3
1431,OTHER,T34,93,3,10,51,-1,-1,SELLER,00T34@0,0,93,-1,-1,0
1437,OTHER,T24,93,2,10,51,-1,-1,SELLER,01T24@0,0,93,-1,-1,0
1461,T24,OTHER,94,3,35,-1,-1,-1,05T24@2,BUYER,0,-1,-1,-1,3
1460,T34,OTHER,94,2,35,-1,-1,-1,04T34@2,BUYER,0,-1,-1,-1,3
1459,T34,OTHER,94,2,35,-1,-1,-1,04T34@2,BUYER,0,-1,-1,-1,3
1458,T24,OTHER,94,1,35,52,-1,-1,05T24@2,BUYER,0,94,-1,-1,3
1457,OTHER,T34,94,2,10,52,-1,-1,SELLER,00T34@0,0,94,-1,-1,0
1456,OTHER,T24,94,2,10,52,-1,-1,SELLER,01T24@0,0,94,-1,-1,0
1455,T24,OTHER,94,2,35,52,-1,-1,05T24@2,BUYER,0,94,-1,-1,3
1454,T24,OTHER,94,4,35,52,-1,-1,05T24@2,BUYER,0,94,-1,-1,3
1452,OTHER,T34,94,2,10,52,-1,-1,SELLER,00T34@0,0,94,-1,-1,0
1451,OTHER,T34,94,4,10,52,-1,-1,SELLER,00T34@0,0,94,-1,-1,0
1450,T24,OTHER,94,1,35,52,-1,-1,05T24@2,BUYER,0,94,-1,-1,3
1449,T34,OTHER,94,4,35,52,-1,-1,04T34@2,BUYER,0,94,-1,-1,3
1447,T34,OTHER,94,1,35,52,-1,-1,04T34@2,BUYER,0,94,-1,-1,3
1446,OTHER,T24,94,3,10,52,-1,-1,SELLER,01T24@0,0,94,-1,-1,0
1453,OTHER,T24,94,3,10,52,-1,-1,SELLER,01T24@0,0,94,-1,-1,0
1448,OTHER,T34,94,4,10,52,-1,-1,SELLER,00T34@0,0,94,-1,-1,0
1479,T34,OTHER,95,3,35,-1,-1,-1,04T34@2,BUYER,0,-1,-1,-1,3
1472,OTHER,T24,95,1,10,53,-1,-1,SELLER,01T24@0,0,95,-1,-1,0
1478,T24,OTHER,95,4,35,-1,-1,-1,05T24@2,BUYER,0,-1,-1,-1,3
1477,T24,OTHER,95,2,35,-1,-1,-1,05T24@2,BUYER,0,-1,-1,-1,3
1476,OTHER,T34,95,2,10,53,-1,-1,SELLER,00T34@0,0,95,-1,-1,0
1475,OTHER,T24,95,1,10,53,-1,-1,SELLER,01T24@0,0,95,-1,-1,0
1474,T34,OTHER,95,3,35,53,-1,-1,04T34@2,BUYER,0,95,-1,-1,3
1473,T34,OTHER,95,1,35,53,-1,-1,04T34@2,BUYER,0,95,-1,-1,3
1471,OTHER,T24,95,5,10,53,-1,-1,SELLER,01T24@0,0,95,-1,-1,0
1469,OTHER,T34,95,1,10,53,-1,-1,SELLER,00T34@0,0,95,-1,-1,0
1462,OTHER,T34,95,4,10,53,-1,-1,SELLER,00T34@0,0,95,-1,-1,0
1463,OTHER,T24,95,2,10,53,-1,-1,SELLER,01T24@0,0,95,-1,-1,0
1464,T24,OTHER,95,1,35,53,-1,-1,05T24@2,BUYER,0,95,-1,-1,3
1470,OTHER,T34,95,1,10,53,-1,-1,SELLER,00T34@0,0,95,-1,-1,0
1466,T24,OTHER,95,1,35,53,-1,-1,05T24@2,BUYER,0,95,-1,-1,3
1467,T24,OTHER,95,3,35,53,-1,-1,05T24@2,BUYER,0,95,-1,-1,3
1468,OTHER,T34,95,3,10,53,-1,-1,SELLER,00T34@0,0,95,-1,-1,0
1465,T34,OTHER,95,2,35,53,-1,-1,04T34@2,BUYER,0,95,-1,-1,3
1489,OTHER,T24,96,2,10,54,-1,-1,SELLER,01T24@0,0,96,-1,-1,0
1495,T24,OTHER,96,3,35,-1,-1,-1,05T24@2,BUYER,0,-1,-1,-1,3
1494,T34,OTHER,96,2,35,-1,-1,-1,04T34@2,BUYER,0,-1,-1,-1,3
1493,T34,OTHER,96,4,35,-1,-1,-1,04T34@2,BUYER,0,-1,-1,-1,3
1492,T24,OTHER,96,3,35,-1,-1,-1,05T24@2,BUYER,0,-1,-1,-1,3
1491,OTHER,T34,96,3,10,54,-1,-1,SELLER,00T34@0,0,96,-1,-1,0
1490,OTHER,T24,96,4,10,54,-1,-1,SELLER,01T24@0,0,96,-1,-1,0
1488,OTHER,T24,96,2,10,54,-1,-1,SELLER,01T24@0,0,96,-1,-1,0
1496,OTHER,T34,96,1,10,-1,-1,-1,SELLER,00T34@0,0,-1,-1,-1,0
1486,T24,OTHER,96,1,35,54,-1,-1,05T24@2,BUYER,0,96,-1,-1,3
1485,OTHER,T24,96,1,10,54,-1,-1,SELLER,01T24@0,0,96,-1,-1,0
1484,T34,OTHER,96,3,35,54,-1,-1,04T34@2,BUYER,0,96,-1,-1,3
1483,OTHER,T34,96,1,10,54,-1,-1,SELLER,00T34@0,0,96,-1,-1,0
1482,OTHER,T34,96,1,10,54,-1,-1,SELLER,00T34@0,0,96,-1,-1,0
1481,OTHER,T34,96,5,10,54,-1,-1,SELLER,00T34@0,0,96,-1,-1,0
1480,T24,OTHER,96,2,35,54,-1,-1,05T24@2,BUYER,0,96,-1,-1,3
1487,T34,OTHER,96,2,35,54,-1,-1,04T34@2,BUYER,0,96,-1,-1,3
1504,T24,OTHER,97,4,35,-1,-1,-1,05T24@2,BUYER,0,-1,-1,-1,3
1503,T34,OTHER,97,5,35,-1,-1,-1,04T34@2,BUYER,0,-1,-1,-1,3
1502,T24,OTHER,97,4,35,55,-1,-1,05T24@2,BUYER,0,97,-1,-1,3
1501,T24,OTHER,97,2,35,55,-1,-1,05T24@2,BUYER,0,97,-1,-1,3
1498,T34,OTHER,97,1,35,55,-1,-1,04T34@2,BUYER,0,97,-1,-1,3
1499,T24,OTHER,97,1,35,55,-1,-1,05T24@2,BUYER,0,97,-1,-1,3
1497,T34,OTHER,97,2,35,55,-1,-1,04T34@2,BUYER,0,97,-1,-1,3
1500,T34,OTHER,97,1,35,55,-1,-1,04T34@2,BUYER,0,97,-1,-1,3
1511,T24,OTHER,98,4,35,-1,-1,-1,05T24@2,BUYER,0,-1,-1,-1,3
1513,T24,OTHER,98,1,35,-1,-1,-1,05T24@2,BUYER,0,-1,-1,-1,3
1512,T34,OTHER,98,5,35,-1,-1,-1,04T34@2,BUYER,0,-1,-1,-1,3
1510,T34,OTHER,98,1,35,56,-1,-1,04T34@2,BUYER,0,98,-1,-1,3
1505,T24,OTHER,98,3,35,56,-1,-1,05T24@2,BUYER,0,98,-1,-1,3
1508,T34,OTHER,98,2,35,56,-1,-1,04T34@2,BUYER,0,98,-1,-1,3
1507,T24,OTHER,98,2,35,56,-1,-1,05T24@2,BUYER,0,98,-1,-1,3
1506,T24,OTHER,98,1,35,56,-1,-1,05T24@2,BUYER,0,98,-1,-1,3
1509,T34,OTHER,98,1,35,56,-1,-1,04T34@2,BUYER,0,98,-1,-1,3
1520,T34,OTHER,99,3,35,-1,-1,-1,04T34@2,BUYER,0,-1,-1,-1,3
1514,T34,OTHER,99,2,35,57,-1,-1,04T34@2,BUYER,0,99,-1,-1,3
1515,T34,OTHER,99,3,35,57,-1,-1,04T34@2,BUYER,0,99,-1,-1,3
1516,T24,OTHER,99,1,35,57,-1,-1,05T24@2,BUYER,0,99,-1,-1,3
1517,T24,OTHER,99,4,35,-1,-1,-1,05T24@2,BUYER,0,-1,-1,-1,3
1518,T24,OTHER,99,4,35,-1,-1,-1,05T24@2,BUYER,0,-1,-1,-1,3
1519,T34,OTHER,99,3,35,-1,-1,-1,04T34@2,BUYER,0,-1,-1,-1,3
1521,T34,T24,99,5,30,-1,-1,98,00T34@0,03T24@1,2,-1,-1,-1,1
