index,seller_type,buyer_type,delivery_time,quantity,unit_price,signed_at,nullified_at,concluded_at,seller,buyer,n_neg_steps,executed_at,erred_at,dropped_at,product
219,OTHER,T35,0,1,10,0,-1,-1,SELLER,01T35@0,0,0,-1,-1,0
188,OTHER,T16,0,1,10,0,-1,-1,SELLER,00T16@0,0,0,-1,-1,0
35,OTHER,T16,0,2,10,0,-1,-1,SELLER,00T16@0,0,0,-1,-1,0
160,OTHER,T35,0,2,10,0,-1,-1,SELLER,01T35@0,0,0,-1,-1,0
26,OTHER,T16,0,2,10,0,-1,-1,SELLER,00T16@0,0,0,-1,-1,0
473,OTHER,T16,0,1,10,0,-1,-1,SELLER,00T16@0,0,0,-1,-1,0
741,OTHER,T35,0,3,10,0,-1,-1,SELLER,01T35@0,0,0,-1,-1,0
18,OTHER,T16,0,1,10,0,-1,-1,SELLER,00T16@0,0,0,-1,-1,0
713,OTHER,T35,0,2,10,0,-1,-1,SELLER,01T35@0,0,0,-1,-1,0
708,OTHER,T35,0,1,10,0,-1,-1,SELLER,01T35@0,0,0,-1,-1,0
745,OTHER,T35,0,1,10,0,-1,-1,SELLER,01T35@0,0,0,-1,-1,0
3,OTHER,T35,0,2,10,0,-1,-1,SELLER,01T35@0,0,0,-1,-1,0
654,OTHER,T16,0,1,10,0,-1,-1,SELLER,00T16@0,0,0,-1,-1,0
209,OTHER,T35,1,2,10,0,-1,-1,SELLER,01T35@0,0,1,-1,-1,0
901,T35,T35,1,10,16,1,-1,1,02T35@1,05T35@2,17,1,-1,-1,2
908,T35,T35,1,10,16,1,-1,1,03T35@1,05T35@2,17,1,-1,-1,2
43,OTHER,T16,1,3,10,0,-1,-1,SELLER,00T16@0,0,1,-1,-1,0
889,T35,T35,1,10,14,1,-1,1,02T35@1,05T35@2,17,1,-1,-1,2
116,OTHER,T35,1,1,10,0,-1,-1,SELLER,01T35@0,0,1,-1,-1,0
191,OTHER,T16,1,1,10,0,-1,-1,SELLER,00T16@0,0,1,-1,-1,0
923,T35,T35,1,10,16,1,-1,1,03T35@1,05T35@2,17,1,-1,-1,2
394,OTHER,T16,1,2,10,0,-1,-1,SELLER,00T16@0,0,1,-1,-1,0
562,OTHER,T35,1,2,10,0,-1,-1,SELLER,01T35@0,0,1,-1,-1,0
440,OTHER,T35,1,2,10,0,-1,-1,SELLER,01T35@0,0,1,-1,-1,0
703,OTHER,T16,1,2,10,0,-1,-1,SELLER,00T16@0,0,1,-1,-1,0
937,T35,T40,1,9,16,1,-1,1,02T35@1,04T40@2,17,1,-1,-1,2
446,OTHER,T16,1,1,10,0,-1,-1,SELLER,00T16@0,0,1,-1,-1,0
896,T35,T35,1,1,15,1,-1,1,03T35@1,05T35@2,17,1,-1,-1,2
976,T35,T40,1,11,14,-1,-1,1,03T35@1,04T40@2,17,-1,-1,-1,2
953,T35,T35,1,10,14,1,-1,1,02T35@1,05T35@2,17,1,-1,-1,2
970,T35,T35,1,1,15,1,-1,1,02T35@1,05T35@2,17,1,-1,-1,2
726,OTHER,T16,1,1,10,0,-1,-1,SELLER,00T16@0,0,1,-1,-1,0
717,OTHER,T16,1,1,10,0,-1,-1,SELLER,00T16@0,0,1,-1,-1,0
966,T35,T35,1,1,15,1,-1,1,02T35@1,05T35@2,17,1,-1,-1,2
517,OTHER,T16,1,2,10,0,-1,-1,SELLER,00T16@0,0,1,-1,-1,0
1040,T35,T35,2,11,9,-1,-1,2,01T35@0,02T35@1,17,-1,-1,-1,1
593,OTHER,T16,2,1,10,0,-1,-1,SELLER,00T16@0,0,2,-1,-1,0
1002,T35,T35,2,10,9,2,-1,2,01T35@0,03T35@1,17,2,-1,-1,1
891,T35,T35,2,10,16,1,-1,1,02T35@1,05T35@2,17,2,-1,-1,2
1044,T35,T35,2,11,9,-1,-1,2,01T35@0,02T35@1,17,-1,-1,-1,1
651,OTHER,T35,2,1,10,0,-1,-1,SELLER,01T35@0,0,2,-1,-1,0
1011,T35,T35,2,8,9,2,-1,2,01T35@0,02T35@1,17,2,-1,-1,1
1012,T35,T35,2,10,9,2,-1,2,01T35@0,02T35@1,17,2,-1,-1,1
413,OTHER,T16,2,2,10,0,-1,-1,SELLER,00T16@0,0,2,-1,-1,0
1043,T35,T35,2,20,11,-1,-1,2,01T35@0,03T35@1,17,-1,-1,-1,1
109,OTHER,T16,2,1,10,0,-1,-1,SELLER,00T16@0,0,2,-1,-1,0
51,OTHER,T35,2,1,10,0,-1,-1,SELLER,01T35@0,0,2,-1,-1,0
870,T35,T35,2,1,15,1,-1,1,02T35@1,05T35@2,17,2,-1,-1,2
1023,T35,T35,2,5,9,2,-1,2,01T35@0,03T35@1,17,2,-1,-1,1
885,T35,T40,2,9,16,1,-1,1,03T35@1,04T40@2,17,2,-1,-1,2
933,T35,T35,2,10,14,1,-1,1,02T35@1,05T35@2,17,2,-1,-1,2
935,T35,T40,2,11,16,1,-1,1,02T35@1,04T40@2,17,2,-1,-1,2
332,OTHER,T16,2,2,10,0,-1,-1,SELLER,00T16@0,0,2,-1,-1,0
262,OTHER,T16,2,2,10,0,-1,-1,SELLER,00T16@0,0,2,-1,-1,0
248,OTHER,T35,2,5,10,0,-1,-1,SELLER,01T35@0,0,2,-1,-1,0
992,T35,T35,2,5,10,2,-1,2,01T35@0,02T35@1,17,2,-1,-1,1
998,T35,T35,2,8,9,2,-1,2,01T35@0,02T35@1,17,2,-1,-1,1
918,T35,T35,2,1,15,1,-1,1,03T35@1,05T35@2,17,2,-1,-1,2
898,T35,T35,2,10,16,1,-1,1,03T35@1,05T35@2,17,2,-1,-1,2
990,T35,T40,2,9,16,2,-1,2,02T35@1,04T40@2,17,2,-1,-1,2
31,OTHER,T35,2,3,10,0,-1,-1,SELLER,01T35@0,0,2,-1,-1,0
252,OTHER,T16,2,2,10,0,-1,-1,SELLER,00T16@0,0,2,-1,-1,0
926,T35,T35,2,10,16,1,-1,1,03T35@1,05T35@2,17,2,-1,-1,2
324,OTHER,T35,3,3,10,0,-1,-1,SELLER,01T35@0,0,3,-1,-1,0
307,T35,OTHER,3,3,36,0,-1,-1,05T35@2,BUYER,0,3,-1,-1,3
735,OTHER,T16,3,1,10,0,-1,-1,SELLER,00T16@0,0,3,-1,-1,0
309,OTHER,T16,3,3,10,0,-1,-1,SELLER,00T16@0,0,3,-1,-1,0
432,OTHER,T35,3,1,10,0,-1,-1,SELLER,01T35@0,0,3,-1,-1,0
1078,T35,T35,3,20,11,-1,-1,3,01T35@0,03T35@1,17,-1,-1,-1,1
721,OTHER,T35,3,1,10,0,-1,-1,SELLER,01T35@0,0,3,-1,-1,0
962,T35,T35,3,10,16,1,-1,1,02T35@1,05T35@2,17,3,-1,-1,2
974,T35,T35,3,14,14,1,-1,1,02T35@1,05T35@2,17,3,-1,-1,2
1074,T35,T40,3,9,16,3,-1,3,02T35@1,04T40@2,17,3,-1,-1,2
10,T35,OTHER,3,2,36,0,-1,-1,05T35@2,BUYER,0,3,-1,-1,3
661,T40,OTHER,3,2,36,0,-1,-1,04T40@2,BUYER,0,3,-1,-1,3
988,T35,T40,3,9,14,2,-1,2,03T35@1,04T40@2,17,3,-1,-1,2
475,T35,OTHER,3,4,36,0,-1,-1,05T35@2,BUYER,0,3,-1,-1,3
90,OTHER,T35,3,2,10,0,-1,-1,SELLER,01T35@0,0,3,-1,-1,0
676,OTHER,T35,3,1,10,0,-1,-1,SELLER,01T35@0,0,3,-1,-1,0
439,T35,OTHER,3,2,36,0,-1,-1,05T35@2,BUYER,0,3,-1,-1,3
632,T35,OTHER,3,1,36,0,-1,-1,05T35@2,BUYER,0,3,-1,-1,3
894,T35,T35,3,7,16,1,-1,1,03T35@1,05T35@2,17,3,-1,-1,2
338,T40,OTHER,3,1,36,0,-1,-1,04T40@2,BUYER,0,3,-1,-1,3
54,OTHER,T16,3,1,10,0,-1,-1,SELLER,00T16@0,0,3,-1,-1,0
917,T35,T40,3,9,14,1,-1,1,03T35@1,04T40@2,17,3,-1,-1,2
59,OTHER,T35,3,2,10,0,-1,-1,SELLER,01T35@0,0,3,-1,-1,0
176,T40,OTHER,3,3,36,0,-1,-1,04T40@2,BUYER,0,3,-1,-1,3
882,T35,T40,3,9,16,1,-1,1,03T35@1,04T40@2,17,3,-1,-1,2
766,T40,OTHER,3,1,36,0,-1,-1,04T40@2,BUYER,0,3,-1,-1,3
879,T35,T35,3,10,16,1,-1,1,03T35@1,05T35@2,17,3,-1,-1,2
881,T35,T35,3,7,14,1,-1,1,02T35@1,05T35@2,17,3,-1,-1,2
920,T35,T35,3,10,16,1,-1,1,03T35@1,05T35@2,17,3,-1,-1,2
130,OTHER,T35,3,1,10,0,-1,-1,SELLER,01T35@0,0,3,-1,-1,0
927,T35,T35,3,7,14,1,-1,1,03T35@1,05T35@2,17,3,-1,-1,2
330,OTHER,T35,3,1,10,0,-1,-1,SELLER,01T35@0,0,3,-1,-1,0
421,OTHER,T16,3,3,10,0,-1,-1,SELLER,00T16@0,0,3,-1,-1,0
1048,T35,T40,3,9,14,3,-1,3,03T35@1,04T40@2,17,3,-1,-1,2
423,T35,OTHER,3,1,36,0,-1,-1,05T35@2,BUYER,0,3,-1,-1,3
1037,T35,T35,3,23,8,-1,-1,2,01T35@0,03T35@1,17,-1,-1,-1,1
1052,T35,T35,3,5,16,3,-1,3,02T35@1,05T35@2,17,3,-1,-1,2
225,T35,OTHER,4,3,36,0,-1,-1,05T35@2,BUYER,0,4,-1,-1,3
211,OTHER,T16,4,3,10,0,-1,-1,SELLER,00T16@0,0,4,-1,-1,0
1091,T35,T40,4,7,16,4,-1,4,03T35@1,04T40@2,17,4,-1,-1,2
382,OTHER,T16,4,2,10,0,-1,-1,SELLER,00T16@0,0,4,-1,-1,0
322,T40,OTHER,4,1,36,0,-1,-1,04T40@2,BUYER,0,4,-1,-1,3
511,T35,OTHER,4,1,36,0,-1,-1,05T35@2,BUYER,0,4,-1,-1,3
143,OTHER,T35,4,2,10,0,-1,-1,SELLER,01T35@0,0,4,-1,-1,0
503,OTHER,T35,4,1,10,0,-1,-1,SELLER,01T35@0,0,4,-1,-1,0
1066,T35,T40,4,9,14,3,-1,3,03T35@1,04T40@2,17,4,-1,-1,2
1062,T35,T40,4,7,16,3,-1,3,02T35@1,04T40@2,17,4,-1,-1,2
459,T40,OTHER,4,4,36,0,-1,-1,04T40@2,BUYER,0,4,-1,-1,3
1085,T35,T35,4,8,9,4,-1,4,01T35@0,03T35@1,17,4,-1,-1,1
400,OTHER,T16,4,1,10,0,-1,-1,SELLER,00T16@0,0,4,-1,-1,0
177,T40,OTHER,4,1,36,0,-1,-1,04T40@2,BUYER,0,4,-1,-1,3
386,OTHER,T16,4,2,10,0,-1,-1,SELLER,00T16@0,0,4,-1,-1,0
348,OTHER,T35,4,5,10,0,-1,-1,SELLER,01T35@0,0,4,-1,-1,0
1090,T35,T40,4,7,16,4,-1,4,03T35@1,04T40@2,17,4,-1,-1,2
1028,T35,T35,4,10,14,2,-1,2,03T35@1,05T35@2,17,4,-1,-1,2
659,T35,OTHER,4,3,36,0,-1,-1,05T35@2,BUYER,0,4,-1,-1,3
1022,T35,T35,4,10,14,2,-1,2,02T35@1,05T35@2,17,4,-1,-1,2
1105,T35,T40,4,9,16,4,-1,4,02T35@1,04T40@2,17,4,-1,-1,2
759,OTHER,T35,4,4,10,0,-1,-1,SELLER,01T35@0,0,4,-1,-1,0
1020,T35,T40,4,9,14,2,-1,2,02T35@1,04T40@2,17,4,-1,-1,2
765,T40,OTHER,4,1,36,0,-1,-1,04T40@2,BUYER,0,4,-1,-1,3
772,T35,OTHER,4,2,36,0,-1,-1,05T35@2,BUYER,0,4,-1,-1,3
960,T35,T35,4,7,16,1,-1,1,03T35@1,05T35@2,17,4,-1,-1,2
647,T40,OTHER,4,1,36,0,-1,-1,04T40@2,BUYER,0,4,-1,-1,3
730,T35,OTHER,4,2,36,0,-1,-1,05T35@2,BUYER,0,4,-1,-1,3
638,T40,OTHER,4,1,36,0,-1,-1,04T40@2,BUYER,0,4,-1,-1,3
909,T35,T35,4,5,16,1,-1,1,02T35@1,05T35@2,17,4,-1,-1,2
913,T35,T35,5,9,14,1,-1,1,02T35@1,05T35@2,17,5,-1,-1,2
946,T35,T35,5,9,14,1,-1,1,03T35@1,05T35@2,17,5,-1,-1,2
181,OTHER,T35,5,2,10,0,-1,-1,SELLER,01T35@0,0,5,-1,-1,0
1014,T35,T35,5,6,10,2,-1,2,01T35@0,02T35@1,17,5,-1,-1,1
350,T35,OTHER,5,2,36,0,-1,-1,05T35@2,BUYER,0,5,-1,-1,3
398,T35,OTHER,5,1,36,0,-1,-1,05T35@2,BUYER,0,5,-1,-1,3
796,T40,OTHER,5,3,36,-1,-1,-1,04T40@2,BUYER,0,-1,-1,-1,3
1015,T35,T35,5,5,9,2,-1,2,01T35@0,03T35@1,17,5,-1,-1,1
47,OTHER,T35,5,3,10,0,-1,-1,SELLER,01T35@0,0,5,-1,-1,0
436,OTHER,T35,5,1,10,0,-1,-1,SELLER,01T35@0,0,5,-1,-1,0
928,T35,T35,5,7,14,1,-1,1,02T35@1,05T35@2,17,5,-1,-1,2
424,T40,OTHER,5,1,36,0,-1,-1,04T40@2,BUYER,0,5,-1,-1,3
430,OTHER,T16,5,2,10,0,-1,-1,SELLER,00T16@0,0,5,-1,-1,0
1119,T35,T40,5,7,16,5,-1,5,03T35@1,04T40@2,17,5,-1,-1,2
929,T35,T35,5,1,15,1,-1,1,03T35@1,05T35@2,17,5,-1,-1,2
620,OTHER,T35,5,2,10,0,-1,-1,SELLER,01T35@0,0,5,-1,-1,0
396,T35,OTHER,5,3,36,0,-1,-1,05T35@2,BUYER,0,5,-1,-1,3
357,T35,OTHER,5,2,36,0,-1,-1,05T35@2,BUYER,0,5,-1,-1,3
884,T35,T35,5,9,14,1,-1,1,03T35@1,05T35@2,17,5,-1,-1,2
876,T35,T35,5,9,16,1,-1,1,02T35@1,05T35@2,17,5,-1,-1,2
636,OTHER,T35,5,1,10,0,-1,-1,SELLER,01T35@0,0,5,-1,-1,0
591,OTHER,T16,5,1,10,0,-1,-1,SELLER,00T16@0,0,5,-1,-1,0
241,T40,OTHER,5,2,36,0,-1,-1,04T40@2,BUYER,0,5,-1,-1,3
1133,T35,T40,5,1,15,5,-1,5,02T35@1,04T40@2,17,5,-1,-1,2
555,T35,OTHER,5,1,36,0,-1,-1,05T35@2,BUYER,0,5,-1,-1,3
997,T35,T35,5,5,9,2,-1,2,01T35@0,03T35@1,17,5,-1,-1,1
547,OTHER,T35,5,1,10,0,-1,-1,SELLER,01T35@0,0,5,-1,-1,0
1136,T35,T40,5,9,16,5,-1,5,03T35@1,04T40@2,17,5,-1,-1,2
989,T35,T40,5,7,14,2,-1,2,03T35@1,04T40@2,17,5,-1,-1,2
538,OTHER,T35,5,2,10,0,-1,-1,SELLER,01T35@0,0,5,-1,-1,0
683,T35,OTHER,5,1,36,0,-1,-1,05T35@2,BUYER,0,5,-1,-1,3
365,OTHER,T35,5,1,10,0,-1,-1,SELLER,01T35@0,0,5,-1,-1,0
1089,T35,T40,5,9,14,4,-1,4,02T35@1,04T40@2,17,5,-1,-1,2
515,OTHER,T16,5,2,10,0,-1,-1,SELLER,00T16@0,0,5,-1,-1,0
173,T40,OTHER,5,1,36,0,-1,-1,04T40@2,BUYER,0,5,-1,-1,3
279,OTHER,T16,5,1,10,0,-1,-1,SELLER,00T16@0,0,5,-1,-1,0
99,T40,OTHER,5,3,36,0,-1,-1,04T40@2,BUYER,0,5,-1,-1,3
171,OTHER,T35,5,1,10,0,-1,-1,SELLER,01T35@0,0,5,-1,-1,0
1027,T35,T35,5,5,10,2,-1,2,01T35@0,02T35@1,17,5,-1,-1,1
1145,T35,T40,6,8,16,5,-1,5,03T35@1,04T40@2,17,6,-1,-1,2
945,T35,T35,6,5,14,1,-1,1,03T35@1,05T35@2,17,6,-1,-1,2
1006,T35,T35,6,8,10,2,-1,2,01T35@0,03T35@1,17,6,-1,-1,1
281,T35,OTHER,6,1,36,0,-1,-1,05T35@2,BUYER,0,6,-1,-1,3
963,T35,T35,6,5,14,1,-1,1,02T35@1,05T35@2,17,6,-1,-1,2
984,T35,T35,6,5,10,2,-1,2,01T35@0,02T35@1,17,6,-1,-1,1
1132,T35,T40,6,1,15,5,-1,5,03T35@1,04T40@2,17,6,-1,-1,2
215,T40,OTHER,6,3,36,0,-1,-1,04T40@2,BUYER,0,6,-1,-1,3
1053,T35,T40,6,7,14,3,-1,3,03T35@1,04T40@2,17,6,-1,-1,2
48,T35,OTHER,6,2,36,0,-1,-1,05T35@2,BUYER,0,6,-1,-1,3
501,OTHER,T35,6,2,10,0,-1,-1,SELLER,01T35@0,0,6,-1,-1,0
710,OTHER,T16,6,1,10,0,-1,-1,SELLER,00T16@0,0,6,-1,-1,0
384,OTHER,T16,6,4,10,0,-1,-1,SELLER,00T16@0,0,6,-1,-1,0
733,OTHER,T16,6,3,10,0,-1,-1,SELLER,00T16@0,0,6,-1,-1,0
749,OTHER,T16,6,1,10,0,-1,-1,SELLER,00T16@0,0,6,-1,-1,0
151,T35,OTHER,6,5,36,0,-1,-1,05T35@2,BUYER,0,6,-1,-1,3
1181,T35,T40,6,1,15,6,-1,6,03T35@1,04T40@2,17,6,-1,-1,2
76,OTHER,T16,6,2,10,0,-1,-1,SELLER,00T16@0,0,6,-1,-1,0
508,T40,OTHER,6,1,36,0,-1,-1,04T40@2,BUYER,0,6,-1,-1,3
427,OTHER,T35,6,2,10,0,-1,-1,SELLER,01T35@0,0,6,-1,-1,0
158,OTHER,T16,6,1,10,0,-1,-1,SELLER,00T16@0,0,6,-1,-1,0
546,OTHER,T16,6,2,10,0,-1,-1,SELLER,00T16@0,0,6,-1,-1,0
675,OTHER,T35,6,1,10,0,-1,-1,SELLER,01T35@0,0,6,-1,-1,0
167,T35,OTHER,6,3,36,0,-1,-1,05T35@2,BUYER,0,6,-1,-1,3
1030,T35,T35,6,23,10,2,-1,2,01T35@0,03T35@1,17,6,-1,-1,1
594,OTHER,T16,6,1,10,0,-1,-1,SELLER,00T16@0,0,6,-1,-1,0
854,T40,OTHER,6,2,36,-1,-1,-1,04T40@2,BUYER,0,-1,-1,-1,3
596,T40,OTHER,6,2,36,0,-1,-1,04T40@2,BUYER,0,6,-1,-1,3
136,T40,OTHER,6,1,36,0,-1,-1,04T40@2,BUYER,0,6,-1,-1,3
552,T40,OTHER,7,1,36,0,-1,-1,04T40@2,BUYER,0,7,-1,-1,3
257,T40,OTHER,7,1,36,0,-1,-1,04T40@2,BUYER,0,7,-1,-1,3
975,T35,T35,7,7,14,1,-1,1,02T35@1,05T35@2,17,7,-1,-1,2
686,OTHER,T35,7,1,10,0,-1,-1,SELLER,01T35@0,0,7,-1,-1,0
268,OTHER,T16,7,1,10,0,-1,-1,SELLER,00T16@0,0,7,-1,-1,0
272,OTHER,T16,7,1,10,0,-1,-1,SELLER,00T16@0,0,7,-1,-1,0
890,T35,T35,7,9,14,1,-1,1,03T35@1,05T35@2,17,7,-1,-1,2
692,OTHER,T35,7,2,10,0,-1,-1,SELLER,01T35@0,0,7,-1,-1,0
701,OTHER,T35,7,2,10,0,-1,-1,SELLER,01T35@0,0,7,-1,-1,0
1063,T35,T35,7,5,14,3,-1,3,03T35@1,05T35@2,17,7,-1,-1,2
948,T35,T35,7,9,16,1,-1,1,02T35@1,05T35@2,17,7,-1,-1,2
340,T35,OTHER,7,1,36,0,-1,-1,05T35@2,BUYER,0,7,-1,-1,3
775,OTHER,T35,7,3,10,0,-1,-1,SELLER,01T35@0,0,7,-1,-1,0
777,T40,OTHER,7,4,36,-1,-1,-1,04T40@2,BUYER,0,-1,-1,-1,3
808,T40,OTHER,7,3,36,-1,-1,-1,04T40@2,BUYER,0,-1,-1,-1,3
1056,T35,T35,7,11,10,3,-1,3,01T35@0,02T35@1,17,7,-1,-1,1
851,T40,OTHER,7,3,36,-1,-1,-1,04T40@2,BUYER,0,-1,-1,-1,3
888,T35,T35,7,6,16,1,-1,1,03T35@1,05T35@2,17,7,-1,-1,2
275,T40,OTHER,7,1,36,0,-1,-1,04T40@2,BUYER,0,7,-1,-1,3
412,OTHER,T35,7,1,10,0,-1,-1,SELLER,01T35@0,0,7,-1,-1,0
1135,T35,T40,7,9,16,5,-1,5,03T35@1,04T40@2,17,7,-1,-1,2
1148,T35,T40,7,1,15,6,-1,6,02T35@1,04T40@2,17,7,-1,-1,2
12,T35,OTHER,7,4,36,0,-1,-1,05T35@2,BUYER,0,7,-1,-1,3
1104,T35,T35,7,7,14,4,-1,4,02T35@1,05T35@2,17,7,-1,-1,2
72,OTHER,T16,7,3,10,0,-1,-1,SELLER,00T16@0,0,7,-1,-1,0
1111,T35,T35,7,7,14,4,-1,4,03T35@1,05T35@2,17,7,-1,-1,2
40,OTHER,T16,7,3,10,0,-1,-1,SELLER,00T16@0,0,7,-1,-1,0
1138,T35,T35,7,9,14,5,-1,5,02T35@1,05T35@2,17,7,-1,-1,2
92,T40,OTHER,7,2,36,0,-1,-1,04T40@2,BUYER,0,7,-1,-1,3
1088,T35,T40,7,8,14,4,-1,4,02T35@1,04T40@2,17,7,-1,-1,2
1115,T35,T35,7,9,14,5,-1,5,03T35@1,05T35@2,17,7,-1,-1,2
138,OTHER,T16,7,3,10,0,-1,-1,SELLER,00T16@0,0,7,-1,-1,0
385,T35,OTHER,8,4,36,0,-1,-1,05T35@2,BUYER,0,8,-1,-1,3
1227,T35,T40,8,1,15,8,-1,8,03T35@1,04T40@2,17,8,-1,-1,2
1195,T35,T40,8,9,14,7,-1,7,03T35@1,04T40@2,17,8,-1,-1,2
1151,T35,T35,8,5,10,6,-1,6,01T35@0,03T35@1,17,8,-1,-1,1
1250,T35,T35,8,13,14,-1,-1,8,02T35@1,05T35@2,17,-1,-1,-1,2
1196,T35,T35,8,7,16,7,-1,7,03T35@1,05T35@2,17,8,-1,-1,2
1240,T35,T40,8,1,15,8,-1,8,02T35@1,04T40@2,17,8,-1,-1,2
657,OTHER,T16,8,2,10,0,-1,-1,SELLER,00T16@0,0,8,-1,-1,0
1155,T35,T35,8,5,9,6,-1,6,01T35@0,02T35@1,17,8,-1,-1,1
1248,T35,T35,8,13,14,-1,-1,8,03T35@1,05T35@2,17,-1,-1,-1,2
360,T35,OTHER,8,1,36,0,-1,-1,05T35@2,BUYER,0,8,-1,-1,3
656,T35,OTHER,8,1,36,0,-1,-1,05T35@2,BUYER,0,8,-1,-1,3
325,OTHER,T35,8,2,10,0,-1,-1,SELLER,01T35@0,0,8,-1,-1,0
321,OTHER,T35,8,2,10,0,-1,-1,SELLER,01T35@0,0,8,-1,-1,0
1174,T35,T40,8,9,14,6,-1,6,03T35@1,04T40@2,17,8,-1,-1,2
316,T40,OTHER,8,3,36,0,-1,-1,04T40@2,BUYER,0,8,-1,-1,3
1172,T35,T35,8,9,14,6,-1,6,02T35@1,05T35@2,17,8,-1,-1,2
859,T40,OTHER,8,1,36,-1,-1,-1,04T40@2,BUYER,0,-1,-1,-1,3
1156,T35,T40,8,8,14,6,-1,6,02T35@1,04T40@2,17,8,-1,-1,2
198,OTHER,T16,8,2,10,0,-1,-1,SELLER,00T16@0,0,8,-1,-1,0
878,T35,T35,8,9,14,1,-1,1,02T35@1,05T35@2,17,8,-1,-1,2
1165,T35,T35,8,9,16,6,-1,6,03T35@1,05T35@2,17,8,-1,-1,2
1017,T35,T35,8,5,9,2,-1,2,01T35@0,02T35@1,17,8,-1,-1,1
648,OTHER,T16,8,1,10,0,-1,-1,SELLER,00T16@0,0,8,-1,-1,0
762,T35,OTHER,8,2,36,0,-1,-1,05T35@2,BUYER,0,8,-1,-1,3
238,T35,OTHER,8,2,36,0,-1,-1,05T35@2,BUYER,0,8,-1,-1,3
228,T35,OTHER,8,1,36,0,-1,-1,05T35@2,BUYER,0,8,-1,-1,3
524,OTHER,T35,8,1,10,0,-1,-1,SELLER,01T35@0,0,8,-1,-1,0
532,OTHER,T35,8,2,10,0,-1,-1,SELLER,01T35@0,0,8,-1,-1,0
1204,T35,T40,8,8,14,7,-1,7,03T35@1,04T40@2,17,8,-1,-1,2
544,T35,OTHER,8,2,36,0,-1,-1,05T35@2,BUYER,0,8,-1,-1,3
397,T40,OTHER,8,2,36,0,-1,-1,04T40@2,BUYER,0,8,-1,-1,3
1126,T35,T35,8,6,10,5,-1,5,01T35@0,02T35@1,17,8,-1,-1,1
1084,T35,T35,8,11,10,4,-1,4,01T35@0,02T35@1,17,8,-1,-1,1
16,T35,OTHER,8,1,36,0,-1,-1,05T35@2,BUYER,0,8,-1,-1,3
57,OTHER,T35,8,4,10,0,-1,-1,SELLER,01T35@0,0,8,-1,-1,0
117,OTHER,T35,8,1,10,0,-1,-1,SELLER,01T35@0,0,8,-1,-1,0
606,OTHER,T35,8,1,10,0,-1,-1,SELLER,01T35@0,0,8,-1,-1,0
404,OTHER,T16,8,1,10,0,-1,-1,SELLER,00T16@0,0,8,-1,-1,0
616,OTHER,T16,8,1,10,0,-1,-1,SELLER,00T16@0,0,8,-1,-1,0
950,T35,T35,8,9,16,1,-1,1,03T35@1,05T35@2,17,8,-1,-1,2
1236,T35,T40,8,8,16,8,-1,8,02T35@1,04T40@2,17,8,-1,-1,2
535,T35,OTHER,9,2,36,0,-1,-1,05T35@2,BUYER,0,9,-1,-1,3
388,T35,OTHER,9,1,36,0,-1,-1,05T35@2,BUYER,0,9,-1,-1,3
829,T40,OTHER,9,2,36,-1,-1,-1,04T40@2,BUYER,0,-1,-1,-1,3
1279,T35,T40,9,8,16,9,-1,9,03T35@1,04T40@2,17,9,-1,-1,2
461,T35,OTHER,9,1,36,0,-1,-1,05T35@2,BUYER,0,9,-1,-1,3
860,T40,OTHER,9,1,36,-1,-1,-1,04T40@2,BUYER,0,-1,-1,-1,3
498,OTHER,T16,9,1,10,0,-1,-1,SELLER,00T16@0,0,9,-1,-1,0
469,OTHER,T35,9,2,10,0,-1,-1,SELLER,01T35@0,0,9,-1,-1,0
483,OTHER,T16,9,2,10,0,-1,-1,SELLER,00T16@0,0,9,-1,-1,0
518,OTHER,T16,9,2,10,0,-1,-1,SELLER,00T16@0,0,9,-1,-1,0
1276,T35,T40,9,9,16,9,-1,9,02T35@1,04T40@2,17,9,-1,-1,2
674,OTHER,T35,9,2,10,0,-1,-1,SELLER,01T35@0,0,9,-1,-1,0
1202,T35,T35,9,5,10,7,-1,7,01T35@0,02T35@1,17,9,-1,-1,1
743,OTHER,T35,9,2,10,0,-1,-1,SELLER,01T35@0,0,9,-1,-1,0
1034,T35,T35,9,6,10,2,-1,2,01T35@0,03T35@1,17,9,-1,-1,1
577,OTHER,T35,9,1,10,0,-1,-1,SELLER,01T35@0,0,9,-1,-1,0
1284,T35,T40,9,7,16,9,-1,9,02T35@1,04T40@2,17,9,-1,-1,2
97,T35,OTHER,9,1,36,0,-1,-1,05T35@2,BUYER,0,9,-1,-1,3
1191,T35,T40,9,8,14,7,-1,7,03T35@1,04T40@2,17,9,-1,-1,2
578,T35,OTHER,9,1,36,0,-1,-1,05T35@2,BUYER,0,9,-1,-1,3
416,OTHER,T35,9,2,10,0,-1,-1,SELLER,01T35@0,0,9,-1,-1,0
1201,T35,T40,9,10,16,7,-1,7,02T35@1,04T40@2,17,9,-1,-1,2
1200,T35,T35,9,5,9,7,-1,7,01T35@0,03T35@1,17,9,-1,-1,1
179,OTHER,T35,9,1,10,0,-1,-1,SELLER,01T35@0,0,9,-1,-1,0
815,T40,OTHER,9,2,36,-1,-1,-1,04T40@2,BUYER,0,-1,-1,-1,3
1220,T35,T40,9,9,14,8,-1,8,03T35@1,04T40@2,17,9,-1,-1,2
147,T35,OTHER,9,1,36,0,-1,-1,05T35@2,BUYER,0,9,-1,-1,3
42,T40,OTHER,9,3,36,0,-1,-1,04T40@2,BUYER,0,9,-1,-1,3
915,T35,T35,9,9,16,1,-1,1,02T35@1,05T35@2,17,9,-1,-1,2
912,T35,T35,9,6,14,1,-1,1,03T35@1,05T35@2,17,9,-1,-1,2
1255,T35,T35,9,5,16,9,-1,9,02T35@1,05T35@2,17,9,-1,-1,2
899,T35,T35,9,9,16,1,-1,1,03T35@1,05T35@2,17,9,-1,-1,2
49,OTHER,T16,9,1,10,0,-1,-1,SELLER,00T16@0,0,9,-1,-1,0
253,OTHER,T35,9,3,10,0,-1,-1,SELLER,01T35@0,0,9,-1,-1,0
1167,T35,T40,9,8,14,6,-1,6,03T35@1,04T40@2,17,9,-1,-1,2
952,T35,T35,9,5,14,1,-1,1,03T35@1,05T35@2,17,9,-1,-1,2
906,T35,T35,9,6,14,1,-1,1,02T35@1,05T35@2,17,9,-1,-1,2
892,T35,T35,9,14,16,1,-1,1,03T35@1,05T35@2,17,9,-1,-1,2
294,OTHER,T16,9,1,10,0,-1,-1,SELLER,00T16@0,0,9,-1,-1,0
14,T40,OTHER,9,2,36,0,-1,-1,04T40@2,BUYER,0,9,-1,-1,3
32,T35,OTHER,9,3,36,0,-1,-1,05T35@2,BUYER,0,9,-1,-1,3
1315,T35,T40,10,1,15,10,-1,10,02T35@1,04T40@2,17,10,-1,-1,2
804,T40,OTHER,10,2,36,-1,-1,-1,04T40@2,BUYER,0,-1,-1,-1,3
680,OTHER,T16,10,3,10,0,-1,-1,SELLER,00T16@0,0,10,-1,-1,0
98,T40,OTHER,10,1,36,0,-1,-1,04T40@2,BUYER,0,10,-1,-1,3
337,OTHER,T35,10,2,10,0,-1,-1,SELLER,01T35@0,0,10,-1,-1,0
548,OTHER,T16,10,1,10,0,-1,-1,SELLER,00T16@0,0,10,-1,-1,0
1289,T35,T40,10,7,16,10,-1,10,02T35@1,04T40@2,17,10,-1,-1,2
351,OTHER,T16,10,2,10,0,-1,-1,SELLER,00T16@0,0,10,-1,-1,0
154,T35,OTHER,10,3,36,0,-1,-1,05T35@2,BUYER,0,10,-1,-1,3
425,T35,OTHER,10,1,36,0,-1,-1,05T35@2,BUYER,0,10,-1,-1,3
1188,T35,T35,10,7,14,7,-1,7,02T35@1,05T35@2,17,10,-1,-1,2
944,T35,T35,10,8,16,1,-1,1,03T35@1,05T35@2,17,10,-1,-1,2
967,T35,T35,10,8,14,1,-1,1,02T35@1,05T35@2,17,10,-1,-1,2
83,OTHER,T35,10,1,10,0,-1,-1,SELLER,01T35@0,0,10,-1,-1,0
91,T35,OTHER,10,1,36,0,-1,-1,05T35@2,BUYER,0,10,-1,-1,3
406,OTHER,T16,10,3,10,0,-1,-1,SELLER,00T16@0,0,10,-1,-1,0
60,T40,OTHER,10,1,36,0,-1,-1,04T40@2,BUYER,0,10,-1,-1,3
744,T35,OTHER,10,2,36,0,-1,-1,05T35@2,BUYER,0,10,-1,-1,3
302,OTHER,T35,10,1,10,0,-1,-1,SELLER,01T35@0,0,10,-1,-1,0
895,T35,T35,10,6,14,1,-1,1,02T35@1,05T35@2,17,10,-1,-1,2
1303,T35,T40,10,1,15,10,-1,10,03T35@1,04T40@2,17,10,-1,-1,2
308,OTHER,T16,10,1,10,0,-1,-1,SELLER,00T16@0,0,10,-1,-1,0
196,T35,OTHER,10,2,36,0,-1,-1,05T35@2,BUYER,0,10,-1,-1,3
502,OTHER,T35,10,1,10,0,-1,-1,SELLER,01T35@0,0,10,-1,-1,0
1026,T35,T35,10,5,10,2,-1,2,01T35@0,03T35@1,17,10,-1,-1,1
200,OTHER,T35,10,1,10,0,-1,-1,SELLER,01T35@0,0,10,-1,-1,0
1298,T35,T40,10,10,14,10,-1,10,03T35@1,04T40@2,17,10,-1,-1,2
292,T35,OTHER,10,1,36,0,-1,-1,05T35@2,BUYER,0,10,-1,-1,3
1271,T35,T40,10,10,16,9,-1,9,02T35@1,04T40@2,17,10,-1,-1,2
671,OTHER,T35,10,3,10,0,-1,-1,SELLER,01T35@0,0,10,-1,-1,0
1242,T35,T40,10,10,16,8,-1,8,03T35@1,04T40@2,17,10,-1,-1,2
195,OTHER,T35,10,1,10,0,-1,-1,SELLER,01T35@0,0,10,-1,-1,0
824,T40,OTHER,10,2,36,-1,-1,-1,04T40@2,BUYER,0,-1,-1,-1,3
266,T35,OTHER,10,1,36,0,-1,-1,05T35@2,BUYER,0,10,-1,-1,3
514,T35,OTHER,10,1,36,0,-1,-1,05T35@2,BUYER,0,10,-1,-1,3
326,T40,OTHER,10,2,36,0,-1,-1,04T40@2,BUYER,0,10,-1,-1,3
956,T35,T35,11,6,14,1,-1,1,02T35@1,05T35@2,17,11,-1,-1,2
1330,T35,T40,11,1,15,11,-1,11,03T35@1,04T40@2,17,11,-1,-1,2
595,OTHER,T35,11,2,10,0,-1,-1,SELLER,01T35@0,0,11,-1,-1,0
1347,T35,T40,11,10,14,11,-1,11,03T35@1,04T40@2,17,11,-1,-1,2
203,T40,OTHER,11,2,36,0,-1,-1,04T40@2,BUYER,0,11,-1,-1,3
112,T35,OTHER,11,2,36,0,-1,-1,05T35@2,BUYER,0,11,-1,-1,3
1241,T35,T40,11,7,14,8,-1,8,03T35@1,04T40@2,17,11,-1,-1,2
254,T35,OTHER,11,2,36,0,-1,-1,05T35@2,BUYER,0,11,-1,-1,3
653,OTHER,T35,11,2,10,0,-1,-1,SELLER,01T35@0,0,11,-1,-1,0
202,OTHER,T16,11,2,10,0,-1,-1,SELLER,00T16@0,0,11,-1,-1,0
282,OTHER,T35,11,1,10,0,-1,-1,SELLER,01T35@0,0,11,-1,-1,0
801,T40,OTHER,11,2,36,-1,-1,-1,04T40@2,BUYER,0,-1,-1,-1,3
986,T35,T35,11,6,10,2,-1,2,01T35@0,03T35@1,17,11,-1,-1,1
163,OTHER,T35,11,1,10,0,-1,-1,SELLER,01T35@0,0,11,-1,-1,0
46,T35,OTHER,11,3,36,0,-1,-1,05T35@2,BUYER,0,11,-1,-1,3
74,T40,OTHER,11,2,36,0,-1,-1,04T40@2,BUYER,0,11,-1,-1,3
817,T40,OTHER,11,2,36,-1,-1,-1,04T40@2,BUYER,0,-1,-1,-1,3
234,T35,OTHER,11,1,36,0,-1,-1,05T35@2,BUYER,0,11,-1,-1,3
2,OTHER,T16,11,1,10,0,-1,-1,SELLER,00T16@0,0,11,-1,-1,0
431,T35,OTHER,11,2,36,0,-1,-1,05T35@2,BUYER,0,11,-1,-1,3
197,OTHER,T16,11,3,10,0,-1,-1,SELLER,00T16@0,0,11,-1,-1,0
429,T40,OTHER,11,1,36,0,-1,-1,04T40@2,BUYER,0,11,-1,-1,3
1340,T35,T35,11,6,16,11,-1,11,03T35@1,05T35@2,17,11,-1,-1,2
161,T40,OTHER,11,1,36,0,-1,-1,04T40@2,BUYER,0,11,-1,-1,3
465,OTHER,T16,11,1,10,0,-1,-1,SELLER,00T16@0,0,11,-1,-1,0
1277,T35,T40,11,9,16,9,-1,9,03T35@1,04T40@2,17,11,-1,-1,2
199,OTHER,T35,11,1,10,0,-1,-1,SELLER,01T35@0,0,11,-1,-1,0
435,OTHER,T16,11,3,10,0,-1,-1,SELLER,00T16@0,0,11,-1,-1,0
9,OTHER,T16,11,3,10,0,-1,-1,SELLER,00T16@0,0,11,-1,-1,0
4,T40,OTHER,12,1,36,0,-1,-1,04T40@2,BUYER,0,12,-1,-1,3
141,T40,OTHER,12,2,36,0,-1,-1,04T40@2,BUYER,0,12,-1,-1,3
509,OTHER,T16,12,1,10,0,-1,-1,SELLER,00T16@0,0,12,-1,-1,0
1316,T35,T40,12,9,14,10,-1,10,03T35@1,04T40@2,17,12,-1,-1,2
625,T35,OTHER,12,1,36,0,-1,-1,05T35@2,BUYER,0,12,-1,-1,3
251,T40,OTHER,12,1,36,0,-1,-1,04T40@2,BUYER,0,12,-1,-1,3
1292,T35,T35,12,9,16,10,-1,10,03T35@1,05T35@2,17,12,-1,-1,2
612,OTHER,T35,12,2,10,0,-1,-1,SELLER,01T35@0,0,12,-1,-1,0
561,T35,OTHER,12,3,36,0,-1,-1,05T35@2,BUYER,0,12,-1,-1,3
592,T35,OTHER,12,1,36,0,-1,-1,05T35@2,BUYER,0,12,-1,-1,3
1321,T35,T35,12,9,14,10,-1,10,02T35@1,05T35@2,17,12,-1,-1,2
401,OTHER,T35,12,1,10,0,-1,-1,SELLER,01T35@0,0,12,-1,-1,0
434,OTHER,T35,12,1,10,0,-1,-1,SELLER,01T35@0,0,12,-1,-1,0
1349,T35,T40,12,9,16,11,-1,11,02T35@1,04T40@2,17,12,-1,-1,2
186,OTHER,T35,12,3,10,0,-1,-1,SELLER,01T35@0,0,12,-1,-1,0
797,T40,OTHER,12,3,36,-1,-1,-1,04T40@2,BUYER,0,-1,-1,-1,3
763,OTHER,T35,12,2,10,0,-1,-1,SELLER,01T35@0,0,12,-1,-1,0
677,OTHER,T35,12,1,10,0,-1,-1,SELLER,01T35@0,0,12,-1,-1,0
875,T35,T35,12,5,14,1,-1,1,03T35@1,05T35@2,17,12,-1,-1,2
185,OTHER,T16,12,1,10,0,-1,-1,SELLER,00T16@0,0,12,-1,-1,0
1333,T35,T40,12,1,15,11,-1,11,02T35@1,04T40@2,17,12,-1,-1,2
773,OTHER,T16,12,3,10,0,-1,-1,SELLER,00T16@0,0,12,-1,-1,0
693,T35,OTHER,12,2,36,0,-1,-1,05T35@2,BUYER,0,12,-1,-1,3
790,T40,OTHER,12,2,36,-1,-1,-1,04T40@2,BUYER,0,-1,-1,-1,3
368,OTHER,T16,12,4,10,0,-1,-1,SELLER,00T16@0,0,12,-1,-1,0
194,OTHER,T16,12,1,10,0,-1,-1,SELLER,00T16@0,0,12,-1,-1,0
274,T35,OTHER,12,4,36,0,-1,-1,05T35@2,BUYER,0,12,-1,-1,3
914,T35,T35,12,5,14,1,-1,1,02T35@1,05T35@2,17,12,-1,-1,2
256,T35,OTHER,13,1,36,0,-1,-1,05T35@2,BUYER,0,13,-1,-1,3
1368,T35,T35,13,8,9,12,-1,12,01T35@0,02T35@1,17,13,-1,-1,1
73,OTHER,T35,13,2,10,0,-1,-1,SELLER,01T35@0,0,13,-1,-1,0
545,T35,OTHER,13,1,36,0,-1,-1,05T35@2,BUYER,0,13,-1,-1,3
77,T35,OTHER,13,3,36,0,-1,-1,05T35@2,BUYER,0,13,-1,-1,3
768,T35,OTHER,13,2,36,0,-1,-1,05T35@2,BUYER,0,13,-1,-1,3
110,OTHER,T35,13,2,10,0,-1,-1,SELLER,01T35@0,0,13,-1,-1,0
134,OTHER,T16,13,1,10,0,-1,-1,SELLER,00T16@0,0,13,-1,-1,0
1366,T35,T40,13,9,14,12,-1,12,02T35@1,04T40@2,17,13,-1,-1,2
1310,T35,T35,13,6,9,10,-1,10,01T35@0,02T35@1,17,13,-1,-1,1
449,OTHER,T16,13,1,10,0,-1,-1,SELLER,00T16@0,0,13,-1,-1,0
1059,T35,T35,13,5,10,3,-1,3,01T35@0,03T35@1,17,13,-1,-1,1
1364,T35,T35,13,6,9,12,-1,12,01T35@0,03T35@1,17,13,-1,-1,1
142,OTHER,T16,13,1,10,0,-1,-1,SELLER,00T16@0,0,13,-1,-1,0
144,OTHER,T35,13,1,10,0,-1,-1,SELLER,01T35@0,0,13,-1,-1,0
856,T40,OTHER,13,3,36,-1,-1,-1,04T40@2,BUYER,0,-1,-1,-1,3
871,T35,T35,13,5,14,1,-1,1,03T35@1,05T35@2,17,13,-1,-1,2
1304,T35,T40,13,7,14,10,-1,10,02T35@1,04T40@2,17,13,-1,-1,2
491,T35,OTHER,13,1,36,0,-1,-1,05T35@2,BUYER,0,13,-1,-1,3
487,T40,OTHER,13,2,36,0,-1,-1,04T40@2,BUYER,0,13,-1,-1,3
1264,T35,T35,13,5,14,9,-1,9,03T35@1,05T35@2,17,13,-1,-1,2
983,T35,T35,13,52,9,2,-1,2,01T35@0,02T35@1,16,13,-1,-1,1
753,OTHER,T35,13,1,10,0,-1,-1,SELLER,01T35@0,0,13,-1,-1,0
558,T40,OTHER,13,1,36,0,-1,-1,04T40@2,BUYER,0,13,-1,-1,3
277,OTHER,T16,13,3,10,0,-1,-1,SELLER,00T16@0,0,13,-1,-1,0
698,OTHER,T16,13,3,10,0,-1,-1,SELLER,00T16@0,0,13,-1,-1,0
349,T40,OTHER,13,1,36,0,-1,-1,04T40@2,BUYER,0,13,-1,-1,3
622,T35,OTHER,13,2,36,0,-1,-1,05T35@2,BUYER,0,13,-1,-1,3
1029,T35,T35,13,26,10,2,-1,2,01T35@0,03T35@1,17,13,-1,-1,1
687,OTHER,T35,13,1,10,0,-1,-1,SELLER,01T35@0,0,13,-1,-1,0
205,T40,OTHER,13,1,36,0,-1,-1,04T40@2,BUYER,0,13,-1,-1,3
1395,T35,T40,13,9,16,13,-1,13,02T35@1,04T40@2,17,13,-1,-1,2
1228,T35,T35,13,8,9,8,-1,8,01T35@0,02T35@1,17,13,-1,-1,1
418,T35,OTHER,13,1,36,0,-1,-1,05T35@2,BUYER,0,13,-1,-1,3
170,T40,OTHER,13,1,36,0,-1,-1,04T40@2,BUYER,0,13,-1,-1,3
250,OTHER,T35,13,3,10,0,-1,-1,SELLER,01T35@0,0,13,-1,-1,0
1420,T35,T40,13,8,16,13,-1,13,03T35@1,04T40@2,17,13,-1,-1,2
1318,T35,T35,13,6,9,10,-1,10,01T35@0,03T35@1,17,13,-1,-1,1
931,T35,T35,13,5,14,1,-1,1,02T35@1,05T35@2,17,13,-1,-1,2
1413,T35,T40,13,1,15,13,-1,13,02T35@1,04T40@2,17,13,-1,-1,2
569,OTHER,T16,13,1,10,0,-1,-1,SELLER,00T16@0,0,13,-1,-1,0
1385,T35,T35,13,8,9,12,-1,12,01T35@0,03T35@1,17,13,-1,-1,1
1442,T35,T40,14,8,16,14,-1,14,02T35@1,04T40@2,17,14,-1,-1,2
64,T35,OTHER,14,2,36,0,-1,-1,05T35@2,BUYER,0,14,-1,-1,3
1359,T35,T35,14,9,16,12,-1,12,02T35@1,05T35@2,17,14,-1,-1,2
69,T40,OTHER,14,3,36,0,-1,-1,04T40@2,BUYER,0,14,-1,-1,3
655,OTHER,T35,14,2,10,0,-1,-1,SELLER,01T35@0,0,14,-1,-1,0
1000,T35,T35,14,7,10,2,-1,2,01T35@0,03T35@1,17,14,-1,-1,1
482,T35,OTHER,14,2,36,0,-1,-1,05T35@2,BUYER,0,14,-1,-1,3
146,OTHER,T16,14,1,10,0,-1,-1,SELLER,00T16@0,0,14,-1,-1,0
1398,T35,T40,14,7,16,13,-1,13,03T35@1,04T40@2,17,14,-1,-1,2
1436,T35,T35,14,9,9,14,-1,14,01T35@0,03T35@1,17,14,-1,-1,1
1383,T35,T35,14,9,14,12,-1,12,03T35@1,05T35@2,17,14,-1,-1,2
560,OTHER,T35,14,2,10,0,-1,-1,SELLER,01T35@0,0,14,-1,-1,0
764,OTHER,T35,14,1,10,0,-1,-1,SELLER,01T35@0,0,14,-1,-1,0
747,OTHER,T35,14,2,10,0,-1,-1,SELLER,01T35@0,0,14,-1,-1,0
770,T35,OTHER,14,4,36,0,-1,-1,05T35@2,BUYER,0,14,-1,-1,3
553,T40,OTHER,14,1,36,0,-1,-1,04T40@2,BUYER,0,14,-1,-1,3
1186,T35,T35,14,6,9,7,-1,7,01T35@0,02T35@1,17,14,-1,-1,1
550,OTHER,T16,14,3,10,0,-1,-1,SELLER,00T16@0,0,14,-1,-1,0
1376,T35,T40,14,8,14,12,-1,12,03T35@1,04T40@2,17,14,-1,-1,2
715,OTHER,T16,14,2,10,0,-1,-1,SELLER,00T16@0,0,14,-1,-1,0
1396,T35,T40,14,1,15,13,-1,13,03T35@1,04T40@2,17,14,-1,-1,2
1338,T35,T40,14,8,14,11,-1,11,03T35@1,04T40@2,17,14,-1,-1,2
1427,T35,T40,14,7,16,14,-1,14,02T35@1,04T40@2,17,14,-1,-1,2
709,T35,OTHER,14,2,36,0,-1,-1,05T35@2,BUYER,0,14,-1,-1,3
704,T35,OTHER,14,1,36,0,-1,-1,05T35@2,BUYER,0,14,-1,-1,3
1360,T35,T40,14,7,14,12,-1,12,02T35@1,04T40@2,17,14,-1,-1,2
1343,T35,T40,14,7,14,11,-1,11,02T35@1,04T40@2,17,14,-1,-1,2
611,OTHER,T16,14,1,10,0,-1,-1,SELLER,00T16@0,0,14,-1,-1,0
192,T35,OTHER,14,1,36,0,-1,-1,05T35@2,BUYER,0,14,-1,-1,3
1258,T35,T35,14,4,10,9,-1,9,01T35@0,03T35@1,17,14,-1,-1,1
370,T35,OTHER,14,2,36,0,-1,-1,05T35@2,BUYER,0,14,-1,-1,3
263,OTHER,T35,14,2,10,0,-1,-1,SELLER,01T35@0,0,14,-1,-1,0
407,T35,OTHER,14,2,36,0,-1,-1,05T35@2,BUYER,0,14,-1,-1,3
159,OTHER,T16,14,2,10,0,-1,-1,SELLER,00T16@0,0,14,-1,-1,0
1285,T35,T35,14,4,10,9,-1,9,01T35@0,02T35@1,17,14,-1,-1,1
314,OTHER,T35,14,2,10,0,-1,-1,SELLER,01T35@0,0,14,-1,-1,0
1386,T35,T40,15,8,14,12,-1,12,02T35@1,04T40@2,17,15,-1,-1,2
506,OTHER,T35,15,4,10,0,-1,-1,SELLER,01T35@0,0,15,-1,-1,0
150,T40,OTHER,15,1,36,0,-1,-1,04T40@2,BUYER,0,15,-1,-1,3
779,T40,OTHER,15,3,36,-1,-1,-1,04T40@2,BUYER,0,-1,-1,-1,3
236,T35,OTHER,15,1,36,0,-1,-1,05T35@2,BUYER,0,15,-1,-1,3
208,T35,OTHER,15,2,36,0,-1,-1,05T35@2,BUYER,0,15,-1,-1,3
118,T40,OTHER,15,3,36,0,-1,-1,04T40@2,BUYER,0,15,-1,-1,3
1412,T35,T35,15,5,10,13,-1,13,01T35@0,02T35@1,17,15,-1,-1,1
29,OTHER,T35,15,1,10,0,-1,-1,SELLER,01T35@0,0,15,-1,-1,0
1327,T35,T35,15,6,14,11,-1,11,02T35@1,05T35@2,17,15,-1,-1,2
1411,T35,T40,15,8,14,13,-1,13,03T35@1,04T40@2,17,15,-1,-1,2
1491,T35,T40,15,1,15,15,-1,15,02T35@1,04T40@2,17,15,-1,-1,2
1487,T35,T40,15,1,15,15,-1,15,03T35@1,04T40@2,17,15,-1,-1,2
822,T40,OTHER,15,1,36,-1,-1,-1,04T40@2,BUYER,0,-1,-1,-1,3
664,OTHER,T35,15,1,10,0,-1,-1,SELLER,01T35@0,0,15,-1,-1,0
444,T35,OTHER,15,1,36,0,-1,-1,05T35@2,BUYER,0,15,-1,-1,3
803,T40,OTHER,15,2,36,-1,-1,-1,04T40@2,BUYER,0,-1,-1,-1,3
378,OTHER,T16,15,3,10,0,-1,-1,SELLER,00T16@0,0,15,-1,-1,0
624,OTHER,T16,15,1,10,0,-1,-1,SELLER,00T16@0,0,15,-1,-1,0
1466,T35,T40,15,8,16,15,-1,15,02T35@1,04T40@2,17,15,-1,-1,2
41,T40,OTHER,15,1,36,0,-1,-1,04T40@2,BUYER,0,15,-1,-1,3
754,OTHER,T35,15,1,10,0,-1,-1,SELLER,01T35@0,0,15,-1,-1,0
289,T40,OTHER,15,1,36,0,-1,-1,04T40@2,BUYER,0,15,-1,-1,3
220,OTHER,T35,15,1,10,0,-1,-1,SELLER,01T35@0,0,15,-1,-1,0
806,T40,OTHER,15,1,36,-1,-1,-1,04T40@2,BUYER,0,-1,-1,-1,3
996,T35,T35,15,8,10,2,-1,2,01T35@0,02T35@1,17,15,-1,-1,1
1467,T35,T35,15,9,9,15,-1,15,01T35@0,03T35@1,17,15,-1,-1,1
492,OTHER,T16,15,2,10,0,-1,-1,SELLER,00T16@0,0,15,-1,-1,0
737,OTHER,T35,15,2,10,0,-1,-1,SELLER,01T35@0,0,15,-1,-1,0
1469,T35,T40,15,7,16,15,-1,15,03T35@1,04T40@2,17,15,-1,-1,2
21,OTHER,T16,15,1,10,0,-1,-1,SELLER,00T16@0,0,15,-1,-1,0
333,OTHER,T35,15,1,10,0,-1,-1,SELLER,01T35@0,0,15,-1,-1,0
273,T35,OTHER,15,3,36,0,-1,-1,05T35@2,BUYER,0,15,-1,-1,3
727,OTHER,T16,15,2,10,0,-1,-1,SELLER,00T16@0,0,15,-1,-1,0
1514,T35,T40,16,8,16,16,-1,16,02T35@1,04T40@2,17,16,-1,-1,2
1500,T35,T40,16,1,15,16,-1,16,03T35@1,04T40@2,17,16,-1,-1,2
1453,T35,T35,16,9,14,14,-1,14,03T35@1,05T35@2,17,16,-1,-1,2
19,OTHER,T35,16,4,10,0,-1,-1,SELLER,01T35@0,0,16,-1,-1,0
1504,T35,T40,16,1,15,16,-1,16,03T35@1,04T40@2,17,16,-1,-1,2
1197,T35,T35,16,6,10,7,-1,7,01T35@0,03T35@1,17,16,-1,-1,1
1176,T35,T35,16,7,10,6,-1,6,01T35@0,02T35@1,17,16,-1,-1,1
629,T35,OTHER,16,2,36,0,-1,-1,05T35@2,BUYER,0,16,-1,-1,3
133,OTHER,T35,16,2,10,0,-1,-1,SELLER,01T35@0,0,16,-1,-1,0
399,T35,OTHER,16,1,36,0,-1,-1,05T35@2,BUYER,0,16,-1,-1,3
153,OTHER,T16,16,2,10,0,-1,-1,SELLER,00T16@0,0,16,-1,-1,0
417,OTHER,T35,16,1,10,0,-1,-1,SELLER,01T35@0,0,16,-1,-1,0
122,T35,OTHER,16,2,36,0,-1,-1,05T35@2,BUYER,0,16,-1,-1,3
1143,T35,T35,16,8,10,5,-1,5,01T35@0,03T35@1,17,16,-1,-1,1
1501,T35,T35,16,8,9,16,-1,16,01T35@0,02T35@1,17,16,-1,-1,1
605,OTHER,T16,16,1,10,0,-1,-1,SELLER,00T16@0,0,16,-1,-1,0
1507,T35,T35,16,9,9,16,-1,16,01T35@0,02T35@1,17,16,-1,-1,1
1472,T35,T40,16,8,16,15,-1,15,03T35@1,04T40@2,17,16,-1,-1,2
96,T35,OTHER,16,3,36,0,-1,-1,05T35@2,BUYER,0,16,-1,-1,3
226,T40,OTHER,16,2,36,0,-1,-1,04T40@2,BUYER,0,16,-1,-1,3
991,T35,T35,16,10,8,2,-1,2,01T35@0,03T35@1,17,16,-1,-1,1
285,OTHER,T35,16,1,10,0,-1,-1,SELLER,01T35@0,0,16,-1,-1,0
101,OTHER,T16,16,3,10,0,-1,-1,SELLER,00T16@0,0,16,-1,-1,0
1140,T35,T35,16,8,10,5,-1,5,01T35@0,02T35@1,17,16,-1,-1,1
456,T35,OTHER,16,2,36,0,-1,-1,05T35@2,BUYER,0,16,-1,-1,3
1432,T35,T35,16,9,16,14,-1,14,02T35@1,05T35@2,17,16,-1,-1,2
1426,T35,T35,16,5,9,14,-1,14,01T35@0,02T35@1,17,16,-1,-1,1
139,OTHER,T35,16,1,10,0,-1,-1,SELLER,01T35@0,0,16,-1,-1,0
1150,T35,T35,16,7,10,6,-1,6,01T35@0,03T35@1,17,16,-1,-1,1
837,T40,OTHER,16,2,36,-1,-1,-1,04T40@2,BUYER,0,-1,-1,-1,3
836,T40,OTHER,16,1,36,-1,-1,-1,04T40@2,BUYER,0,-1,-1,-1,3
1524,T35,T40,16,1,15,16,-1,16,02T35@1,04T40@2,17,16,-1,-1,2
1446,T35,T35,16,5,10,14,-1,14,01T35@0,03T35@1,17,16,-1,-1,1
771,OTHER,T35,16,2,10,0,-1,-1,SELLER,01T35@0,0,16,-1,-1,0
834,T40,OTHER,16,1,36,-1,-1,-1,04T40@2,BUYER,0,-1,-1,-1,3
11,OTHER,T16,16,1,10,0,-1,-1,SELLER,00T16@0,0,16,-1,-1,0
1452,T35,T40,16,8,14,14,-1,14,02T35@1,04T40@2,17,16,-1,-1,2
283,OTHER,T35,16,2,10,0,-1,-1,SELLER,01T35@0,0,16,-1,-1,0
148,T40,OTHER,16,3,36,0,-1,-1,04T40@2,BUYER,0,16,-1,-1,3
846,T40,OTHER,16,1,36,-1,-1,-1,04T40@2,BUYER,0,-1,-1,-1,3
1543,T35,T35,17,5,16,17,-1,17,02T35@1,05T35@2,17,17,-1,-1,2
1399,T35,T35,17,6,14,13,-1,13,02T35@1,05T35@2,17,17,-1,-1,2
583,OTHER,T16,17,1,10,0,-1,-1,SELLER,00T16@0,0,17,-1,-1,0
201,OTHER,T16,17,1,10,0,-1,-1,SELLER,00T16@0,0,17,-1,-1,0
1405,T35,T35,17,6,14,13,-1,13,03T35@1,05T35@2,17,17,-1,-1,2
644,OTHER,T35,17,2,10,0,-1,-1,SELLER,01T35@0,0,17,-1,-1,0
707,OTHER,T16,17,1,10,0,-1,-1,SELLER,00T16@0,0,17,-1,-1,0
295,OTHER,T16,17,2,10,0,-1,-1,SELLER,00T16@0,0,17,-1,-1,0
1019,T35,T35,17,10,10,2,-1,2,01T35@0,03T35@1,17,17,-1,-1,1
1519,T35,T40,17,9,16,16,-1,16,03T35@1,04T40@2,17,17,-1,-1,2
403,OTHER,T16,17,4,10,0,-1,-1,SELLER,00T16@0,0,17,-1,-1,0
787,T40,OTHER,17,1,36,-1,-1,-1,04T40@2,BUYER,0,-1,-1,-1,3
1527,T35,T35,17,8,10,16,-1,16,01T35@0,03T35@1,17,17,-1,-1,1
1512,T35,T40,17,1,15,16,-1,16,02T35@1,04T40@2,17,17,-1,-1,2
381,T35,OTHER,17,2,36,0,-1,-1,05T35@2,BUYER,0,17,-1,-1,3
300,T40,OTHER,17,2,36,0,-1,-1,04T40@2,BUYER,0,17,-1,-1,3
363,OTHER,T35,17,2,10,0,-1,-1,SELLER,01T35@0,0,17,-1,-1,0
1541,T35,T35,17,5,16,17,-1,17,03T35@1,05T35@2,17,17,-1,-1,2
855,T40,OTHER,17,3,36,-1,-1,-1,04T40@2,BUYER,0,-1,-1,-1,3
513,T35,OTHER,17,1,36,0,-1,-1,05T35@2,BUYER,0,17,-1,-1,3
1235,T35,T35,17,8,10,8,-1,8,01T35@0,03T35@1,17,17,-1,-1,1
1456,T35,T40,17,8,14,14,-1,14,03T35@1,04T40@2,17,17,-1,-1,2
323,T40,OTHER,17,2,36,0,-1,-1,04T40@2,BUYER,0,17,-1,-1,3
1464,T35,T35,17,8,10,15,-1,15,01T35@0,02T35@1,17,17,-1,-1,1
1471,T35,T35,17,8,10,15,-1,15,01T35@0,03T35@1,17,17,-1,-1,1
849,T40,OTHER,17,2,36,-1,-1,-1,04T40@2,BUYER,0,-1,-1,-1,3
1474,T35,T40,17,9,14,15,-1,15,02T35@1,04T40@2,17,17,-1,-1,2
244,OTHER,T35,17,1,10,0,-1,-1,SELLER,01T35@0,0,17,-1,-1,0
156,OTHER,T35,17,2,10,0,-1,-1,SELLER,01T35@0,0,17,-1,-1,0
233,T40,OTHER,17,1,36,0,-1,-1,04T40@2,BUYER,0,17,-1,-1,3
437,OTHER,T35,17,4,10,0,-1,-1,SELLER,01T35@0,0,17,-1,-1,0
455,T35,OTHER,17,4,36,0,-1,-1,05T35@2,BUYER,0,17,-1,-1,3
1033,T35,T35,17,10,8,2,-1,2,01T35@0,02T35@1,17,17,-1,-1,1
811,T40,OTHER,17,1,36,-1,-1,-1,04T40@2,BUYER,0,-1,-1,-1,3
809,T40,OTHER,17,1,36,-1,-1,-1,04T40@2,BUYER,0,-1,-1,-1,3
1454,T35,T35,17,9,10,14,-1,14,01T35@0,02T35@1,17,17,-1,-1,1
1530,T35,T35,18,7,9,17,-1,17,01T35@0,03T35@1,17,18,-1,-1,1
1580,T35,T40,18,1,15,18,-1,18,03T35@1,04T40@2,17,18,-1,-1,2
1108,T35,T35,18,10,10,4,-1,4,01T35@0,02T35@1,17,18,-1,-1,1
466,OTHER,T35,18,1,10,0,-1,-1,SELLER,01T35@0,0,18,-1,-1,0
705,OTHER,T16,18,1,10,0,-1,-1,SELLER,00T16@0,0,18,-1,-1,0
78,OTHER,T16,18,2,10,0,-1,-1,SELLER,00T16@0,0,18,-1,-1,0
827,T40,OTHER,18,2,36,-1,-1,-1,04T40@2,BUYER,0,-1,-1,-1,3
214,T40,OTHER,18,2,36,0,-1,-1,04T40@2,BUYER,0,18,-1,-1,3
383,T40,OTHER,18,2,36,0,-1,-1,04T40@2,BUYER,0,18,-1,-1,3
700,OTHER,T35,18,1,10,0,-1,-1,SELLER,01T35@0,0,18,-1,-1,0
81,T35,OTHER,18,1,36,0,-1,-1,05T35@2,BUYER,0,18,-1,-1,3
452,T35,OTHER,18,2,36,0,-1,-1,05T35@2,BUYER,0,18,-1,-1,3
649,T35,OTHER,18,2,36,0,-1,-1,05T35@2,BUYER,0,18,-1,-1,3
650,OTHER,T16,18,2,10,0,-1,-1,SELLER,00T16@0,0,18,-1,-1,0
769,T35,OTHER,18,1,36,0,-1,-1,05T35@2,BUYER,0,18,-1,-1,3
235,OTHER,T35,18,3,10,0,-1,-1,SELLER,01T35@0,0,18,-1,-1,0
1576,T35,T35,18,5,16,18,-1,18,02T35@1,05T35@2,17,18,-1,-1,2
694,OTHER,T16,18,1,10,0,-1,-1,SELLER,00T16@0,0,18,-1,-1,0
247,OTHER,T16,18,2,10,0,-1,-1,SELLER,00T16@0,0,18,-1,-1,0
178,OTHER,T35,18,1,10,0,-1,-1,SELLER,01T35@0,0,18,-1,-1,0
922,T35,T35,18,6,15,1,-1,1,03T35@1,05T35@2,17,18,-1,-1,2
987,T35,T35,18,14,10,2,-1,2,01T35@0,03T35@1,17,18,-1,-1,1
831,T40,OTHER,18,1,36,-1,-1,-1,04T40@2,BUYER,0,-1,-1,-1,3
318,T35,OTHER,18,1,36,0,-1,-1,05T35@2,BUYER,0,18,-1,-1,3
276,T35,OTHER,18,3,36,0,-1,-1,05T35@2,BUYER,0,18,-1,-1,3
1563,T35,T40,18,8,16,18,-1,18,02T35@1,04T40@2,17,18,-1,-1,2
1342,T35,T35,18,8,10,11,-1,11,01T35@0,02T35@1,17,18,-1,-1,1
1562,T35,T40,18,1,15,18,-1,18,02T35@1,04T40@2,17,18,-1,-1,2
1007,T35,T35,18,13,8,2,-1,2,01T35@0,02T35@1,17,18,-1,-1,1
352,OTHER,T16,18,3,10,0,-1,-1,SELLER,00T16@0,0,18,-1,-1,0
1102,T35,T35,18,10,10,4,-1,4,01T35@0,03T35@1,17,18,-1,-1,1
1397,T35,T35,18,5,10,13,-1,13,01T35@0,03T35@1,17,18,-1,-1,1
1542,T35,T40,18,9,14,17,-1,17,03T35@1,04T40@2,17,18,-1,-1,2
218,T35,OTHER,18,2,36,0,-1,-1,05T35@2,BUYER,0,18,-1,-1,3
1341,T35,T35,18,8,10,11,-1,11,01T35@0,03T35@1,17,18,-1,-1,1
478,OTHER,T35,18,3,10,0,-1,-1,SELLER,01T35@0,0,18,-1,-1,0
1554,T35,T40,18,8,14,17,-1,17,03T35@1,04T40@2,17,18,-1,-1,2
65,T40,OTHER,18,1,36,0,-1,-1,04T40@2,BUYER,0,18,-1,-1,3
1589,T35,T40,19,9,14,18,-1,18,03T35@1,04T40@2,17,19,-1,-1,2
123,OTHER,T35,19,1,10,0,-1,-1,SELLER,01T35@0,0,19,-1,-1,0
119,T40,OTHER,19,3,36,0,-1,-1,04T40@2,BUYER,0,19,-1,-1,3
1531,T35,T40,19,9,14,17,-1,17,03T35@1,04T40@2,17,19,-1,-1,2
457,T35,OTHER,19,1,36,0,-1,-1,05T35@2,BUYER,0,19,-1,-1,3
1523,T35,T40,19,8,14,16,-1,16,02T35@1,04T40@2,17,19,-1,-1,2
590,OTHER,T16,19,1,10,0,-1,-1,SELLER,00T16@0,0,19,-1,-1,0
866,T40,OTHER,19,2,36,-1,-1,-1,04T40@2,BUYER,0,-1,-1,-1,3
474,OTHER,T35,19,3,10,0,-1,-1,SELLER,01T35@0,0,19,-1,-1,0
1468,T35,T35,19,6,14,15,-1,15,03T35@1,05T35@2,17,19,-1,-1,2
458,OTHER,T35,19,1,10,0,-1,-1,SELLER,01T35@0,0,19,-1,-1,0
484,OTHER,T16,19,3,10,0,-1,-1,SELLER,00T16@0,0,19,-1,-1,0
245,T35,OTHER,19,3,36,0,-1,-1,05T35@2,BUYER,0,19,-1,-1,3
788,T40,OTHER,19,1,36,-1,-1,-1,04T40@2,BUYER,0,-1,-1,-1,3
1560,T35,T40,19,9,16,18,-1,18,02T35@1,04T40@2,17,19,-1,-1,2
1506,T35,T35,19,6,10,16,-1,16,01T35@0,03T35@1,17,19,-1,-1,1
405,T35,OTHER,19,3,36,0,-1,-1,05T35@2,BUYER,0,19,-1,-1,3
621,OTHER,T16,19,2,10,0,-1,-1,SELLER,00T16@0,0,19,-1,-1,0
1498,T35,T35,19,8,14,16,-1,16,03T35@1,05T35@2,17,19,-1,-1,2
1575,T35,T40,19,7,16,18,-1,18,02T35@1,04T40@2,17,19,-1,-1,2
1511,T35,T35,19,8,14,16,-1,16,02T35@1,05T35@2,17,19,-1,-1,2
27,T40,OTHER,19,2,36,0,-1,-1,04T40@2,BUYER,0,19,-1,-1,3
493,OTHER,T16,19,1,10,0,-1,-1,SELLER,00T16@0,0,19,-1,-1,0
172,OTHER,T35,19,2,10,0,-1,-1,SELLER,01T35@0,0,19,-1,-1,0
784,T40,OTHER,19,1,36,-1,-1,-1,04T40@2,BUYER,0,-1,-1,-1,3
95,OTHER,T16,19,1,10,0,-1,-1,SELLER,00T16@0,0,19,-1,-1,0
994,T35,T35,19,7,8,2,-1,2,01T35@0,03T35@1,17,19,-1,-1,1
702,OTHER,T35,19,3,10,0,-1,-1,SELLER,01T35@0,0,19,-1,-1,0
608,T35,OTHER,19,1,36,0,-1,-1,05T35@2,BUYER,0,19,-1,-1,3
792,T40,OTHER,19,1,36,-1,-1,-1,04T40@2,BUYER,0,-1,-1,-1,3
556,OTHER,T35,19,1,10,0,-1,-1,SELLER,01T35@0,0,19,-1,-1,0
830,T40,OTHER,19,2,36,-1,-1,-1,04T40@2,BUYER,0,-1,-1,-1,3
699,OTHER,T35,19,1,10,0,-1,-1,SELLER,01T35@0,0,19,-1,-1,0
1552,T35,T40,19,8,14,17,-1,17,03T35@1,04T40@2,17,19,-1,-1,2
1481,T35,T35,19,6,14,15,-1,15,02T35@1,05T35@2,17,19,-1,-1,2
1611,T35,T40,19,9,16,19,-1,19,03T35@1,04T40@2,17,19,-1,-1,2
1606,T35,T40,20,9,14,19,-1,19,03T35@1,04T40@2,17,20,-1,-1,2
227,T35,OTHER,20,1,36,0,-1,-1,05T35@2,BUYER,0,20,-1,-1,3
89,T35,OTHER,20,1,36,0,-1,-1,05T35@2,BUYER,0,20,-1,-1,3
756,OTHER,T16,20,1,10,0,-1,-1,SELLER,00T16@0,0,20,-1,-1,0
373,OTHER,T16,20,1,10,0,-1,-1,SELLER,00T16@0,0,20,-1,-1,0
907,T35,T35,20,5,15,1,-1,1,03T35@1,05T35@2,17,20,-1,-1,2
861,T40,OTHER,20,2,36,-1,-1,-1,04T40@2,BUYER,0,-1,-1,-1,3
221,T40,OTHER,20,2,36,0,-1,-1,04T40@2,BUYER,0,20,-1,-1,3
222,OTHER,T16,20,1,10,0,-1,-1,SELLER,00T16@0,0,20,-1,-1,0
366,OTHER,T35,20,1,10,0,-1,-1,SELLER,01T35@0,0,20,-1,-1,0
1592,T35,T35,20,52,10,-1,-1,18,01T35@0,02T35@1,16,-1,-1,-1,1
802,T40,OTHER,20,1,36,-1,-1,-1,04T40@2,BUYER,0,-1,-1,-1,3
84,OTHER,T35,20,2,10,0,-1,-1,SELLER,01T35@0,0,20,-1,-1,0
33,OTHER,T16,20,2,10,0,-1,-1,SELLER,00T16@0,0,20,-1,-1,0
128,OTHER,T35,20,2,10,0,-1,-1,SELLER,01T35@0,0,20,-1,-1,0
336,OTHER,T16,20,2,10,0,-1,-1,SELLER,00T16@0,0,20,-1,-1,0
408,T35,OTHER,20,3,36,0,-1,-1,05T35@2,BUYER,0,20,-1,-1,3
610,OTHER,T16,20,1,10,0,-1,-1,SELLER,00T16@0,0,20,-1,-1,0
345,T40,OTHER,20,1,36,0,-1,-1,04T40@2,BUYER,0,20,-1,-1,3
1005,T35,T35,20,6,8,2,-1,2,01T35@0,03T35@1,17,20,-1,-1,1
242,T35,OTHER,20,2,36,0,-1,-1,05T35@2,BUYER,0,20,-1,-1,3
1035,T35,T35,20,10,8,2,-1,2,01T35@0,02T35@1,17,20,-1,-1,1
639,OTHER,T35,20,3,10,0,-1,-1,SELLER,01T35@0,0,20,-1,-1,0
1643,T35,T40,20,1,15,20,-1,20,02T35@1,04T40@2,17,20,-1,-1,2
1653,T35,T40,20,9,16,20,-1,20,03T35@1,04T40@2,17,20,-1,-1,2
190,OTHER,T16,20,2,10,0,-1,-1,SELLER,00T16@0,0,20,-1,-1,0
1641,T35,T40,20,1,15,20,-1,20,03T35@1,04T40@2,17,20,-1,-1,2
1654,T35,T35,20,5,16,20,-1,20,02T35@1,05T35@2,17,20,-1,-1,2
105,T35,OTHER,20,1,36,0,-1,-1,05T35@2,BUYER,0,20,-1,-1,3
932,T35,T35,20,5,15,1,-1,1,02T35@1,05T35@2,17,20,-1,-1,2
334,OTHER,T16,20,2,10,0,-1,-1,SELLER,00T16@0,0,20,-1,-1,0
1628,T35,T40,20,7,16,20,-1,20,03T35@1,04T40@2,17,20,-1,-1,2
579,T35,OTHER,20,2,36,0,-1,-1,05T35@2,BUYER,0,20,-1,-1,3
521,T35,OTHER,20,2,36,0,-1,-1,05T35@2,BUYER,0,20,-1,-1,3
1626,T35,T40,20,8,14,19,-1,19,02T35@1,04T40@2,17,20,-1,-1,2
391,T40,OTHER,20,2,36,0,-1,-1,04T40@2,BUYER,0,20,-1,-1,3
85,OTHER,T16,21,2,10,0,-1,-1,SELLER,00T16@0,0,21,-1,-1,0
572,OTHER,T35,21,1,10,0,-1,-1,SELLER,01T35@0,0,21,-1,-1,0
1678,T35,T40,21,8,16,21,-1,21,02T35@1,04T40@2,17,21,-1,-1,2
44,T35,OTHER,21,2,36,0,-1,-1,05T35@2,BUYER,0,21,-1,-1,3
335,OTHER,T16,21,3,10,0,-1,-1,SELLER,00T16@0,0,21,-1,-1,0
795,T40,OTHER,21,2,36,-1,-1,-1,04T40@2,BUYER,0,-1,-1,-1,3
1001,T35,T35,21,7,8,2,-1,2,01T35@0,03T35@1,17,21,-1,-1,1
599,OTHER,T16,21,2,10,0,-1,-1,SELLER,00T16@0,0,21,-1,-1,0
598,OTHER,T16,21,1,10,0,-1,-1,SELLER,00T16@0,0,21,-1,-1,0
411,OTHER,T16,21,1,10,0,-1,-1,SELLER,00T16@0,0,21,-1,-1,0
1684,T35,T40,21,9,16,21,-1,21,03T35@1,04T40@2,17,21,-1,-1,2
193,T35,OTHER,21,1,36,0,-1,-1,05T35@2,BUYER,0,21,-1,-1,3
1664,T35,T40,21,1,15,21,-1,21,02T35@1,04T40@2,17,21,-1,-1,2
604,T35,OTHER,21,4,36,0,-1,-1,05T35@2,BUYER,0,21,-1,-1,3
149,T40,OTHER,21,2,36,0,-1,-1,04T40@2,BUYER,0,21,-1,-1,3
15,T40,OTHER,21,1,36,0,-1,-1,04T40@2,BUYER,0,21,-1,-1,3
751,OTHER,T35,21,2,10,0,-1,-1,SELLER,01T35@0,0,21,-1,-1,0
862,T40,OTHER,21,1,36,-1,-1,-1,04T40@2,BUYER,0,-1,-1,-1,3
835,T40,OTHER,21,1,36,-1,-1,-1,04T40@2,BUYER,0,-1,-1,-1,3
1614,T35,T35,21,10,16,19,-1,19,02T35@1,05T35@2,17,21,-1,-1,2
1622,T35,T35,21,10,14,19,-1,19,03T35@1,05T35@2,17,21,-1,-1,2
108,OTHER,T35,21,2,10,0,-1,-1,SELLER,01T35@0,0,21,-1,-1,0
886,T35,T35,21,10,13,1,-1,1,03T35@1,05T35@2,17,21,-1,-1,2
28,T40,OTHER,21,1,36,0,-1,-1,04T40@2,BUYER,0,21,-1,-1,3
635,T35,OTHER,21,1,36,0,-1,-1,05T35@2,BUYER,0,21,-1,-1,3
145,T40,OTHER,21,1,36,0,-1,-1,04T40@2,BUYER,0,21,-1,-1,3
1581,T35,T35,21,26,10,18,-1,18,01T35@0,03T35@1,17,21,-1,-1,1
1651,T35,T40,21,8,16,20,-1,20,03T35@1,04T40@2,17,21,-1,-1,2
818,T40,OTHER,21,2,36,-1,-1,-1,04T40@2,BUYER,0,-1,-1,-1,3
213,OTHER,T16,21,1,10,0,-1,-1,SELLER,00T16@0,0,21,-1,-1,0
627,OTHER,T16,21,3,10,0,-1,-1,SELLER,00T16@0,0,21,-1,-1,0
714,OTHER,T35,21,1,10,0,-1,-1,SELLER,01T35@0,0,21,-1,-1,0
496,T35,OTHER,21,1,36,0,-1,-1,05T35@2,BUYER,0,21,-1,-1,3
660,OTHER,T35,21,1,10,0,-1,-1,SELLER,01T35@0,0,21,-1,-1,0
825,T40,OTHER,22,3,36,-1,-1,-1,04T40@2,BUYER,0,-1,-1,-1,3
288,T35,OTHER,22,1,36,0,-1,-1,05T35@2,BUYER,0,22,-1,-1,3
1064,T35,T35,22,5,8,3,-1,3,01T35@0,02T35@1,17,22,-1,-1,1
905,T35,T35,22,10,15,1,-1,1,02T35@1,05T35@2,17,22,-1,-1,2
297,T35,OTHER,22,3,36,0,-1,-1,05T35@2,BUYER,0,22,-1,-1,3
313,OTHER,T35,22,2,10,0,-1,-1,SELLER,01T35@0,0,22,-1,-1,0
739,T35,OTHER,22,1,36,0,-1,-1,05T35@2,BUYER,0,22,-1,-1,3
497,OTHER,T16,22,1,10,0,-1,-1,SELLER,00T16@0,0,22,-1,-1,0
526,OTHER,T35,22,2,10,0,-1,-1,SELLER,01T35@0,0,22,-1,-1,0
113,OTHER,T35,22,1,10,0,-1,-1,SELLER,01T35@0,0,22,-1,-1,0
255,OTHER,T16,22,1,10,0,-1,-1,SELLER,00T16@0,0,22,-1,-1,0
641,T35,OTHER,22,1,36,0,-1,-1,05T35@2,BUYER,0,22,-1,-1,3
454,OTHER,T16,22,1,10,0,-1,-1,SELLER,00T16@0,0,22,-1,-1,0
1668,T35,T40,22,1,15,21,-1,21,03T35@1,04T40@2,17,22,-1,-1,2
1615,T35,T40,22,7,14,19,-1,19,02T35@1,04T40@2,17,22,-1,-1,2
1612,T35,T40,22,8,14,19,-1,19,03T35@1,04T40@2,17,22,-1,-1,2
1693,T35,T35,22,32,10,-1,-1,21,01T35@0,02T35@1,17,-1,-1,-1,1
420,OTHER,T16,22,2,10,0,-1,-1,SELLER,00T16@0,0,22,-1,-1,0
628,OTHER,T35,22,2,10,0,-1,-1,SELLER,01T35@0,0,22,-1,-1,0
575,T35,OTHER,22,3,36,0,-1,-1,05T35@2,BUYER,0,22,-1,-1,3
573,T40,OTHER,22,2,36,0,-1,-1,04T40@2,BUYER,0,22,-1,-1,3
1724,T35,T40,22,7,16,22,-1,22,03T35@1,04T40@2,17,22,-1,-1,2
1727,T35,T40,22,8,16,22,-1,22,03T35@1,04T40@2,17,22,-1,-1,2
1703,T35,T35,22,6,16,22,-1,22,03T35@1,05T35@2,17,22,-1,-1,2
239,T35,OTHER,22,1,36,0,-1,-1,05T35@2,BUYER,0,22,-1,-1,3
1603,T35,T35,22,6,10,19,-1,19,01T35@0,03T35@1,17,22,-1,-1,1
472,T35,OTHER,22,2,36,0,-1,-1,05T35@2,BUYER,0,22,-1,-1,3
919,T35,T35,22,6,15,1,-1,1,03T35@1,05T35@2,17,22,-1,-1,2
1582,T35,T35,22,5,14,18,-1,18,03T35@1,05T35@2,17,22,-1,-1,2
542,T40,OTHER,22,2,36,0,-1,-1,04T40@2,BUYER,0,22,-1,-1,3
359,OTHER,T35,22,1,10,0,-1,-1,SELLER,01T35@0,0,22,-1,-1,0
45,T40,OTHER,22,1,36,0,-1,-1,04T40@2,BUYER,0,22,-1,-1,3
728,OTHER,T16,22,3,10,0,-1,-1,SELLER,00T16@0,0,22,-1,-1,0
489,OTHER,T35,22,4,10,0,-1,-1,SELLER,01T35@0,0,22,-1,-1,0
813,T40,OTHER,23,1,36,-1,-1,-1,04T40@2,BUYER,0,-1,-1,-1,3
1652,T35,T35,23,7,10,20,-1,20,01T35@0,03T35@1,17,23,-1,-1,1
873,T35,T35,23,7,15,1,-1,1,03T35@1,05T35@2,17,23,-1,-1,2
237,OTHER,T16,23,2,10,0,-1,-1,SELLER,00T16@0,0,23,-1,-1,0
1760,T35,T40,23,1,15,23,-1,23,02T35@1,04T40@2,17,23,-1,-1,2
571,OTHER,T35,23,1,10,0,-1,-1,SELLER,01T35@0,0,23,-1,-1,0
1655,T35,T40,23,7,14,20,-1,20,03T35@1,04T40@2,17,23,-1,-1,2
536,OTHER,T35,23,3,10,0,-1,-1,SELLER,01T35@0,0,23,-1,-1,0
539,OTHER,T16,23,2,10,0,-1,-1,SELLER,00T16@0,0,23,-1,-1,0
125,T35,OTHER,23,3,36,0,-1,-1,05T35@2,BUYER,0,23,-1,-1,3
426,OTHER,T35,23,1,10,0,-1,-1,SELLER,01T35@0,0,23,-1,-1,0
1680,T35,T40,23,9,16,21,-1,21,02T35@1,04T40@2,17,23,-1,-1,2
821,T40,OTHER,23,3,36,-1,-1,-1,04T40@2,BUYER,0,-1,-1,-1,3
443,OTHER,T16,23,1,10,0,-1,-1,SELLER,00T16@0,0,23,-1,-1,0
106,OTHER,T16,23,2,10,0,-1,-1,SELLER,00T16@0,0,23,-1,-1,0
554,T40,OTHER,23,1,36,0,-1,-1,04T40@2,BUYER,0,23,-1,-1,3
842,T40,OTHER,23,4,36,-1,-1,-1,04T40@2,BUYER,0,-1,-1,-1,3
697,OTHER,T16,23,1,10,0,-1,-1,SELLER,00T16@0,0,23,-1,-1,0
504,T40,OTHER,23,1,36,0,-1,-1,04T40@2,BUYER,0,23,-1,-1,3
1757,T35,T40,23,1,15,23,-1,23,03T35@1,04T40@2,17,23,-1,-1,2
505,T35,OTHER,23,1,36,0,-1,-1,05T35@2,BUYER,0,23,-1,-1,3
840,T40,OTHER,23,1,36,-1,-1,-1,04T40@2,BUYER,0,-1,-1,-1,3
299,OTHER,T35,23,1,10,0,-1,-1,SELLER,01T35@0,0,23,-1,-1,0
56,T35,OTHER,23,2,36,0,-1,-1,05T35@2,BUYER,0,23,-1,-1,3
93,OTHER,T16,23,1,10,0,-1,-1,SELLER,00T16@0,0,23,-1,-1,0
1756,T35,T40,23,1,15,23,-1,23,03T35@1,04T40@2,17,23,-1,-1,2
358,T40,OTHER,23,1,36,0,-1,-1,04T40@2,BUYER,0,23,-1,-1,3
157,OTHER,T35,23,1,10,0,-1,-1,SELLER,01T35@0,0,23,-1,-1,0
640,OTHER,T35,23,3,10,0,-1,-1,SELLER,01T35@0,0,23,-1,-1,0
278,T40,OTHER,23,2,36,0,-1,-1,04T40@2,BUYER,0,23,-1,-1,3
377,OTHER,T35,23,1,10,0,-1,-1,SELLER,01T35@0,0,23,-1,-1,0
477,T35,OTHER,24,2,36,0,-1,-1,05T35@2,BUYER,0,24,-1,-1,3
1734,T35,T40,24,9,14,23,-1,23,03T35@1,04T40@2,17,24,-1,-1,2
1762,T35,T40,24,1,15,23,-1,23,02T35@1,04T40@2,17,24,-1,-1,2
231,OTHER,T35,24,1,10,0,-1,-1,SELLER,01T35@0,0,24,-1,-1,0
500,OTHER,T35,24,2,10,0,-1,-1,SELLER,01T35@0,0,24,-1,-1,0
537,OTHER,T35,24,3,10,0,-1,-1,SELLER,01T35@0,0,24,-1,-1,0
1718,T35,T40,24,9,14,22,-1,22,02T35@1,04T40@2,17,24,-1,-1,2
826,T40,OTHER,24,2,36,-1,-1,-1,04T40@2,BUYER,0,-1,-1,-1,3
838,T40,OTHER,24,1,36,-1,-1,-1,04T40@2,BUYER,0,-1,-1,-1,3
519,T35,OTHER,24,1,36,0,-1,-1,05T35@2,BUYER,0,24,-1,-1,3
533,OTHER,T35,24,1,10,0,-1,-1,SELLER,01T35@0,0,24,-1,-1,0
485,T35,OTHER,24,1,36,0,-1,-1,05T35@2,BUYER,0,24,-1,-1,3
523,OTHER,T16,24,2,10,0,-1,-1,SELLER,00T16@0,0,24,-1,-1,0
1791,T35,T40,24,9,16,24,-1,24,02T35@1,04T40@2,17,24,-1,-1,2
1636,T35,T35,24,5,14,20,-1,20,03T35@1,05T35@2,17,24,-1,-1,2
395,T40,OTHER,24,4,36,0,-1,-1,04T40@2,BUYER,0,24,-1,-1,3
111,OTHER,T35,24,1,10,0,-1,-1,SELLER,01T35@0,0,24,-1,-1,0
936,T35,T35,24,4,15,1,-1,1,02T35@1,05T35@2,17,24,-1,-1,2
934,T35,T35,24,4,15,1,-1,1,03T35@1,05T35@2,17,24,-1,-1,2
387,OTHER,T35,24,3,10,0,-1,-1,SELLER,01T35@0,0,24,-1,-1,0
259,OTHER,T16,24,1,10,0,-1,-1,SELLER,00T16@0,0,24,-1,-1,0
433,T40,OTHER,24,1,36,0,-1,-1,04T40@2,BUYER,0,24,-1,-1,3
672,OTHER,T16,24,3,10,0,-1,-1,SELLER,00T16@0,0,24,-1,-1,0
379,OTHER,T16,24,1,10,0,-1,-1,SELLER,00T16@0,0,24,-1,-1,0
681,T35,OTHER,24,3,36,0,-1,-1,05T35@2,BUYER,0,24,-1,-1,3
376,OTHER,T16,24,1,10,0,-1,-1,SELLER,00T16@0,0,24,-1,-1,0
36,OTHER,T16,24,1,10,0,-1,-1,SELLER,00T16@0,0,24,-1,-1,0
921,T35,T35,24,7,15,1,-1,1,02T35@1,05T35@2,17,24,-1,-1,2
916,T35,T35,24,6,13,1,-1,1,02T35@1,05T35@2,17,24,-1,-1,2
673,T35,OTHER,24,1,36,0,-1,-1,05T35@2,BUYER,0,24,-1,-1,3
877,T35,T35,24,7,15,1,-1,1,02T35@1,05T35@2,17,24,-1,-1,2
958,T35,T35,24,7,13,1,-1,1,02T35@1,05T35@2,17,24,-1,-1,2
941,T35,T35,24,9,13,1,-1,1,03T35@1,05T35@2,17,24,-1,-1,2
965,T35,T35,24,6,15,1,-1,1,02T35@1,05T35@2,17,24,-1,-1,2
964,T35,T35,24,7,15,1,-1,1,03T35@1,05T35@2,17,24,-1,-1,2
807,T40,OTHER,24,3,36,-1,-1,-1,04T40@2,BUYER,0,-1,-1,-1,3
1765,T35,T35,24,26,9,-1,-1,23,01T35@0,03T35@1,17,-1,-1,-1,1
1798,T35,T35,24,19,11,-1,-1,24,01T35@0,03T35@1,17,-1,-1,-1,1
940,T35,T35,24,6,13,1,-1,1,02T35@1,05T35@2,17,24,-1,-1,2
1672,T35,T40,24,7,14,21,-1,21,02T35@1,04T40@2,17,24,-1,-1,2
949,T35,T35,24,9,15,1,-1,1,02T35@1,05T35@2,17,24,-1,-1,2
609,T35,OTHER,24,1,36,0,-1,-1,05T35@2,BUYER,0,24,-1,-1,3
943,T35,T35,24,6,13,1,-1,1,03T35@1,05T35@2,17,24,-1,-1,2
212,OTHER,T16,25,1,10,0,-1,-1,SELLER,00T16@0,0,25,-1,-1,0
311,T35,OTHER,25,3,36,0,-1,-1,05T35@2,BUYER,0,25,-1,-1,3
55,OTHER,T35,25,2,10,0,-1,-1,SELLER,01T35@0,0,25,-1,-1,0
24,OTHER,T16,25,2,10,0,-1,-1,SELLER,00T16@0,0,25,-1,-1,0
20,T40,OTHER,25,2,36,0,-1,-1,04T40@2,BUYER,0,25,-1,-1,3
942,T35,T35,25,6,15,1,-1,1,03T35@1,05T35@2,17,25,-1,-1,2
280,OTHER,T35,25,2,10,0,-1,-1,SELLER,01T35@0,0,25,-1,-1,0
298,T35,OTHER,25,1,36,0,-1,-1,05T35@2,BUYER,0,25,-1,-1,3
868,T40,OTHER,25,1,36,-1,-1,-1,04T40@2,BUYER,0,-1,-1,-1,3
217,T35,OTHER,25,1,36,0,-1,-1,05T35@2,BUYER,0,25,-1,-1,3
1674,T35,T35,25,6,14,21,-1,21,03T35@1,05T35@2,17,25,-1,-1,2
66,OTHER,T35,25,2,10,0,-1,-1,SELLER,01T35@0,0,25,-1,-1,0
601,OTHER,T35,25,2,10,0,-1,-1,SELLER,01T35@0,0,25,-1,-1,0
415,T35,OTHER,25,2,36,0,-1,-1,05T35@2,BUYER,0,25,-1,-1,3
124,T35,OTHER,25,1,36,0,-1,-1,05T35@2,BUYER,0,25,-1,-1,3
75,OTHER,T16,25,1,10,0,-1,-1,SELLER,00T16@0,0,25,-1,-1,0
162,OTHER,T16,25,2,10,0,-1,-1,SELLER,00T16@0,0,25,-1,-1,0
126,T40,OTHER,25,1,36,0,-1,-1,04T40@2,BUYER,0,25,-1,-1,3
1687,T35,T35,25,48,9,21,-1,21,01T35@0,03T35@1,16,25,-1,-1,1
549,OTHER,T35,25,1,10,0,-1,-1,SELLER,01T35@0,0,25,-1,-1,0
129,T35,OTHER,25,3,36,0,-1,-1,05T35@2,BUYER,0,25,-1,-1,3
613,T35,OTHER,25,1,36,0,-1,-1,05T35@2,BUYER,0,25,-1,-1,3
1702,T35,T40,25,8,14,22,-1,22,02T35@1,04T40@2,17,25,-1,-1,2
1691,T35,T35,25,6,14,21,-1,21,02T35@1,05T35@2,17,25,-1,-1,2
479,OTHER,T16,25,1,10,0,-1,-1,SELLER,00T16@0,0,25,-1,-1,0
450,T40,OTHER,25,2,36,0,-1,-1,04T40@2,BUYER,0,25,-1,-1,3
451,OTHER,T35,25,2,10,0,-1,-1,SELLER,01T35@0,0,25,-1,-1,0
1780,T35,T40,25,7,16,24,-1,24,03T35@1,04T40@2,17,25,-1,-1,2
367,T35,OTHER,25,2,36,0,-1,-1,05T35@2,BUYER,0,25,-1,-1,3
724,OTHER,T16,25,1,10,0,-1,-1,SELLER,00T16@0,0,25,-1,-1,0
187,OTHER,T16,25,1,10,0,-1,-1,SELLER,00T16@0,0,25,-1,-1,0
1830,T35,T40,25,9,14,25,-1,25,03T35@1,04T40@2,17,25,-1,-1,2
1723,T35,T35,25,32,9,22,-1,22,01T35@0,02T35@1,17,25,-1,-1,1
1748,T35,T40,25,8,14,23,-1,23,02T35@1,04T40@2,17,25,-1,-1,2
1746,T35,T40,25,9,16,23,-1,23,02T35@1,04T40@2,17,25,-1,-1,2
1775,T35,T40,26,8,14,24,-1,24,02T35@1,04T40@2,17,26,-1,-1,2
1774,T35,T40,26,9,14,24,-1,24,02T35@1,04T40@2,17,26,-1,-1,2
100,T35,OTHER,26,1,36,0,-1,-1,05T35@2,BUYER,0,26,-1,-1,3
1868,T35,T35,26,19,11,-1,-1,26,01T35@0,02T35@1,17,-1,-1,-1,1
1779,T35,T35,26,9,14,24,-1,24,03T35@1,05T35@2,17,26,-1,-1,2
271,T40,OTHER,26,3,36,0,-1,-1,04T40@2,BUYER,0,26,-1,-1,3
685,OTHER,T16,26,3,10,0,-1,-1,SELLER,00T16@0,0,26,-1,-1,0
634,OTHER,T35,26,4,10,0,-1,-1,SELLER,01T35@0,0,26,-1,-1,0
260,OTHER,T16,26,2,10,0,-1,-1,SELLER,00T16@0,0,26,-1,-1,0
947,T35,T35,26,7,13,1,-1,1,03T35@1,05T35@2,17,26,-1,-1,2
1768,T35,T35,26,9,14,24,-1,24,02T35@1,05T35@2,17,26,-1,-1,2
587,OTHER,T35,26,1,10,0,-1,-1,SELLER,01T35@0,0,26,-1,-1,0
740,T35,OTHER,26,2,36,0,-1,-1,05T35@2,BUYER,0,26,-1,-1,3
576,OTHER,T16,26,3,10,0,-1,-1,SELLER,00T16@0,0,26,-1,-1,0
529,OTHER,T16,26,1,10,0,-1,-1,SELLER,00T16@0,0,26,-1,-1,0
135,OTHER,T35,26,1,10,0,-1,-1,SELLER,01T35@0,0,26,-1,-1,0
1707,T35,T35,26,6,14,22,-1,22,02T35@1,05T35@2,17,26,-1,-1,2
1722,T35,T35,26,13,10,22,-1,22,01T35@0,03T35@1,17,26,-1,-1,1
460,OTHER,T35,26,2,10,0,-1,-1,SELLER,01T35@0,0,26,-1,-1,0
1752,T35,T35,26,7,14,23,-1,23,02T35@1,05T35@2,17,26,-1,-1,2
488,T35,OTHER,26,1,36,0,-1,-1,05T35@2,BUYER,0,26,-1,-1,3
402,OTHER,T16,26,2,10,0,-1,-1,SELLER,00T16@0,0,26,-1,-1,0
353,T35,OTHER,26,3,36,0,-1,-1,05T35@2,BUYER,0,26,-1,-1,3
1740,T35,T35,26,7,14,23,-1,23,03T35@1,05T35@2,17,26,-1,-1,2
344,OTHER,T16,26,1,10,0,-1,-1,SELLER,00T16@0,0,26,-1,-1,0
1832,T35,T35,26,7,16,25,-1,25,03T35@1,05T35@2,17,26,-1,-1,2
839,T40,OTHER,26,1,36,-1,-1,-1,04T40@2,BUYER,0,-1,-1,-1,3
1846,T35,T40,26,9,16,26,-1,26,03T35@1,04T40@2,17,26,-1,-1,2
1820,T35,T40,26,8,14,25,-1,25,02T35@1,04T40@2,17,26,-1,-1,2
793,T40,OTHER,26,3,36,-1,-1,-1,04T40@2,BUYER,0,-1,-1,-1,3
780,T40,OTHER,26,1,36,-1,-1,-1,04T40@2,BUYER,0,-1,-1,-1,3
1815,T35,T40,26,9,16,25,-1,25,02T35@1,04T40@2,17,26,-1,-1,2
286,T40,OTHER,26,2,36,0,-1,-1,04T40@2,BUYER,0,26,-1,-1,3
1854,T35,T40,26,1,15,26,-1,26,02T35@1,04T40@2,17,26,-1,-1,2
789,T40,OTHER,26,2,36,-1,-1,-1,04T40@2,BUYER,0,-1,-1,-1,3
782,T40,OTHER,26,1,36,-1,-1,-1,04T40@2,BUYER,0,-1,-1,-1,3
1802,T35,T35,26,7,16,25,-1,25,02T35@1,05T35@2,17,26,-1,-1,2
1858,T35,T40,26,1,15,26,-1,26,03T35@1,04T40@2,17,26,-1,-1,2
528,OTHER,T16,27,3,10,0,-1,-1,SELLER,00T16@0,0,27,-1,-1,0
614,OTHER,T35,27,1,10,0,-1,-1,SELLER,01T35@0,0,27,-1,-1,0
812,T40,OTHER,27,3,36,-1,-1,-1,04T40@2,BUYER,0,-1,-1,-1,3
58,T35,OTHER,27,1,36,0,-1,-1,05T35@2,BUYER,0,27,-1,-1,3
447,T40,OTHER,27,2,36,0,-1,-1,04T40@2,BUYER,0,27,-1,-1,3
1897,T35,T40,27,9,14,27,-1,27,03T35@1,04T40@2,17,27,-1,-1,2
1658,T35,T35,27,11,14,20,-1,20,03T35@1,05T35@2,17,27,-1,-1,2
746,OTHER,T16,27,1,10,0,-1,-1,SELLER,00T16@0,0,27,-1,-1,0
1862,T35,T40,27,8,16,26,-1,26,02T35@1,04T40@2,17,27,-1,-1,2
1648,T35,T35,27,11,14,20,-1,20,02T35@1,05T35@2,17,27,-1,-1,2
61,OTHER,T16,27,1,10,0,-1,-1,SELLER,00T16@0,0,27,-1,-1,0
62,OTHER,T35,27,2,10,0,-1,-1,SELLER,01T35@0,0,27,-1,-1,0
584,OTHER,T16,27,1,10,0,-1,-1,SELLER,00T16@0,0,27,-1,-1,0
1522,T35,T35,27,10,16,16,-1,16,03T35@1,05T35@2,17,27,-1,-1,2
872,T35,T35,27,6,13,1,-1,1,03T35@1,05T35@2,17,27,-1,-1,2
1886,T35,T35,27,6,16,27,-1,27,03T35@1,05T35@2,17,27,-1,-1,2
17,T40,OTHER,27,1,36,0,-1,-1,04T40@2,BUYER,0,27,-1,-1,3
565,OTHER,T16,27,1,10,0,-1,-1,SELLER,00T16@0,0,27,-1,-1,0
557,OTHER,T16,27,1,10,0,-1,-1,SELLER,00T16@0,0,27,-1,-1,0
1881,T35,T40,27,1,15,27,-1,27,02T35@1,04T40@2,17,27,-1,-1,2
883,T35,T35,27,8,13,1,-1,1,02T35@1,05T35@2,17,27,-1,-1,2
174,OTHER,T16,27,1,10,0,-1,-1,SELLER,00T16@0,0,27,-1,-1,0
637,OTHER,T35,27,1,10,0,-1,-1,SELLER,01T35@0,0,27,-1,-1,0
1741,T35,T35,27,13,10,23,-1,23,01T35@0,02T35@1,17,27,-1,-1,1
468,T35,OTHER,27,1,36,0,-1,-1,05T35@2,BUYER,0,27,-1,-1,3
1572,T35,T35,27,8,14,18,-1,18,02T35@1,05T35@2,17,27,-1,-1,2
1574,T35,T35,27,8,14,18,-1,18,03T35@1,05T35@2,17,27,-1,-1,2
1894,T35,T35,27,6,16,27,-1,27,02T35@1,05T35@2,17,27,-1,-1,2
750,T35,OTHER,27,6,36,0,-1,-1,05T35@2,BUYER,0,27,-1,-1,3
1892,T35,T40,27,1,15,27,-1,27,03T35@1,04T40@2,17,27,-1,-1,2
7,T40,OTHER,27,1,36,0,-1,-1,04T40@2,BUYER,0,27,-1,-1,3
232,OTHER,T16,27,2,10,0,-1,-1,SELLER,00T16@0,0,27,-1,-1,0
510,T40,OTHER,27,1,36,0,-1,-1,04T40@2,BUYER,0,27,-1,-1,3
1013,T35,T35,27,5,15,2,-1,2,03T35@1,05T35@2,17,27,-1,-1,2
293,T35,OTHER,27,1,36,0,-1,-1,05T35@2,BUYER,0,27,-1,-1,3
380,OTHER,T16,27,2,10,0,-1,-1,SELLER,00T16@0,0,27,-1,-1,0
867,T40,OTHER,27,1,36,-1,-1,-1,04T40@2,BUYER,0,-1,-1,-1,3
390,T35,OTHER,27,1,36,0,-1,-1,05T35@2,BUYER,0,27,-1,-1,3
985,T35,T35,27,5,15,2,-1,2,02T35@1,05T35@2,17,27,-1,-1,2
814,T40,OTHER,27,1,36,-1,-1,-1,04T40@2,BUYER,0,-1,-1,-1,3
104,OTHER,T35,27,3,10,0,-1,-1,SELLER,01T35@0,0,27,-1,-1,0
930,T35,T35,27,8,13,1,-1,1,03T35@1,05T35@2,17,27,-1,-1,2
1851,T35,T40,27,8,16,26,-1,26,03T35@1,04T40@2,17,27,-1,-1,2
847,T40,OTHER,28,2,36,-1,-1,-1,04T40@2,BUYER,0,-1,-1,-1,3
843,T40,OTHER,28,1,36,-1,-1,-1,04T40@2,BUYER,0,-1,-1,-1,3
805,T40,OTHER,28,3,36,-1,-1,-1,04T40@2,BUYER,0,-1,-1,-1,3
328,OTHER,T16,28,2,10,0,-1,-1,SELLER,00T16@0,0,28,-1,-1,0
1891,T35,T40,28,7,16,27,-1,27,03T35@1,04T40@2,17,28,-1,-1,2
442,OTHER,T16,28,1,10,0,-1,-1,SELLER,00T16@0,0,28,-1,-1,0
1833,T35,T40,28,8,14,25,-1,25,02T35@1,04T40@2,17,28,-1,-1,2
229,OTHER,T16,28,2,10,0,-1,-1,SELLER,00T16@0,0,28,-1,-1,0
1841,T35,T40,28,7,14,26,-1,26,02T35@1,04T40@2,17,28,-1,-1,2
166,OTHER,T16,28,1,10,0,-1,-1,SELLER,00T16@0,0,28,-1,-1,0
1686,T35,T35,28,8,16,21,-1,21,02T35@1,05T35@2,17,28,-1,-1,2
902,T35,T35,28,6,13,1,-1,1,02T35@1,05T35@2,17,28,-1,-1,2
1908,T35,T35,28,1,15,28,-1,28,02T35@1,05T35@2,17,28,-1,-1,2
1555,T35,T35,28,11,16,17,-1,17,03T35@1,05T35@2,17,28,-1,-1,2
362,OTHER,T16,28,1,10,0,-1,-1,SELLER,00T16@0,0,28,-1,-1,0
1914,T35,T40,28,8,16,28,-1,28,02T35@1,04T40@2,17,28,-1,-1,2
369,OTHER,T16,28,1,10,0,-1,-1,SELLER,00T16@0,0,28,-1,-1,0
1783,T35,T35,28,19,8,24,-1,24,01T35@0,02T35@1,17,28,-1,-1,1
752,OTHER,T35,28,1,10,0,-1,-1,SELLER,01T35@0,0,28,-1,-1,0
204,OTHER,T35,28,2,10,0,-1,-1,SELLER,01T35@0,0,28,-1,-1,0
897,T35,T35,28,7,15,1,-1,1,03T35@1,05T35@2,17,28,-1,-1,2
347,OTHER,T35,28,2,10,0,-1,-1,SELLER,01T35@0,0,28,-1,-1,0
690,T40,OTHER,28,1,36,0,-1,-1,04T40@2,BUYER,0,28,-1,-1,3
1532,T35,T35,28,11,16,17,-1,17,02T35@1,05T35@2,17,28,-1,-1,2
893,T35,T35,28,7,13,1,-1,1,02T35@1,05T35@2,17,28,-1,-1,2
1903,T35,T35,28,32,10,-1,-1,27,01T35@0,03T35@1,17,-1,-1,-1,1
757,OTHER,T35,28,2,10,0,-1,-1,SELLER,01T35@0,0,28,-1,-1,0
670,T35,OTHER,28,4,36,0,-1,-1,05T35@2,BUYER,0,28,-1,-1,3
175,T35,OTHER,28,1,36,0,-1,-1,05T35@2,BUYER,0,28,-1,-1,3
1900,T35,T35,28,27,9,-1,-1,27,01T35@0,02T35@1,17,-1,-1,-1,1
652,OTHER,T16,28,3,10,0,-1,-1,SELLER,00T16@0,0,28,-1,-1,0
114,T40,OTHER,28,2,36,0,-1,-1,04T40@2,BUYER,0,28,-1,-1,3
1804,T35,T35,28,5,16,25,-1,25,02T35@1,05T35@2,17,28,-1,-1,2
623,T35,OTHER,28,2,36,0,-1,-1,05T35@2,BUYER,0,28,-1,-1,3
607,OTHER,T16,28,1,10,0,-1,-1,SELLER,00T16@0,0,28,-1,-1,0
189,OTHER,T16,28,1,10,0,-1,-1,SELLER,00T16@0,0,28,-1,-1,0
22,T40,OTHER,28,2,36,0,-1,-1,04T40@2,BUYER,0,28,-1,-1,3
1827,T35,T40,28,7,14,25,-1,25,03T35@1,04T40@2,17,28,-1,-1,2
1927,T35,T35,28,9,9,28,-1,28,01T35@0,03T35@1,17,28,-1,-1,1
566,T35,OTHER,28,1,36,0,-1,-1,05T35@2,BUYER,0,28,-1,-1,3
1929,T35,T35,28,9,9,28,-1,28,01T35@0,02T35@1,17,28,-1,-1,1
852,T40,OTHER,28,1,36,-1,-1,-1,04T40@2,BUYER,0,-1,-1,-1,3
567,OTHER,T16,29,2,10,0,-1,-1,SELLER,00T16@0,0,29,-1,-1,0
968,T35,T35,29,6,13,1,-1,1,03T35@1,05T35@2,17,29,-1,-1,2
1714,T35,T35,29,8,14,22,-1,22,02T35@1,05T35@2,17,29,-1,-1,2
520,T40,OTHER,29,1,36,0,-1,-1,04T40@2,BUYER,0,29,-1,-1,3
486,OTHER,T35,29,1,10,0,-1,-1,SELLER,01T35@0,0,29,-1,-1,0
414,T35,OTHER,29,4,36,0,-1,-1,05T35@2,BUYER,0,29,-1,-1,3
389,OTHER,T16,29,1,10,0,-1,-1,SELLER,00T16@0,0,29,-1,-1,0
1801,T35,T35,29,34,9,25,-1,25,01T35@0,03T35@1,17,29,-1,-1,1
1831,T35,T35,29,34,9,25,-1,25,01T35@0,02T35@1,17,29,-1,-1,1
319,T35,OTHER,29,1,36,0,-1,-1,05T35@2,BUYER,0,29,-1,-1,3
1855,T35,T35,29,7,14,26,-1,26,03T35@1,05T35@2,17,29,-1,-1,2
1857,T35,T35,29,6,16,26,-1,26,02T35@1,05T35@2,17,29,-1,-1,2
290,OTHER,T16,29,1,10,0,-1,-1,SELLER,00T16@0,0,29,-1,-1,0
1861,T35,T35,29,7,14,26,-1,26,02T35@1,05T35@2,17,29,-1,-1,2
1705,T35,T35,29,8,16,22,-1,22,03T35@1,05T35@2,17,29,-1,-1,2
1874,T35,T40,29,8,14,27,-1,27,02T35@1,04T40@2,17,29,-1,-1,2
246,T40,OTHER,29,1,36,0,-1,-1,04T40@2,BUYER,0,29,-1,-1,3
243,T35,OTHER,29,1,36,0,-1,-1,05T35@2,BUYER,0,29,-1,-1,3
1915,T35,T40,29,8,14,28,-1,28,02T35@1,04T40@2,17,29,-1,-1,2
1941,T35,T40,29,1,15,29,-1,29,03T35@1,04T40@2,17,29,-1,-1,2
1951,T35,T40,29,1,15,29,-1,29,02T35@1,04T40@2,17,29,-1,-1,2
1957,T35,T35,29,6,16,29,-1,29,02T35@1,05T35@2,17,29,-1,-1,2
115,OTHER,T16,29,1,10,0,-1,-1,SELLER,00T16@0,0,29,-1,-1,0
1969,T35,T35,29,24,9,-1,-1,29,01T35@0,02T35@1,17,-1,-1,-1,1
102,OTHER,T35,29,4,10,0,-1,-1,SELLER,01T35@0,0,29,-1,-1,0
87,OTHER,T16,29,1,10,0,-1,-1,SELLER,00T16@0,0,29,-1,-1,0
50,OTHER,T35,29,1,10,0,-1,-1,SELLER,01T35@0,0,29,-1,-1,0
1,OTHER,T16,29,3,10,0,-1,-1,SELLER,00T16@0,0,29,-1,-1,0
1880,T35,T40,29,8,14,27,-1,27,03T35@1,04T40@2,17,29,-1,-1,2
531,T40,OTHER,29,1,36,0,-1,-1,04T40@2,BUYER,0,29,-1,-1,3
1865,T35,T35,29,6,16,26,-1,26,03T35@1,05T35@2,17,29,-1,-1,2
955,T35,T35,29,6,13,1,-1,1,02T35@1,05T35@2,17,29,-1,-1,2
1685,T35,T35,29,8,14,21,-1,21,03T35@1,05T35@2,17,29,-1,-1,2
626,T35,OTHER,29,3,36,0,-1,-1,05T35@2,BUYER,0,29,-1,-1,3
678,OTHER,T16,29,5,10,0,-1,-1,SELLER,00T16@0,0,29,-1,-1,0
597,T40,OTHER,29,2,36,0,-1,-1,04T40@2,BUYER,0,29,-1,-1,3
848,T40,OTHER,29,3,36,-1,-1,-1,04T40@2,BUYER,0,-1,-1,-1,3
925,T35,T35,29,4,13,1,-1,1,02T35@1,05T35@2,17,29,-1,-1,2
951,T35,T35,29,4,13,1,-1,1,03T35@1,05T35@2,17,29,-1,-1,2
850,T40,OTHER,29,3,36,-1,-1,-1,04T40@2,BUYER,0,-1,-1,-1,3
1912,T35,T35,30,5,16,28,-1,28,03T35@1,05T35@2,17,30,-1,-1,2
1859,T35,T35,30,11,10,26,-1,26,01T35@0,03T35@1,17,30,-1,-1,1
94,T35,OTHER,30,1,36,0,-1,-1,05T35@2,BUYER,0,30,-1,-1,3
684,OTHER,T16,30,1,10,0,-1,-1,SELLER,00T16@0,0,30,-1,-1,0
1098,T35,T35,30,8,13,4,-1,4,03T35@1,05T35@2,17,30,-1,-1,2
695,OTHER,T35,30,2,10,0,-1,-1,SELLER,01T35@0,0,30,-1,-1,0
712,T35,OTHER,30,1,36,0,-1,-1,05T35@2,BUYER,0,30,-1,-1,3
120,T40,OTHER,30,5,36,0,-1,-1,04T40@2,BUYER,0,30,-1,-1,3
1963,T35,T40,30,8,14,29,-1,29,03T35@1,04T40@2,17,30,-1,-1,2
1913,T35,T40,30,9,16,28,-1,28,02T35@1,04T40@2,17,30,-1,-1,2
828,T40,OTHER,30,3,36,-1,-1,-1,04T40@2,BUYER,0,-1,-1,-1,3
1226,T35,T35,30,4,15,8,-1,8,03T35@1,05T35@2,17,30,-1,-1,2
1082,T35,T35,30,8,15,4,-1,4,02T35@1,05T35@2,17,30,-1,-1,2
778,T40,OTHER,30,1,36,-1,-1,-1,04T40@2,BUYER,0,-1,-1,-1,3
1964,T35,T35,30,4,16,29,-1,29,03T35@1,05T35@2,17,30,-1,-1,2
1219,T35,T35,30,4,15,8,-1,8,02T35@1,05T35@2,17,30,-1,-1,2
305,OTHER,T16,30,1,10,0,-1,-1,SELLER,00T16@0,0,30,-1,-1,0
438,T35,OTHER,30,2,36,0,-1,-1,05T35@2,BUYER,0,30,-1,-1,3
37,OTHER,T16,30,6,10,0,-1,-1,SELLER,00T16@0,0,30,-1,-1,0
507,OTHER,T16,30,2,10,0,-1,-1,SELLER,00T16@0,0,30,-1,-1,0
2001,T35,T35,30,1,15,30,-1,30,02T35@1,05T35@2,17,30,-1,-1,2
602,OTHER,T35,30,2,10,0,-1,-1,SELLER,01T35@0,0,30,-1,-1,0
585,T35,OTHER,30,2,36,0,-1,-1,05T35@2,BUYER,0,30,-1,-1,3
392,OTHER,T35,30,2,10,0,-1,-1,SELLER,01T35@0,0,30,-1,-1,0
1141,T35,T35,30,7,15,5,-1,5,03T35@1,05T35@2,17,30,-1,-1,2
617,T35,OTHER,30,3,36,0,-1,-1,05T35@2,BUYER,0,30,-1,-1,3
1137,T35,T35,30,7,15,5,-1,5,02T35@1,05T35@2,17,30,-1,-1,2
70,T35,OTHER,30,2,36,0,-1,-1,05T35@2,BUYER,0,30,-1,-1,3
1986,T35,T40,30,1,15,30,-1,30,03T35@1,04T40@2,17,30,-1,-1,2
1973,T35,T40,30,1,15,30,-1,30,02T35@1,04T40@2,17,30,-1,-1,2
329,OTHER,T35,30,1,10,0,-1,-1,SELLER,01T35@0,0,30,-1,-1,0
574,OTHER,T35,30,3,10,0,-1,-1,SELLER,01T35@0,0,30,-1,-1,0
1947,T35,T40,31,9,14,29,-1,29,03T35@1,04T40@2,17,31,-1,-1,2
13,OTHER,T35,31,1,10,0,-1,-1,SELLER,01T35@0,0,31,-1,-1,0
1972,T35,T40,31,1,15,30,-1,30,03T35@1,04T40@2,17,31,-1,-1,2
841,T40,OTHER,31,3,36,-1,-1,-1,04T40@2,BUYER,0,-1,-1,-1,3
2006,T35,T40,31,9,16,31,-1,31,02T35@1,04T40@2,17,31,-1,-1,2
86,OTHER,T16,31,1,10,0,-1,-1,SELLER,00T16@0,0,31,-1,-1,0
1997,T35,T40,31,1,15,30,-1,30,02T35@1,04T40@2,17,31,-1,-1,2
67,T40,OTHER,31,2,36,0,-1,-1,04T40@2,BUYER,0,31,-1,-1,3
858,T40,OTHER,31,2,36,-1,-1,-1,04T40@2,BUYER,0,-1,-1,-1,3
1970,T35,T40,31,9,14,30,-1,30,02T35@1,04T40@2,17,31,-1,-1,2
1956,T35,T40,31,9,14,29,-1,29,02T35@1,04T40@2,17,31,-1,-1,2
810,T40,OTHER,31,2,36,-1,-1,-1,04T40@2,BUYER,0,-1,-1,-1,3
541,OTHER,T16,31,2,10,0,-1,-1,SELLER,00T16@0,0,31,-1,-1,0
1055,T35,T35,31,10,15,3,-1,3,03T35@1,05T35@2,17,31,-1,-1,2
564,T35,OTHER,31,1,36,0,-1,-1,05T35@2,BUYER,0,31,-1,-1,3
570,OTHER,T16,31,1,10,0,-1,-1,SELLER,00T16@0,0,31,-1,-1,0
495,T35,OTHER,31,2,36,0,-1,-1,05T35@2,BUYER,0,31,-1,-1,3
1733,T35,T35,31,6,14,23,-1,23,03T35@1,05T35@2,17,31,-1,-1,2
470,T35,OTHER,31,3,36,0,-1,-1,05T35@2,BUYER,0,31,-1,-1,3
462,OTHER,T35,31,2,10,0,-1,-1,SELLER,01T35@0,0,31,-1,-1,0
428,T40,OTHER,31,2,36,0,-1,-1,04T40@2,BUYER,0,31,-1,-1,3
1764,T35,T35,31,6,14,23,-1,23,02T35@1,05T35@2,17,31,-1,-1,2
364,OTHER,T35,31,1,10,0,-1,-1,SELLER,01T35@0,0,31,-1,-1,0
1278,T35,T35,31,6,15,9,-1,9,02T35@1,05T35@2,17,31,-1,-1,2
1938,T35,T40,31,7,14,29,-1,29,03T35@1,04T40@2,17,31,-1,-1,2
630,OTHER,T16,31,2,10,0,-1,-1,SELLER,00T16@0,0,31,-1,-1,0
646,T35,OTHER,31,2,36,0,-1,-1,05T35@2,BUYER,0,31,-1,-1,3
1919,T35,T40,31,7,14,28,-1,28,02T35@1,04T40@2,17,31,-1,-1,2
303,OTHER,T16,31,2,10,0,-1,-1,SELLER,00T16@0,0,31,-1,-1,0
679,OTHER,T35,31,2,10,0,-1,-1,SELLER,01T35@0,0,31,-1,-1,0
180,OTHER,T16,31,1,10,0,-1,-1,SELLER,00T16@0,0,31,-1,-1,0
216,OTHER,T16,31,2,10,0,-1,-1,SELLER,00T16@0,0,31,-1,-1,0
1257,T35,T35,31,6,15,9,-1,9,03T35@1,05T35@2,17,31,-1,-1,2
748,OTHER,T16,31,1,10,0,-1,-1,SELLER,00T16@0,0,31,-1,-1,0
731,OTHER,T16,31,1,10,0,-1,-1,SELLER,00T16@0,0,31,-1,-1,0
1075,T35,T35,31,10,15,3,-1,3,02T35@1,05T35@2,17,31,-1,-1,2
258,T40,OTHER,31,1,36,0,-1,-1,04T40@2,BUYER,0,31,-1,-1,3
665,OTHER,T16,31,1,10,0,-1,-1,SELLER,00T16@0,0,31,-1,-1,0
2061,T35,T40,32,9,16,32,-1,32,02T35@1,04T40@2,17,32,-1,-1,2
2053,T35,T40,32,9,14,32,-1,32,02T35@1,04T40@2,17,32,-1,-1,2
2042,T35,T35,32,5,16,32,-1,32,03T35@1,05T35@2,17,32,-1,-1,2
2029,T35,T40,32,9,14,31,-1,31,02T35@1,04T40@2,17,32,-1,-1,2
2023,T35,T35,32,8,16,31,-1,31,02T35@1,05T35@2,17,32,-1,-1,2
2021,T35,T35,32,8,16,31,-1,31,03T35@1,05T35@2,17,32,-1,-1,2
2000,T35,T40,32,9,14,30,-1,30,02T35@1,04T40@2,17,32,-1,-1,2
1877,T35,T35,32,10,16,27,-1,27,02T35@1,05T35@2,17,32,-1,-1,2
1769,T35,T35,32,12,16,24,-1,24,02T35@1,05T35@2,17,32,-1,-1,2
1994,T35,T35,32,8,16,30,-1,30,02T35@1,05T35@2,17,32,-1,-1,2
1990,T35,T40,32,9,14,30,-1,30,02T35@1,04T40@2,17,32,-1,-1,2
1389,T35,T35,32,5,15,12,-1,12,02T35@1,05T35@2,17,32,-1,-1,2
1987,T35,T35,32,8,16,30,-1,30,03T35@1,05T35@2,17,32,-1,-1,2
1194,T35,T35,32,8,13,7,-1,7,03T35@1,05T35@2,17,32,-1,-1,2
1178,T35,T35,32,6,13,6,-1,6,02T35@1,05T35@2,17,32,-1,-1,2
1180,T35,T35,32,6,13,6,-1,6,03T35@1,05T35@2,17,32,-1,-1,2
1980,T35,T35,32,5,10,30,-1,30,01T35@0,03T35@1,17,32,-1,-1,1
1789,T35,T35,32,12,16,24,-1,24,03T35@1,05T35@2,17,32,-1,-1,2
1185,T35,T35,32,8,13,7,-1,7,02T35@1,05T35@2,17,32,-1,-1,2
1878,T35,T35,32,10,16,27,-1,27,03T35@1,05T35@2,17,32,-1,-1,2
1922,T35,T35,32,1,15,28,-1,28,03T35@1,05T35@2,17,32,-1,-1,2
0,T35,OTHER,32,3,36,0,-1,-1,05T35@2,BUYER,0,32,-1,-1,3
371,OTHER,T35,32,1,10,0,-1,-1,SELLER,01T35@0,0,32,-1,-1,0
603,T35,OTHER,32,1,36,0,-1,-1,05T35@2,BUYER,0,32,-1,-1,3
53,OTHER,T16,32,3,10,0,-1,-1,SELLER,00T16@0,0,32,-1,-1,0
794,T40,OTHER,32,3,36,-1,-1,-1,04T40@2,BUYER,0,-1,-1,-1,3
169,OTHER,T35,32,1,10,0,-1,-1,SELLER,01T35@0,0,32,-1,-1,0
798,T40,OTHER,32,2,36,-1,-1,-1,04T40@2,BUYER,0,-1,-1,-1,3
645,T35,OTHER,32,1,36,0,-1,-1,05T35@2,BUYER,0,32,-1,-1,3
207,OTHER,T16,32,2,10,0,-1,-1,SELLER,00T16@0,0,32,-1,-1,0
525,OTHER,T16,32,1,10,0,-1,-1,SELLER,00T16@0,0,32,-1,-1,0
490,OTHER,T35,32,2,10,0,-1,-1,SELLER,01T35@0,0,32,-1,-1,0
264,OTHER,T35,32,1,10,0,-1,-1,SELLER,01T35@0,0,32,-1,-1,0
327,T40,OTHER,32,3,36,0,-1,-1,04T40@2,BUYER,0,32,-1,-1,3
79,OTHER,T16,32,1,10,0,-1,-1,SELLER,00T16@0,0,32,-1,-1,0
463,OTHER,T35,32,2,10,0,-1,-1,SELLER,01T35@0,0,32,-1,-1,0
589,OTHER,T16,32,2,10,0,-1,-1,SELLER,00T16@0,0,32,-1,-1,0
706,T40,OTHER,32,1,36,0,-1,-1,04T40@2,BUYER,0,32,-1,-1,3
422,T40,OTHER,32,1,36,0,-1,-1,04T40@2,BUYER,0,32,-1,-1,3
865,T40,OTHER,32,1,36,-1,-1,-1,04T40@2,BUYER,0,-1,-1,-1,3
689,OTHER,T35,32,2,10,0,-1,-1,SELLER,01T35@0,0,32,-1,-1,0
137,OTHER,T16,32,2,10,0,-1,-1,SELLER,00T16@0,0,32,-1,-1,0
52,T35,OTHER,32,2,36,0,-1,-1,05T35@2,BUYER,0,32,-1,-1,3
39,T35,OTHER,32,2,36,0,-1,-1,05T35@2,BUYER,0,32,-1,-1,3
2096,T35,T40,33,9,16,33,-1,33,03T35@1,04T40@2,17,33,-1,-1,2
581,T35,OTHER,33,1,36,0,-1,-1,05T35@2,BUYER,0,33,-1,-1,3
580,OTHER,T16,33,1,10,0,-1,-1,SELLER,00T16@0,0,33,-1,-1,0
1345,T35,T35,33,8,15,11,-1,11,03T35@1,05T35@2,17,33,-1,-1,2
551,OTHER,T16,33,1,10,0,-1,-1,SELLER,00T16@0,0,33,-1,-1,0
2022,T35,T40,33,9,14,31,-1,31,02T35@1,04T40@2,17,33,-1,-1,2
540,OTHER,T16,33,2,10,0,-1,-1,SELLER,00T16@0,0,33,-1,-1,0
441,T35,OTHER,33,3,36,0,-1,-1,05T35@2,BUYER,0,33,-1,-1,3
2026,T35,T35,33,10,14,31,-1,31,03T35@1,05T35@2,17,33,-1,-1,2
853,T40,OTHER,33,4,36,-1,-1,-1,04T40@2,BUYER,0,-1,-1,-1,3
183,T35,OTHER,33,1,36,0,-1,-1,05T35@2,BUYER,0,33,-1,-1,3
499,OTHER,T35,33,2,10,0,-1,-1,SELLER,01T35@0,0,33,-1,-1,0
346,T40,OTHER,33,2,36,0,-1,-1,04T40@2,BUYER,0,33,-1,-1,3
1312,T35,T35,33,8,13,10,-1,10,02T35@1,05T35@2,17,33,-1,-1,2
481,OTHER,T16,33,4,10,0,-1,-1,SELLER,00T16@0,0,33,-1,-1,0
1829,T35,T35,33,5,14,25,-1,25,03T35@1,05T35@2,17,33,-1,-1,2
864,T40,OTHER,33,3,36,-1,-1,-1,04T40@2,BUYER,0,-1,-1,-1,3
1350,T35,T35,33,8,15,11,-1,11,02T35@1,05T35@2,17,33,-1,-1,2
1300,T35,T35,33,8,13,10,-1,10,03T35@1,05T35@2,17,33,-1,-1,2
2038,T35,T40,33,9,16,32,-1,32,02T35@1,04T40@2,17,33,-1,-1,2
600,OTHER,T16,33,1,10,0,-1,-1,SELLER,00T16@0,0,33,-1,-1,0
736,OTHER,T35,33,4,10,0,-1,-1,SELLER,01T35@0,0,33,-1,-1,0
2057,T35,T35,33,7,16,32,-1,32,02T35@1,05T35@2,17,33,-1,-1,2
742,T40,OTHER,33,1,36,0,-1,-1,04T40@2,BUYER,0,33,-1,-1,3
2050,T35,T40,33,8,16,32,-1,32,02T35@1,04T40@2,17,33,-1,-1,2
1416,T35,T35,33,11,13,13,-1,13,02T35@1,05T35@2,17,33,-1,-1,2
669,T35,OTHER,33,1,36,0,-1,-1,05T35@2,BUYER,0,33,-1,-1,3
633,T35,OTHER,33,3,36,0,-1,-1,05T35@2,BUYER,0,33,-1,-1,3
249,T35,OTHER,33,1,36,0,-1,-1,05T35@2,BUYER,0,33,-1,-1,3
619,OTHER,T16,33,3,10,0,-1,-1,SELLER,00T16@0,0,33,-1,-1,0
631,OTHER,T35,33,1,10,0,-1,-1,SELLER,01T35@0,0,33,-1,-1,0
1954,T35,T35,33,11,10,29,-1,29,01T35@0,03T35@1,17,33,-1,-1,1
2089,T35,T40,33,8,16,33,-1,33,03T35@1,04T40@2,17,33,-1,-1,2
1415,T35,T35,33,11,13,13,-1,13,03T35@1,05T35@2,17,33,-1,-1,2
1955,T35,T35,33,6,14,29,-1,29,03T35@1,05T35@2,17,33,-1,-1,2
682,OTHER,T35,33,1,10,0,-1,-1,SELLER,01T35@0,0,33,-1,-1,0
471,OTHER,T35,34,1,10,0,-1,-1,SELLER,01T35@0,0,34,-1,-1,0
184,OTHER,T35,34,1,10,0,-1,-1,SELLER,01T35@0,0,34,-1,-1,0
354,T35,OTHER,34,1,36,0,-1,-1,05T35@2,BUYER,0,34,-1,-1,3
261,OTHER,T16,34,2,10,0,-1,-1,SELLER,00T16@0,0,34,-1,-1,0
453,T35,OTHER,34,1,36,0,-1,-1,05T35@2,BUYER,0,34,-1,-1,3
2019,T35,T40,34,8,14,31,-1,31,02T35@1,04T40@2,17,34,-1,-1,2
1438,T35,T35,34,10,13,14,-1,14,02T35@1,05T35@2,17,34,-1,-1,2
734,OTHER,T16,34,1,10,0,-1,-1,SELLER,00T16@0,0,34,-1,-1,0
331,OTHER,T35,34,1,10,0,-1,-1,SELLER,01T35@0,0,34,-1,-1,0
691,T35,OTHER,34,2,36,0,-1,-1,05T35@2,BUYER,0,34,-1,-1,3
2049,T35,T40,34,9,16,32,-1,32,02T35@1,04T40@2,17,34,-1,-1,2
448,OTHER,T16,34,2,10,0,-1,-1,SELLER,00T16@0,0,34,-1,-1,0
522,OTHER,T16,34,2,10,0,-1,-1,SELLER,00T16@0,0,34,-1,-1,0
857,T40,OTHER,34,1,36,-1,-1,-1,04T40@2,BUYER,0,-1,-1,-1,3
2068,T35,T40,34,9,14,33,-1,33,03T35@1,04T40@2,17,34,-1,-1,2
1996,T35,T35,34,1,15,30,-1,30,03T35@1,05T35@2,17,34,-1,-1,2
718,OTHER,T35,34,1,10,0,-1,-1,SELLER,01T35@0,0,34,-1,-1,0
767,OTHER,T35,34,1,10,0,-1,-1,SELLER,01T35@0,0,34,-1,-1,0
103,T40,OTHER,34,2,36,0,-1,-1,04T40@2,BUYER,0,34,-1,-1,3
2107,T35,T35,34,1,15,34,-1,34,03T35@1,05T35@2,17,34,-1,-1,2
1455,T35,T35,34,10,13,14,-1,14,03T35@1,05T35@2,17,34,-1,-1,2
223,OTHER,T35,34,4,10,0,-1,-1,SELLER,01T35@0,0,34,-1,-1,0
781,T40,OTHER,34,1,36,-1,-1,-1,04T40@2,BUYER,0,-1,-1,-1,3
287,T35,OTHER,34,2,36,0,-1,-1,05T35@2,BUYER,0,34,-1,-1,3
2028,T35,T35,34,10,16,31,-1,31,02T35@1,05T35@2,17,34,-1,-1,2
291,T40,OTHER,34,2,36,0,-1,-1,04T40@2,BUYER,0,34,-1,-1,3
2115,T35,T40,34,9,16,34,-1,34,02T35@1,04T40@2,17,34,-1,-1,2
1917,T35,T35,34,5,14,28,-1,28,02T35@1,05T35@2,17,34,-1,-1,2
2077,T35,T40,34,9,16,33,-1,33,03T35@1,04T40@2,17,34,-1,-1,2
2117,T35,T35,34,5,16,34,-1,34,02T35@1,05T35@2,17,34,-1,-1,2
121,T40,OTHER,34,2,36,0,-1,-1,04T40@2,BUYER,0,34,-1,-1,3
355,OTHER,T16,34,3,10,0,-1,-1,SELLER,00T16@0,0,34,-1,-1,0
301,T40,OTHER,34,1,36,0,-1,-1,04T40@2,BUYER,0,34,-1,-1,3
832,T40,OTHER,34,1,36,-1,-1,-1,04T40@2,BUYER,0,-1,-1,-1,3
658,OTHER,T16,34,1,10,0,-1,-1,SELLER,00T16@0,0,34,-1,-1,0
2078,T35,T35,34,9,16,33,-1,33,03T35@1,05T35@2,17,34,-1,-1,2
799,T40,OTHER,34,4,36,-1,-1,-1,04T40@2,BUYER,0,-1,-1,-1,3
240,T40,OTHER,35,1,36,0,-1,-1,04T40@2,BUYER,0,35,-1,-1,3
869,T40,OTHER,35,2,36,-1,-1,-1,04T40@2,BUYER,0,-1,-1,-1,3
2093,T35,T40,35,9,14,33,-1,33,02T35@1,04T40@2,17,35,-1,-1,2
140,OTHER,T35,35,1,10,0,-1,-1,SELLER,01T35@0,0,35,-1,-1,0
206,OTHER,T35,35,1,10,0,-1,-1,SELLER,01T35@0,0,35,-1,-1,0
312,OTHER,T16,35,4,10,0,-1,-1,SELLER,00T16@0,0,35,-1,-1,0
2155,T35,T35,35,1,15,35,-1,35,03T35@1,05T35@2,17,35,-1,-1,2
2149,T35,T40,35,1,15,35,-1,35,03T35@1,04T40@2,17,35,-1,-1,2
2134,T35,T40,35,5,16,35,-1,35,03T35@1,04T40@2,17,35,-1,-1,2
2129,T35,T40,35,1,15,35,-1,35,02T35@1,04T40@2,17,35,-1,-1,2
2088,T35,T35,35,9,14,33,-1,33,02T35@1,05T35@2,17,35,-1,-1,2
2110,T35,T40,35,8,14,34,-1,34,03T35@1,04T40@2,17,35,-1,-1,2
2106,T35,T40,35,9,16,34,-1,34,03T35@1,04T40@2,17,35,-1,-1,2
210,OTHER,T35,35,3,10,0,-1,-1,SELLER,01T35@0,0,35,-1,-1,0
343,T40,OTHER,35,1,36,0,-1,-1,04T40@2,BUYER,0,35,-1,-1,3
2060,T35,T35,35,7,14,32,-1,32,03T35@1,05T35@2,17,35,-1,-1,2
152,T35,OTHER,35,2,36,0,-1,-1,05T35@2,BUYER,0,35,-1,-1,3
642,OTHER,T35,35,1,10,0,-1,-1,SELLER,01T35@0,0,35,-1,-1,0
1489,T35,T35,35,10,13,15,-1,15,02T35@1,05T35@2,17,35,-1,-1,2
480,OTHER,T16,35,1,10,0,-1,-1,SELLER,00T16@0,0,35,-1,-1,0
761,T35,OTHER,35,2,36,0,-1,-1,05T35@2,BUYER,0,35,-1,-1,3
760,OTHER,T35,35,1,10,0,-1,-1,SELLER,01T35@0,0,35,-1,-1,0
758,OTHER,T16,35,5,10,0,-1,-1,SELLER,00T16@0,0,35,-1,-1,0
819,T40,OTHER,35,4,36,-1,-1,-1,04T40@2,BUYER,0,-1,-1,-1,3
476,T35,OTHER,35,1,36,0,-1,-1,05T35@2,BUYER,0,35,-1,-1,3
1484,T35,T35,35,10,13,15,-1,15,03T35@1,05T35@2,17,35,-1,-1,2
107,T35,OTHER,35,2,36,0,-1,-1,05T35@2,BUYER,0,35,-1,-1,3
512,OTHER,T16,35,1,10,0,-1,-1,SELLER,00T16@0,0,35,-1,-1,0
568,OTHER,T35,35,1,10,0,-1,-1,SELLER,01T35@0,0,35,-1,-1,0
586,T40,OTHER,35,2,36,0,-1,-1,04T40@2,BUYER,0,35,-1,-1,3
1613,T35,T35,35,4,15,19,-1,19,03T35@1,05T35@2,17,35,-1,-1,2
131,OTHER,T16,35,1,10,0,-1,-1,SELLER,00T16@0,0,35,-1,-1,0
419,T35,OTHER,35,1,36,0,-1,-1,05T35@2,BUYER,0,35,-1,-1,3
1610,T35,T35,35,4,15,19,-1,19,02T35@1,05T35@2,17,35,-1,-1,2
722,T40,OTHER,35,1,36,0,-1,-1,04T40@2,BUYER,0,35,-1,-1,3
1502,T35,T35,35,10,13,16,-1,16,02T35@1,05T35@2,17,35,-1,-1,2
375,T35,OTHER,35,1,36,0,-1,-1,05T35@2,BUYER,0,35,-1,-1,3
1962,T35,T35,35,4,14,29,-1,29,02T35@1,05T35@2,17,35,-1,-1,2
2108,T35,T40,36,9,16,34,-1,34,02T35@1,04T40@2,17,36,-1,-1,2
2113,T35,T40,36,9,14,34,-1,34,02T35@1,04T40@2,17,36,-1,-1,2
582,OTHER,T35,36,1,10,0,-1,-1,SELLER,01T35@0,0,36,-1,-1,0
2114,T35,T35,36,1,15,34,-1,34,02T35@1,05T35@2,17,36,-1,-1,2
785,T40,OTHER,36,3,36,-1,-1,-1,04T40@2,BUYER,0,-1,-1,-1,3
356,OTHER,T35,36,2,10,0,-1,-1,SELLER,01T35@0,0,36,-1,-1,0
755,OTHER,T35,36,2,10,0,-1,-1,SELLER,01T35@0,0,36,-1,-1,0
25,OTHER,T16,36,2,10,0,-1,-1,SELLER,00T16@0,0,36,-1,-1,0
2145,T35,T40,36,9,14,35,-1,35,02T35@1,04T40@2,17,36,-1,-1,2
615,T35,OTHER,36,4,36,0,-1,-1,05T35@2,BUYER,0,36,-1,-1,3
267,T40,OTHER,36,2,36,0,-1,-1,04T40@2,BUYER,0,36,-1,-1,3
224,OTHER,T35,36,1,10,0,-1,-1,SELLER,01T35@0,0,36,-1,-1,0
667,OTHER,T16,36,1,10,0,-1,-1,SELLER,00T16@0,0,36,-1,-1,0
729,OTHER,T35,36,1,10,0,-1,-1,SELLER,01T35@0,0,36,-1,-1,0
2041,T35,T35,36,5,14,32,-1,32,02T35@1,05T35@2,17,36,-1,-1,2
155,OTHER,T35,36,1,10,0,-1,-1,SELLER,01T35@0,0,36,-1,-1,0
1371,T35,T35,36,5,13,12,-1,12,03T35@1,05T35@2,17,36,-1,-1,2
2147,T35,T40,36,9,14,35,-1,35,03T35@1,04T40@2,17,36,-1,-1,2
527,T35,OTHER,36,1,36,0,-1,-1,05T35@2,BUYER,0,36,-1,-1,3
2191,T35,T40,36,9,16,36,-1,36,02T35@1,04T40@2,17,36,-1,-1,2
393,T40,OTHER,36,1,36,0,-1,-1,04T40@2,BUYER,0,36,-1,-1,3
863,T40,OTHER,36,3,36,-1,-1,-1,04T40@2,BUYER,0,-1,-1,-1,3
182,T35,OTHER,36,1,36,0,-1,-1,05T35@2,BUYER,0,36,-1,-1,3
71,T40,OTHER,36,1,36,0,-1,-1,04T40@2,BUYER,0,36,-1,-1,3
464,OTHER,T35,36,1,10,0,-1,-1,SELLER,01T35@0,0,36,-1,-1,0
719,OTHER,T35,36,3,10,0,-1,-1,SELLER,01T35@0,0,36,-1,-1,0
34,OTHER,T35,36,1,10,0,-1,-1,SELLER,01T35@0,0,36,-1,-1,0
816,T40,OTHER,36,2,36,-1,-1,-1,04T40@2,BUYER,0,-1,-1,-1,3
820,T40,OTHER,36,1,36,-1,-1,-1,04T40@2,BUYER,0,-1,-1,-1,3
2183,T35,T35,36,1,15,36,-1,36,02T35@1,05T35@2,17,36,-1,-1,2
320,OTHER,T16,36,1,10,0,-1,-1,SELLER,00T16@0,0,36,-1,-1,0
2177,T35,T35,36,1,15,36,-1,36,03T35@1,05T35@2,17,36,-1,-1,2
2173,T35,T40,36,5,16,36,-1,36,03T35@1,04T40@2,17,36,-1,-1,2
230,OTHER,T35,36,3,10,0,-1,-1,SELLER,01T35@0,0,36,-1,-1,0
2154,T35,T35,36,1,15,35,-1,35,02T35@1,05T35@2,17,36,-1,-1,2
2152,T35,T40,36,9,16,35,-1,35,02T35@1,04T40@2,17,36,-1,-1,2
30,T40,OTHER,36,1,36,0,-1,-1,04T40@2,BUYER,0,36,-1,-1,3
5,T40,OTHER,37,4,36,0,-1,-1,04T40@2,BUYER,0,37,-1,-1,3
2143,T35,T35,37,10,14,35,-1,35,02T35@1,05T35@2,17,37,-1,-1,2
127,T35,OTHER,37,1,36,0,-1,-1,05T35@2,BUYER,0,37,-1,-1,3
342,OTHER,T16,37,3,10,0,-1,-1,SELLER,00T16@0,0,37,-1,-1,0
6,OTHER,T16,37,2,10,0,-1,-1,SELLER,00T16@0,0,37,-1,-1,0
164,OTHER,T16,37,2,10,0,-1,-1,SELLER,00T16@0,0,37,-1,-1,0
563,OTHER,T35,37,2,10,0,-1,-1,SELLER,01T35@0,0,37,-1,-1,0
306,OTHER,T16,37,2,10,0,-1,-1,SELLER,00T16@0,0,37,-1,-1,0
844,T40,OTHER,37,1,36,-1,-1,-1,04T40@2,BUYER,0,-1,-1,-1,3
410,OTHER,T35,37,1,10,0,-1,-1,SELLER,01T35@0,0,37,-1,-1,0
725,OTHER,T35,37,1,10,0,-1,-1,SELLER,01T35@0,0,37,-1,-1,0
409,OTHER,T35,37,1,10,0,-1,-1,SELLER,01T35@0,0,37,-1,-1,0
696,T40,OTHER,37,1,36,0,-1,-1,04T40@2,BUYER,0,37,-1,-1,3
800,T40,OTHER,37,2,36,-1,-1,-1,04T40@2,BUYER,0,-1,-1,-1,3
662,T35,OTHER,37,2,36,0,-1,-1,05T35@2,BUYER,0,37,-1,-1,3
643,OTHER,T35,37,1,10,0,-1,-1,SELLER,01T35@0,0,37,-1,-1,0
63,OTHER,T16,37,1,10,0,-1,-1,SELLER,00T16@0,0,37,-1,-1,0
2218,T35,T40,37,9,14,37,-1,37,02T35@1,04T40@2,17,37,-1,-1,2
2169,T35,T35,37,8,16,36,-1,36,03T35@1,05T35@2,17,37,-1,-1,2
494,OTHER,T16,37,1,10,0,-1,-1,SELLER,00T16@0,0,37,-1,-1,0
88,T35,OTHER,37,1,36,0,-1,-1,05T35@2,BUYER,0,37,-1,-1,3
516,T35,OTHER,37,2,36,0,-1,-1,05T35@2,BUYER,0,37,-1,-1,3
2181,T35,T40,37,9,16,36,-1,36,03T35@1,04T40@2,17,37,-1,-1,2
2182,T35,T35,37,8,16,36,-1,36,02T35@1,05T35@2,17,37,-1,-1,2
2095,T35,T35,37,6,14,33,-1,33,03T35@1,05T35@2,17,37,-1,-1,2
534,T35,OTHER,37,2,36,0,-1,-1,05T35@2,BUYER,0,37,-1,-1,3
2192,T35,T40,37,9,14,36,-1,36,03T35@1,04T40@2,17,37,-1,-1,2
339,OTHER,T35,37,3,10,0,-1,-1,SELLER,01T35@0,0,37,-1,-1,0
791,T40,OTHER,37,2,36,-1,-1,-1,04T40@2,BUYER,0,-1,-1,-1,3
2209,T35,T40,37,1,15,37,-1,37,02T35@1,04T40@2,17,37,-1,-1,2
2079,T35,T35,37,6,14,33,-1,33,02T35@1,05T35@2,17,37,-1,-1,2
168,T35,OTHER,37,2,36,0,-1,-1,05T35@2,BUYER,0,37,-1,-1,3
2148,T35,T35,37,10,14,35,-1,35,03T35@1,05T35@2,17,37,-1,-1,2
165,T35,OTHER,38,1,36,0,-1,-1,05T35@2,BUYER,0,38,-1,-1,3
82,OTHER,T35,38,1,10,0,-1,-1,SELLER,01T35@0,0,38,-1,-1,0
38,OTHER,T35,38,2,10,0,-1,-1,SELLER,01T35@0,0,38,-1,-1,0
269,OTHER,T35,38,3,10,0,-1,-1,SELLER,01T35@0,0,38,-1,-1,0
716,T35,OTHER,38,3,36,0,-1,-1,05T35@2,BUYER,0,38,-1,-1,3
711,OTHER,T16,38,1,10,0,-1,-1,SELLER,00T16@0,0,38,-1,-1,0
688,OTHER,T16,38,2,10,0,-1,-1,SELLER,00T16@0,0,38,-1,-1,0
732,T35,OTHER,38,1,36,0,-1,-1,05T35@2,BUYER,0,38,-1,-1,3
559,T40,OTHER,38,2,36,0,-1,-1,04T40@2,BUYER,0,38,-1,-1,3
543,OTHER,T16,38,1,10,0,-1,-1,SELLER,00T16@0,0,38,-1,-1,0
530,OTHER,T35,38,3,10,0,-1,-1,SELLER,01T35@0,0,38,-1,-1,0
265,T40,OTHER,38,1,36,0,-1,-1,04T40@2,BUYER,0,38,-1,-1,3
445,T35,OTHER,38,4,36,0,-1,-1,05T35@2,BUYER,0,38,-1,-1,3
833,T40,OTHER,38,4,36,-1,-1,-1,04T40@2,BUYER,0,-1,-1,-1,3
845,T40,OTHER,38,2,36,-1,-1,-1,04T40@2,BUYER,0,-1,-1,-1,3
374,OTHER,T35,38,1,10,0,-1,-1,SELLER,01T35@0,0,38,-1,-1,0
372,OTHER,T35,38,2,10,0,-1,-1,SELLER,01T35@0,0,38,-1,-1,0
2221,T35,T35,38,7,16,37,-1,37,03T35@1,05T35@2,17,38,-1,-1,2
2241,T35,T35,38,6,16,38,-1,38,02T35@1,05T35@2,17,38,-1,-1,2
2232,T35,T40,38,9,16,38,-1,38,02T35@1,04T40@2,17,38,-1,-1,2
2219,T35,T40,38,9,14,37,-1,37,03T35@1,04T40@2,17,38,-1,-1,2
270,T40,OTHER,38,1,36,0,-1,-1,04T40@2,BUYER,0,38,-1,-1,3
2202,T35,T35,38,7,16,37,-1,37,02T35@1,05T35@2,17,38,-1,-1,2
317,OTHER,T16,38,1,10,0,-1,-1,SELLER,00T16@0,0,38,-1,-1,0
284,OTHER,T16,38,3,10,0,-1,-1,SELLER,00T16@0,0,38,-1,-1,0
310,T40,OTHER,38,1,36,0,-1,-1,04T40@2,BUYER,0,38,-1,-1,3
2111,T35,T35,38,5,14,34,-1,34,03T35@1,05T35@2,17,38,-1,-1,2
723,T35,OTHER,39,2,36,0,-1,-1,05T35@2,BUYER,0,39,-1,-1,3
296,OTHER,T16,39,1,10,0,-1,-1,SELLER,00T16@0,0,39,-1,-1,0
668,OTHER,T16,39,1,10,0,-1,-1,SELLER,00T16@0,0,39,-1,-1,0
666,T35,OTHER,39,1,36,0,-1,-1,05T35@2,BUYER,0,39,-1,-1,3
663,OTHER,T16,39,1,10,0,-1,-1,SELLER,00T16@0,0,39,-1,-1,0
738,OTHER,T35,39,2,10,0,-1,-1,SELLER,01T35@0,0,39,-1,-1,0
774,OTHER,T35,39,2,10,0,-1,-1,SELLER,01T35@0,0,39,-1,-1,0
588,OTHER,T35,39,1,10,0,-1,-1,SELLER,01T35@0,0,39,-1,-1,0
361,T40,OTHER,39,1,36,0,-1,-1,04T40@2,BUYER,0,39,-1,-1,3
776,T40,OTHER,39,3,36,-1,-1,-1,04T40@2,BUYER,0,-1,-1,-1,3
304,T35,OTHER,39,2,36,0,-1,-1,05T35@2,BUYER,0,39,-1,-1,3
783,T40,OTHER,39,2,36,-1,-1,-1,04T40@2,BUYER,0,-1,-1,-1,3
786,T40,OTHER,39,1,36,-1,-1,-1,04T40@2,BUYER,0,-1,-1,-1,3
315,OTHER,T35,39,1,10,0,-1,-1,SELLER,01T35@0,0,39,-1,-1,0
467,OTHER,T35,39,2,10,0,-1,-1,SELLER,01T35@0,0,39,-1,-1,0
341,T35,OTHER,39,2,36,0,-1,-1,05T35@2,BUYER,0,39,-1,-1,3
618,OTHER,T35,39,3,10,0,-1,-1,SELLER,01T35@0,0,39,-1,-1,0
823,T40,OTHER,39,2,36,-1,-1,-1,04T40@2,BUYER,0,-1,-1,-1,3
720,OTHER,T16,39,3,10,0,-1,-1,SELLER,00T16@0,0,39,-1,-1,0
23,OTHER,T35,39,1,10,0,-1,-1,SELLER,01T35@0,0,39,-1,-1,0
132,T40,OTHER,39,1,36,0,-1,-1,04T40@2,BUYER,0,39,-1,-1,3
80,T40,OTHER,39,1,36,0,-1,-1,04T40@2,BUYER,0,39,-1,-1,3
68,T40,OTHER,39,2,36,0,-1,-1,04T40@2,BUYER,0,39,-1,-1,3
2208,T35,T40,39,10,16,37,-1,37,03T35@1,04T40@2,17,39,-1,-1,2
8,OTHER,T16,39,2,10,0,-1,-1,SELLER,00T16@0,0,39,-1,-1,0
2178,T35,T40,39,1,15,36,-1,36,02T35@1,04T40@2,17,39,-1,-1,2
2189,T35,T40,39,1,15,36,-1,36,03T35@1,04T40@2,17,39,-1,-1,2
978,T40,OTHER,40,2,36,-1,-1,-1,04T40@2,BUYER,0,-1,-1,-1,3
924,T35,OTHER,40,1,36,1,-1,-1,05T35@2,BUYER,0,40,-1,-1,3
2268,T35,T40,40,10,14,39,-1,39,02T35@1,04T40@2,17,40,-1,-1,2
911,OTHER,T35,40,1,10,1,-1,-1,SELLER,01T35@0,0,40,-1,-1,0
910,T40,OTHER,40,3,36,1,-1,-1,04T40@2,BUYER,0,40,-1,-1,3
904,OTHER,T35,40,1,10,1,-1,-1,SELLER,01T35@0,0,40,-1,-1,0
979,T40,OTHER,40,2,36,-1,-1,-1,04T40@2,BUYER,0,-1,-1,-1,3
903,OTHER,T35,40,3,10,1,-1,-1,SELLER,01T35@0,0,40,-1,-1,0
2196,T35,T40,40,1,15,37,-1,37,03T35@1,04T40@2,17,40,-1,-1,2
900,OTHER,T16,40,2,10,1,-1,-1,SELLER,00T16@0,0,40,-1,-1,0
887,OTHER,T16,40,1,10,1,-1,-1,SELLER,00T16@0,0,40,-1,-1,0
2242,T35,T40,40,10,16,38,-1,38,03T35@1,04T40@2,17,40,-1,-1,2
2297,T35,T40,40,10,14,40,-1,40,02T35@1,04T40@2,17,40,-1,-1,2
880,T35,OTHER,40,1,36,1,-1,-1,05T35@2,BUYER,0,40,-1,-1,3
874,OTHER,T16,40,3,10,1,-1,-1,SELLER,00T16@0,0,40,-1,-1,0
2249,T35,T40,40,10,14,38,-1,38,03T35@1,04T40@2,17,40,-1,-1,2
2255,T35,T35,40,8,16,39,-1,39,03T35@1,05T35@2,17,40,-1,-1,2
2264,T35,T40,40,10,14,39,-1,39,03T35@1,04T40@2,17,40,-1,-1,2
2304,T35,T35,40,1,15,40,-1,40,03T35@1,05T35@2,17,40,-1,-1,2
938,T40,OTHER,40,1,36,1,-1,-1,04T40@2,BUYER,0,40,-1,-1,3
2283,T35,T35,40,1,15,40,-1,40,02T35@1,05T35@2,17,40,-1,-1,2
954,T35,OTHER,40,1,36,1,-1,-1,05T35@2,BUYER,0,40,-1,-1,3
939,OTHER,T16,40,1,10,1,-1,-1,SELLER,00T16@0,0,40,-1,-1,0
977,T40,OTHER,40,2,36,-1,-1,-1,04T40@2,BUYER,0,-1,-1,-1,3
980,T40,OTHER,40,1,36,-1,-1,-1,04T40@2,BUYER,0,-1,-1,-1,3
973,OTHER,T35,40,1,10,1,-1,-1,SELLER,01T35@0,0,40,-1,-1,0
957,T40,OTHER,40,1,36,1,-1,-1,04T40@2,BUYER,0,40,-1,-1,3
972,OTHER,T16,40,3,10,1,-1,-1,SELLER,00T16@0,0,40,-1,-1,0
971,T35,OTHER,40,3,36,1,-1,-1,05T35@2,BUYER,0,40,-1,-1,3
969,OTHER,T35,40,2,10,1,-1,-1,SELLER,01T35@0,0,40,-1,-1,0
961,T35,OTHER,40,2,36,1,-1,-1,05T35@2,BUYER,0,40,-1,-1,3
959,OTHER,T35,40,2,10,1,-1,-1,SELLER,01T35@0,0,40,-1,-1,0
1021,OTHER,T16,41,1,10,2,-1,-1,SELLER,00T16@0,0,41,-1,-1,0
1003,OTHER,T16,41,2,10,2,-1,-1,SELLER,00T16@0,0,41,-1,-1,0
999,T35,OTHER,41,2,36,2,-1,-1,05T35@2,BUYER,0,41,-1,-1,3
995,OTHER,T35,41,2,10,2,-1,-1,SELLER,01T35@0,0,41,-1,-1,0
2300,T35,T40,41,10,16,40,-1,40,02T35@1,04T40@2,17,41,-1,-1,2
993,T35,OTHER,41,4,36,2,-1,-1,05T35@2,BUYER,0,41,-1,-1,3
982,T35,OTHER,41,1,36,2,-1,-1,05T35@2,BUYER,0,41,-1,-1,3
981,OTHER,T35,41,1,10,2,-1,-1,SELLER,01T35@0,0,41,-1,-1,0
2267,T35,T40,41,9,16,39,-1,39,03T35@1,04T40@2,17,41,-1,-1,2
2316,T35,T40,41,10,14,41,-1,41,02T35@1,04T40@2,17,41,-1,-1,2
1004,T35,OTHER,41,2,36,2,-1,-1,05T35@2,BUYER,0,41,-1,-1,3
1039,T40,OTHER,41,1,36,-1,-1,-1,04T40@2,BUYER,0,-1,-1,-1,3
2323,T35,T35,41,6,16,41,-1,41,03T35@1,05T35@2,17,41,-1,-1,2
1024,OTHER,T35,41,1,10,2,-1,-1,SELLER,01T35@0,0,41,-1,-1,0
1025,T35,OTHER,41,2,36,2,-1,-1,05T35@2,BUYER,0,41,-1,-1,3
1031,OTHER,T35,41,1,10,2,-1,-1,SELLER,01T35@0,0,41,-1,-1,0
1032,OTHER,T16,41,2,10,2,-1,-1,SELLER,00T16@0,0,41,-1,-1,0
1018,OTHER,T35,41,2,10,2,-1,-1,SELLER,01T35@0,0,41,-1,-1,0
1036,T40,OTHER,41,3,36,-1,-1,-1,04T40@2,BUYER,0,-1,-1,-1,3
1038,T40,OTHER,41,2,36,-1,-1,-1,04T40@2,BUYER,0,-1,-1,-1,3
1016,T35,OTHER,41,1,36,2,-1,-1,05T35@2,BUYER,0,41,-1,-1,3
1041,T40,OTHER,41,1,36,-1,-1,-1,04T40@2,BUYER,0,-1,-1,-1,3
1010,OTHER,T35,41,4,10,2,-1,-1,SELLER,01T35@0,0,41,-1,-1,0
1009,OTHER,T16,41,1,10,2,-1,-1,SELLER,00T16@0,0,41,-1,-1,0
2332,T35,T40,41,10,14,41,-1,41,03T35@1,04T40@2,17,41,-1,-1,2
1008,OTHER,T16,41,3,10,2,-1,-1,SELLER,00T16@0,0,41,-1,-1,0
1042,T40,OTHER,41,1,36,-1,-1,-1,04T40@2,BUYER,0,-1,-1,-1,3
1076,T40,OTHER,42,2,36,-1,-1,-1,04T40@2,BUYER,0,-1,-1,-1,3
2301,T35,T40,42,10,16,40,-1,40,03T35@1,04T40@2,17,42,-1,-1,2
2317,T35,T40,42,9,16,41,-1,41,02T35@1,04T40@2,17,42,-1,-1,2
1077,T40,OTHER,42,1,36,-1,-1,-1,04T40@2,BUYER,0,-1,-1,-1,3
2352,T35,T40,42,9,16,42,-1,42,02T35@1,04T40@2,17,42,-1,-1,2
2342,T35,T40,42,10,16,42,-1,42,02T35@1,04T40@2,17,42,-1,-1,2
1073,T35,OTHER,42,1,36,3,-1,-1,05T35@2,BUYER,0,42,-1,-1,3
1072,OTHER,T35,42,1,10,3,-1,-1,SELLER,01T35@0,0,42,-1,-1,0
1071,T35,OTHER,42,1,36,3,-1,-1,05T35@2,BUYER,0,42,-1,-1,3
1080,T40,OTHER,42,3,36,-1,-1,-1,04T40@2,BUYER,0,-1,-1,-1,3
2305,T35,T40,42,9,14,40,-1,40,02T35@1,04T40@2,17,42,-1,-1,2
1079,T40,OTHER,42,1,36,-1,-1,-1,04T40@2,BUYER,0,-1,-1,-1,3
1070,T35,OTHER,42,3,36,3,-1,-1,05T35@2,BUYER,0,42,-1,-1,3
1046,OTHER,T35,42,1,10,3,-1,-1,SELLER,01T35@0,0,42,-1,-1,0
1047,T35,OTHER,42,1,36,3,-1,-1,05T35@2,BUYER,0,42,-1,-1,3
1049,OTHER,T16,42,3,10,3,-1,-1,SELLER,00T16@0,0,42,-1,-1,0
1050,OTHER,T16,42,3,10,3,-1,-1,SELLER,00T16@0,0,42,-1,-1,0
1045,OTHER,T35,42,2,10,3,-1,-1,SELLER,01T35@0,0,42,-1,-1,0
1054,T35,OTHER,42,1,36,3,-1,-1,05T35@2,BUYER,0,42,-1,-1,3
1057,OTHER,T35,42,1,10,3,-1,-1,SELLER,01T35@0,0,42,-1,-1,0
1051,OTHER,T16,42,1,10,3,-1,-1,SELLER,00T16@0,0,42,-1,-1,0
1060,T35,OTHER,42,1,36,3,-1,-1,05T35@2,BUYER,0,42,-1,-1,3
1061,T35,OTHER,42,3,36,3,-1,-1,05T35@2,BUYER,0,42,-1,-1,3
1065,T35,OTHER,42,2,36,3,-1,-1,05T35@2,BUYER,0,42,-1,-1,3
1067,OTHER,T35,42,2,10,3,-1,-1,SELLER,01T35@0,0,42,-1,-1,0
1068,OTHER,T35,42,1,10,3,-1,-1,SELLER,01T35@0,0,42,-1,-1,0
2243,T35,T35,42,6,14,38,-1,38,03T35@1,05T35@2,17,42,-1,-1,2
1069,OTHER,T16,42,1,10,3,-1,-1,SELLER,00T16@0,0,42,-1,-1,0
1058,OTHER,T35,42,4,10,3,-1,-1,SELLER,01T35@0,0,42,-1,-1,0
2259,T35,T35,42,8,14,39,-1,39,02T35@1,05T35@2,17,42,-1,-1,2
1093,T40,OTHER,43,4,36,4,-1,-1,04T40@2,BUYER,0,43,-1,-1,3
1094,T35,OTHER,43,2,36,4,-1,-1,05T35@2,BUYER,0,43,-1,-1,3
1095,OTHER,T16,43,2,10,4,-1,-1,SELLER,00T16@0,0,43,-1,-1,0
1096,OTHER,T16,43,1,10,4,-1,-1,SELLER,00T16@0,0,43,-1,-1,0
1097,T40,OTHER,43,1,36,4,-1,-1,04T40@2,BUYER,0,43,-1,-1,3
1099,OTHER,T16,43,2,10,4,-1,-1,SELLER,00T16@0,0,43,-1,-1,0
1100,OTHER,T16,43,2,10,4,-1,-1,SELLER,00T16@0,0,43,-1,-1,0
1110,OTHER,T16,43,2,10,4,-1,-1,SELLER,00T16@0,0,43,-1,-1,0
1106,OTHER,T35,43,2,10,4,-1,-1,SELLER,01T35@0,0,43,-1,-1,0
1107,T40,OTHER,43,1,36,4,-1,-1,04T40@2,BUYER,0,43,-1,-1,3
1109,T35,OTHER,43,5,36,4,-1,-1,05T35@2,BUYER,0,43,-1,-1,3
1092,OTHER,T16,43,2,10,4,-1,-1,SELLER,00T16@0,0,43,-1,-1,0
1112,T40,OTHER,43,2,36,-1,-1,-1,04T40@2,BUYER,0,-1,-1,-1,3
1113,T40,OTHER,43,3,36,-1,-1,-1,04T40@2,BUYER,0,-1,-1,-1,3
1103,OTHER,T35,43,1,10,4,-1,-1,SELLER,01T35@0,0,43,-1,-1,0
1087,T35,OTHER,43,1,36,4,-1,-1,05T35@2,BUYER,0,43,-1,-1,3
1101,OTHER,T35,43,2,10,4,-1,-1,SELLER,01T35@0,0,43,-1,-1,0
1081,OTHER,T16,43,3,10,4,-1,-1,SELLER,00T16@0,0,43,-1,-1,0
2354,T35,T40,43,10,16,42,-1,42,02T35@1,04T40@2,17,43,-1,-1,2
2356,T35,T35,43,8,16,42,-1,42,03T35@1,05T35@2,17,43,-1,-1,2
2333,T35,T40,43,10,16,41,-1,41,03T35@1,04T40@2,17,43,-1,-1,2
1083,OTHER,T16,43,1,10,4,-1,-1,SELLER,00T16@0,0,43,-1,-1,0
2378,T35,T40,43,9,16,43,-1,43,03T35@1,04T40@2,17,43,-1,-1,2
2320,T35,T40,43,9,16,41,-1,41,03T35@1,04T40@2,17,43,-1,-1,2
1086,T40,OTHER,43,1,36,4,-1,-1,04T40@2,BUYER,0,43,-1,-1,3
1121,T35,OTHER,44,2,36,5,-1,-1,05T35@2,BUYER,0,44,-1,-1,3
2390,T35,T35,44,8,16,43,-1,43,02T35@1,05T35@2,17,44,-1,-1,2
1120,T40,OTHER,44,2,36,5,-1,-1,04T40@2,BUYER,0,44,-1,-1,3
1122,T40,OTHER,44,1,36,5,-1,-1,04T40@2,BUYER,0,44,-1,-1,3
1123,OTHER,T35,44,2,10,5,-1,-1,SELLER,01T35@0,0,44,-1,-1,0
1116,OTHER,T16,44,3,10,5,-1,-1,SELLER,00T16@0,0,44,-1,-1,0
2346,T35,T40,44,9,16,42,-1,42,03T35@1,04T40@2,17,44,-1,-1,2
1118,OTHER,T16,44,1,10,5,-1,-1,SELLER,00T16@0,0,44,-1,-1,0
1147,T40,OTHER,44,2,36,-1,-1,-1,04T40@2,BUYER,0,-1,-1,-1,3
1134,T35,OTHER,44,1,36,5,-1,-1,05T35@2,BUYER,0,44,-1,-1,3
1117,OTHER,T35,44,2,10,5,-1,-1,SELLER,01T35@0,0,44,-1,-1,0
1114,OTHER,T16,44,5,10,5,-1,-1,SELLER,00T16@0,0,44,-1,-1,0
1131,OTHER,T35,44,2,10,5,-1,-1,SELLER,01T35@0,0,44,-1,-1,0
1146,T40,OTHER,44,1,36,5,-1,-1,04T40@2,BUYER,0,44,-1,-1,3
2425,T35,T40,44,10,14,44,-1,44,03T35@1,04T40@2,17,44,-1,-1,2
2387,T35,T40,44,8,16,43,-1,43,02T35@1,04T40@2,17,44,-1,-1,2
2401,T35,T35,44,5,16,44,-1,44,02T35@1,05T35@2,17,44,-1,-1,2
1129,T35,OTHER,44,1,36,5,-1,-1,05T35@2,BUYER,0,44,-1,-1,3
2380,T35,T40,44,10,16,43,-1,43,03T35@1,04T40@2,17,44,-1,-1,2
1124,OTHER,T35,44,1,10,5,-1,-1,SELLER,01T35@0,0,44,-1,-1,0
1139,OTHER,T16,44,2,10,5,-1,-1,SELLER,00T16@0,0,44,-1,-1,0
1130,OTHER,T16,44,1,10,5,-1,-1,SELLER,00T16@0,0,44,-1,-1,0
2388,T35,T40,44,9,14,43,-1,43,03T35@1,04T40@2,17,44,-1,-1,2
1128,T40,OTHER,44,1,36,5,-1,-1,04T40@2,BUYER,0,44,-1,-1,3
2358,T35,T40,44,9,14,42,-1,42,03T35@1,04T40@2,17,44,-1,-1,2
1127,OTHER,T16,44,1,10,5,-1,-1,SELLER,00T16@0,0,44,-1,-1,0
1142,T35,OTHER,44,1,36,5,-1,-1,05T35@2,BUYER,0,44,-1,-1,3
1125,T40,OTHER,44,4,36,5,-1,-1,04T40@2,BUYER,0,44,-1,-1,3
1144,T35,OTHER,44,4,36,5,-1,-1,05T35@2,BUYER,0,44,-1,-1,3
2375,T35,T35,44,8,16,43,-1,43,03T35@1,05T35@2,17,44,-1,-1,2
1158,OTHER,T35,45,1,10,6,-1,-1,SELLER,01T35@0,0,45,-1,-1,0
1157,T35,OTHER,45,1,36,6,-1,-1,05T35@2,BUYER,0,45,-1,-1,3
1159,OTHER,T16,45,1,10,6,-1,-1,SELLER,00T16@0,0,45,-1,-1,0
1152,OTHER,T16,45,3,10,6,-1,-1,SELLER,00T16@0,0,45,-1,-1,0
1153,T40,OTHER,45,2,36,6,-1,-1,04T40@2,BUYER,0,45,-1,-1,3
1149,OTHER,T35,45,1,10,6,-1,-1,SELLER,01T35@0,0,45,-1,-1,0
1154,T35,OTHER,45,1,36,6,-1,-1,05T35@2,BUYER,0,45,-1,-1,3
1160,OTHER,T35,45,2,10,6,-1,-1,SELLER,01T35@0,0,45,-1,-1,0
2399,T35,T40,45,9,14,44,-1,44,02T35@1,04T40@2,17,45,-1,-1,2
1162,OTHER,T16,45,2,10,6,-1,-1,SELLER,00T16@0,0,45,-1,-1,0
2412,T35,T40,45,8,16,44,-1,44,02T35@1,04T40@2,17,45,-1,-1,2
2384,T35,T40,45,9,14,43,-1,43,03T35@1,04T40@2,17,45,-1,-1,2
2413,T35,T40,45,9,16,44,-1,44,03T35@1,04T40@2,17,45,-1,-1,2
2360,T35,T35,45,8,14,42,-1,42,02T35@1,05T35@2,17,45,-1,-1,2
2443,T35,T40,45,8,16,45,-1,45,02T35@1,04T40@2,17,45,-1,-1,2
2455,T35,T40,45,9,16,45,-1,45,02T35@1,04T40@2,17,45,-1,-1,2
1161,OTHER,T35,45,3,10,6,-1,-1,SELLER,01T35@0,0,45,-1,-1,0
1179,T35,OTHER,45,2,36,6,-1,-1,05T35@2,BUYER,0,45,-1,-1,3
2331,T35,T35,45,6,14,41,-1,41,02T35@1,05T35@2,17,45,-1,-1,2
1182,T40,OTHER,45,4,36,-1,-1,-1,04T40@2,BUYER,0,-1,-1,-1,3
1175,OTHER,T35,45,2,10,6,-1,-1,SELLER,01T35@0,0,45,-1,-1,0
1173,OTHER,T35,45,1,10,6,-1,-1,SELLER,01T35@0,0,45,-1,-1,0
1170,T35,OTHER,45,2,36,6,-1,-1,05T35@2,BUYER,0,45,-1,-1,3
1169,T40,OTHER,45,1,36,6,-1,-1,04T40@2,BUYER,0,45,-1,-1,3
1168,OTHER,T35,45,2,10,6,-1,-1,SELLER,01T35@0,0,45,-1,-1,0
1166,OTHER,T35,45,1,10,6,-1,-1,SELLER,01T35@0,0,45,-1,-1,0
1164,T40,OTHER,45,2,36,6,-1,-1,04T40@2,BUYER,0,45,-1,-1,3
1163,T40,OTHER,45,1,36,6,-1,-1,04T40@2,BUYER,0,45,-1,-1,3
1177,T35,OTHER,45,4,36,6,-1,-1,05T35@2,BUYER,0,45,-1,-1,3
1171,OTHER,T35,45,1,10,6,-1,-1,SELLER,01T35@0,0,45,-1,-1,0
2469,T35,T40,46,9,16,46,-1,46,02T35@1,04T40@2,17,46,-1,-1,2
2460,T35,T40,46,8,16,46,-1,46,03T35@1,04T40@2,17,46,-1,-1,2
2453,T35,T40,46,9,14,45,-1,45,03T35@1,04T40@2,17,46,-1,-1,2
2435,T35,T40,46,8,16,45,-1,45,02T35@1,04T40@2,17,46,-1,-1,2
2480,T35,T40,46,8,16,46,-1,46,02T35@1,04T40@2,17,46,-1,-1,2
1205,T40,OTHER,46,1,36,7,-1,-1,04T40@2,BUYER,0,46,-1,-1,3
1206,T35,OTHER,46,2,36,7,-1,-1,05T35@2,BUYER,0,46,-1,-1,3
1193,T40,OTHER,46,2,36,7,-1,-1,04T40@2,BUYER,0,46,-1,-1,3
1192,OTHER,T16,46,2,10,7,-1,-1,SELLER,00T16@0,0,46,-1,-1,0
1199,OTHER,T35,46,1,10,7,-1,-1,SELLER,01T35@0,0,46,-1,-1,0
1203,OTHER,T35,46,3,10,7,-1,-1,SELLER,01T35@0,0,46,-1,-1,0
1198,T35,OTHER,46,2,36,7,-1,-1,05T35@2,BUYER,0,46,-1,-1,3
1189,OTHER,T35,46,1,10,7,-1,-1,SELLER,01T35@0,0,46,-1,-1,0
1187,T40,OTHER,46,2,36,7,-1,-1,04T40@2,BUYER,0,46,-1,-1,3
1214,T40,OTHER,46,6,36,-1,-1,-1,04T40@2,BUYER,0,-1,-1,-1,3
1190,T40,OTHER,46,1,36,7,-1,-1,04T40@2,BUYER,0,46,-1,-1,3
1184,OTHER,T35,46,3,10,7,-1,-1,SELLER,01T35@0,0,46,-1,-1,0
1207,OTHER,T16,46,5,10,7,-1,-1,SELLER,00T16@0,0,46,-1,-1,0
1208,OTHER,T16,46,1,10,7,-1,-1,SELLER,00T16@0,0,46,-1,-1,0
1209,T35,OTHER,46,1,36,7,-1,-1,05T35@2,BUYER,0,46,-1,-1,3
1213,T40,OTHER,46,1,36,-1,-1,-1,04T40@2,BUYER,0,-1,-1,-1,3
1211,OTHER,T16,46,1,10,7,-1,-1,SELLER,00T16@0,0,46,-1,-1,0
1210,OTHER,T35,46,2,10,7,-1,-1,SELLER,01T35@0,0,46,-1,-1,0
1183,T40,OTHER,46,2,36,7,-1,-1,04T40@2,BUYER,0,46,-1,-1,3
1212,OTHER,T16,46,1,10,7,-1,-1,SELLER,00T16@0,0,46,-1,-1,0
1221,OTHER,T35,47,1,10,8,-1,-1,SELLER,01T35@0,0,47,-1,-1,0
1222,OTHER,T16,47,2,10,8,-1,-1,SELLER,00T16@0,0,47,-1,-1,0
1217,OTHER,T35,47,2,10,8,-1,-1,SELLER,01T35@0,0,47,-1,-1,0
1223,T35,OTHER,47,1,36,8,-1,-1,05T35@2,BUYER,0,47,-1,-1,3
1224,T40,OTHER,47,2,36,8,-1,-1,04T40@2,BUYER,0,47,-1,-1,3
1216,T40,OTHER,47,1,36,8,-1,-1,04T40@2,BUYER,0,47,-1,-1,3
2424,T35,T40,47,8,14,44,-1,44,03T35@1,04T40@2,17,47,-1,-1,2
1225,T35,OTHER,47,3,36,8,-1,-1,05T35@2,BUYER,0,47,-1,-1,3
1229,T35,OTHER,47,1,36,8,-1,-1,05T35@2,BUYER,0,47,-1,-1,3
1215,OTHER,T35,47,1,10,8,-1,-1,SELLER,01T35@0,0,47,-1,-1,0
1230,T40,OTHER,47,1,36,8,-1,-1,04T40@2,BUYER,0,47,-1,-1,3
1218,T35,OTHER,47,1,36,8,-1,-1,05T35@2,BUYER,0,47,-1,-1,3
1231,T35,OTHER,47,1,36,8,-1,-1,05T35@2,BUYER,0,47,-1,-1,3
1237,OTHER,T16,47,2,10,8,-1,-1,SELLER,00T16@0,0,47,-1,-1,0
1249,T40,OTHER,47,1,36,-1,-1,-1,04T40@2,BUYER,0,-1,-1,-1,3
2499,T35,T40,47,1,15,47,-1,47,02T35@1,04T40@2,17,47,-1,-1,2
2494,T35,T40,47,8,16,47,-1,47,03T35@1,04T40@2,17,47,-1,-1,2
2492,T35,T40,47,1,15,47,-1,47,03T35@1,04T40@2,17,47,-1,-1,2
2467,T35,T40,47,7,16,46,-1,46,02T35@1,04T40@2,17,47,-1,-1,2
2465,T35,T40,47,9,16,46,-1,46,02T35@1,04T40@2,17,47,-1,-1,2
1251,T40,OTHER,47,2,36,-1,-1,-1,04T40@2,BUYER,0,-1,-1,-1,3
1232,OTHER,T35,47,1,10,8,-1,-1,SELLER,01T35@0,0,47,-1,-1,0
1247,OTHER,T35,47,3,10,8,-1,-1,SELLER,01T35@0,0,47,-1,-1,0
1233,OTHER,T16,47,3,10,8,-1,-1,SELLER,00T16@0,0,47,-1,-1,0
1245,OTHER,T35,47,1,10,8,-1,-1,SELLER,01T35@0,0,47,-1,-1,0
1244,OTHER,T35,47,2,10,8,-1,-1,SELLER,01T35@0,0,47,-1,-1,0
1243,OTHER,T35,47,2,10,8,-1,-1,SELLER,01T35@0,0,47,-1,-1,0
2444,T35,T40,47,9,14,45,-1,45,03T35@1,04T40@2,17,47,-1,-1,2
1239,T40,OTHER,47,1,36,8,-1,-1,04T40@2,BUYER,0,47,-1,-1,3
1238,T35,OTHER,47,3,36,8,-1,-1,05T35@2,BUYER,0,47,-1,-1,3
1234,T35,OTHER,47,1,36,8,-1,-1,05T35@2,BUYER,0,47,-1,-1,3
1246,T35,OTHER,47,1,36,8,-1,-1,05T35@2,BUYER,0,47,-1,-1,3
2446,T35,T35,48,11,16,45,-1,45,02T35@1,05T35@2,17,48,-1,-1,2
2407,T35,T35,48,5,14,44,-1,44,03T35@1,05T35@2,17,48,-1,-1,2
2456,T35,T35,48,10,14,46,-1,46,03T35@1,05T35@2,17,48,-1,-1,2
2471,T35,T35,48,10,16,46,-1,46,02T35@1,05T35@2,17,48,-1,-1,2
1265,T40,OTHER,48,1,36,9,-1,-1,04T40@2,BUYER,0,48,-1,-1,3
2496,T35,T40,48,9,16,47,-1,47,03T35@1,04T40@2,17,48,-1,-1,2
2432,T35,T35,48,11,16,45,-1,45,03T35@1,05T35@2,17,48,-1,-1,2
1288,T40,OTHER,48,3,36,-1,-1,-1,04T40@2,BUYER,0,-1,-1,-1,3
1287,T40,OTHER,48,2,36,-1,-1,-1,04T40@2,BUYER,0,-1,-1,-1,3
1262,OTHER,T16,48,3,10,9,-1,-1,SELLER,00T16@0,0,48,-1,-1,0
1266,OTHER,T16,48,1,10,9,-1,-1,SELLER,00T16@0,0,48,-1,-1,0
1261,OTHER,T35,48,1,10,9,-1,-1,SELLER,01T35@0,0,48,-1,-1,0
1267,OTHER,T35,48,1,10,9,-1,-1,SELLER,01T35@0,0,48,-1,-1,0
1260,OTHER,T35,48,1,10,9,-1,-1,SELLER,01T35@0,0,48,-1,-1,0
1259,T35,OTHER,48,2,36,9,-1,-1,05T35@2,BUYER,0,48,-1,-1,3
1268,OTHER,T16,48,1,10,9,-1,-1,SELLER,00T16@0,0,48,-1,-1,0
1269,OTHER,T16,48,1,10,9,-1,-1,SELLER,00T16@0,0,48,-1,-1,0
1256,T40,OTHER,48,1,36,9,-1,-1,04T40@2,BUYER,0,48,-1,-1,3
1254,T35,OTHER,48,2,36,9,-1,-1,05T35@2,BUYER,0,48,-1,-1,3
2517,T35,T40,48,7,16,48,-1,48,02T35@1,04T40@2,17,48,-1,-1,2
1253,T40,OTHER,48,1,36,9,-1,-1,04T40@2,BUYER,0,48,-1,-1,3
1252,OTHER,T35,48,1,10,9,-1,-1,SELLER,01T35@0,0,48,-1,-1,0
1272,OTHER,T35,48,2,10,9,-1,-1,SELLER,01T35@0,0,48,-1,-1,0
1273,OTHER,T16,48,1,10,9,-1,-1,SELLER,00T16@0,0,48,-1,-1,0
1274,T35,OTHER,48,1,36,9,-1,-1,05T35@2,BUYER,0,48,-1,-1,3
1275,OTHER,T35,48,3,10,9,-1,-1,SELLER,01T35@0,0,48,-1,-1,0
1280,OTHER,T16,48,1,10,9,-1,-1,SELLER,00T16@0,0,48,-1,-1,0
1281,OTHER,T35,48,1,10,9,-1,-1,SELLER,01T35@0,0,48,-1,-1,0
1282,T35,OTHER,48,2,36,9,-1,-1,05T35@2,BUYER,0,48,-1,-1,3
1283,T35,OTHER,48,2,36,9,-1,-1,05T35@2,BUYER,0,48,-1,-1,3
1286,T40,OTHER,48,1,36,-1,-1,-1,04T40@2,BUYER,0,-1,-1,-1,3
1270,OTHER,T35,48,2,10,9,-1,-1,SELLER,01T35@0,0,48,-1,-1,0
2523,T35,T40,48,1,15,48,-1,48,03T35@1,04T40@2,17,48,-1,-1,2
1263,T40,OTHER,48,2,36,9,-1,-1,04T40@2,BUYER,0,48,-1,-1,3
2550,T35,T40,48,1,15,48,-1,48,02T35@1,04T40@2,17,48,-1,-1,2
2544,T35,T40,48,9,16,48,-1,48,02T35@1,04T40@2,17,48,-1,-1,2
1308,OTHER,T35,49,1,10,10,-1,-1,SELLER,01T35@0,0,49,-1,-1,0
1307,OTHER,T16,49,1,10,10,-1,-1,SELLER,00T16@0,0,49,-1,-1,0
2563,T35,T40,49,1,15,49,-1,49,02T35@1,04T40@2,17,49,-1,-1,2
1306,OTHER,T35,49,1,10,10,-1,-1,SELLER,01T35@0,0,49,-1,-1,0
1305,T40,OTHER,49,3,36,10,-1,-1,04T40@2,BUYER,0,49,-1,-1,3
1302,OTHER,T16,49,1,10,10,-1,-1,SELLER,00T16@0,0,49,-1,-1,0
1301,T35,OTHER,49,3,36,10,-1,-1,05T35@2,BUYER,0,49,-1,-1,3
1317,OTHER,T35,49,3,10,10,-1,-1,SELLER,01T35@0,0,49,-1,-1,0
1297,OTHER,T16,49,2,10,10,-1,-1,SELLER,00T16@0,0,49,-1,-1,0
1296,T35,OTHER,49,1,36,10,-1,-1,05T35@2,BUYER,0,49,-1,-1,3
1295,T40,OTHER,49,1,36,10,-1,-1,04T40@2,BUYER,0,49,-1,-1,3
1294,OTHER,T35,49,1,10,10,-1,-1,SELLER,01T35@0,0,49,-1,-1,0
1293,OTHER,T35,49,5,10,10,-1,-1,SELLER,01T35@0,0,49,-1,-1,0
1291,T35,OTHER,49,3,36,10,-1,-1,05T35@2,BUYER,0,49,-1,-1,3
1290,OTHER,T35,49,1,10,10,-1,-1,SELLER,01T35@0,0,49,-1,-1,0
1299,OTHER,T16,49,1,10,10,-1,-1,SELLER,00T16@0,0,49,-1,-1,0
2570,T35,T40,49,9,16,49,-1,49,02T35@1,04T40@2,17,49,-1,-1,2
1313,T35,OTHER,49,1,36,10,-1,-1,05T35@2,BUYER,0,49,-1,-1,3
1309,OTHER,T16,49,1,10,10,-1,-1,SELLER,00T16@0,0,49,-1,-1,0
2509,T35,T35,49,10,16,47,-1,47,02T35@1,05T35@2,17,49,-1,-1,2
1319,T35,OTHER,49,1,36,10,-1,-1,05T35@2,BUYER,0,49,-1,-1,3
1320,T35,OTHER,49,2,36,10,-1,-1,05T35@2,BUYER,0,49,-1,-1,3
1322,T40,OTHER,49,2,36,-1,-1,-1,04T40@2,BUYER,0,-1,-1,-1,3
1314,OTHER,T16,49,2,10,10,-1,-1,SELLER,00T16@0,0,49,-1,-1,0
1324,T40,OTHER,49,1,36,-1,-1,-1,04T40@2,BUYER,0,-1,-1,-1,3
2539,T35,T40,49,9,16,48,-1,48,02T35@1,04T40@2,17,49,-1,-1,2
1323,T40,OTHER,49,1,36,-1,-1,-1,04T40@2,BUYER,0,-1,-1,-1,3
2505,T35,T35,49,10,14,47,-1,47,03T35@1,05T35@2,17,49,-1,-1,2
1311,T40,OTHER,49,1,36,10,-1,-1,04T40@2,BUYER,0,49,-1,-1,3
2491,T35,T40,49,9,14,47,-1,47,02T35@1,04T40@2,17,49,-1,-1,2
2507,T35,T40,50,7,14,47,-1,47,02T35@1,04T40@2,17,50,-1,-1,2
1339,T35,OTHER,50,2,36,11,-1,-1,05T35@2,BUYER,0,50,-1,-1,3
1358,T40,OTHER,50,1,36,-1,-1,-1,04T40@2,BUYER,0,-1,-1,-1,3
1344,OTHER,T35,50,4,10,11,-1,-1,SELLER,01T35@0,0,50,-1,-1,0
2527,T35,T35,50,10,16,48,-1,48,02T35@1,05T35@2,17,50,-1,-1,2
1348,OTHER,T35,50,2,10,11,-1,-1,SELLER,01T35@0,0,50,-1,-1,0
2521,T35,T35,50,10,16,48,-1,48,03T35@1,05T35@2,17,50,-1,-1,2
1356,T40,OTHER,50,2,36,-1,-1,-1,04T40@2,BUYER,0,-1,-1,-1,3
1352,OTHER,T16,50,2,10,11,-1,-1,SELLER,00T16@0,0,50,-1,-1,0
1355,T40,OTHER,50,1,36,-1,-1,-1,04T40@2,BUYER,0,-1,-1,-1,3
1353,T40,OTHER,50,1,36,-1,-1,-1,04T40@2,BUYER,0,-1,-1,-1,3
1354,T40,OTHER,50,4,36,-1,-1,-1,04T40@2,BUYER,0,-1,-1,-1,3
2557,T35,T40,50,9,14,49,-1,49,02T35@1,04T40@2,17,50,-1,-1,2
1351,OTHER,T35,50,1,10,11,-1,-1,SELLER,01T35@0,0,50,-1,-1,0
1357,T40,OTHER,50,1,36,-1,-1,-1,04T40@2,BUYER,0,-1,-1,-1,3
1336,OTHER,T35,50,1,10,11,-1,-1,SELLER,01T35@0,0,50,-1,-1,0
1337,T35,OTHER,50,1,36,11,-1,-1,05T35@2,BUYER,0,50,-1,-1,3
2561,T35,T40,50,1,15,49,-1,49,03T35@1,04T40@2,17,50,-1,-1,2
1325,OTHER,T16,50,1,10,11,-1,-1,SELLER,00T16@0,0,50,-1,-1,0
1326,T35,OTHER,50,3,36,11,-1,-1,05T35@2,BUYER,0,50,-1,-1,3
1328,T40,OTHER,50,1,36,11,-1,-1,04T40@2,BUYER,0,50,-1,-1,3
2543,T35,T40,50,9,14,48,-1,48,03T35@1,04T40@2,17,50,-1,-1,2
1329,T40,OTHER,50,1,36,11,-1,-1,04T40@2,BUYER,0,50,-1,-1,3
2571,T35,T35,50,11,14,49,-1,49,03T35@1,05T35@2,17,50,-1,-1,2
1346,OTHER,T16,50,3,10,11,-1,-1,SELLER,00T16@0,0,50,-1,-1,0
1332,OTHER,T35,50,1,10,11,-1,-1,SELLER,01T35@0,0,50,-1,-1,0
1331,OTHER,T16,50,1,10,11,-1,-1,SELLER,00T16@0,0,50,-1,-1,0
1334,T40,OTHER,50,2,36,11,-1,-1,04T40@2,BUYER,0,50,-1,-1,3
1335,OTHER,T16,50,4,10,11,-1,-1,SELLER,00T16@0,0,50,-1,-1,0
2578,T35,T40,51,9,16,49,-1,49,02T35@1,04T40@2,17,51,-1,-1,2
1375,OTHER,T35,51,2,10,12,-1,-1,SELLER,01T35@0,0,51,-1,-1,0
1377,T35,OTHER,51,3,36,12,-1,-1,05T35@2,BUYER,0,51,-1,-1,3
1378,OTHER,T35,51,1,10,12,-1,-1,SELLER,01T35@0,0,51,-1,-1,0
1379,OTHER,T16,51,2,10,12,-1,-1,SELLER,00T16@0,0,51,-1,-1,0
1380,OTHER,T16,51,2,10,12,-1,-1,SELLER,00T16@0,0,51,-1,-1,0
1381,T40,OTHER,51,1,36,12,-1,-1,04T40@2,BUYER,0,51,-1,-1,3
1384,OTHER,T16,51,1,10,12,-1,-1,SELLER,00T16@0,0,51,-1,-1,0
1374,T35,OTHER,51,2,36,12,-1,-1,05T35@2,BUYER,0,51,-1,-1,3
1387,OTHER,T16,51,2,10,12,-1,-1,SELLER,00T16@0,0,51,-1,-1,0
1388,OTHER,T16,51,3,10,12,-1,-1,SELLER,00T16@0,0,51,-1,-1,0
1390,OTHER,T35,51,1,10,12,-1,-1,SELLER,01T35@0,0,51,-1,-1,0
1391,T35,OTHER,51,2,36,12,-1,-1,05T35@2,BUYER,0,51,-1,-1,3
1392,T40,OTHER,51,2,36,-1,-1,-1,04T40@2,BUYER,0,-1,-1,-1,3
1382,T35,OTHER,51,1,36,12,-1,-1,05T35@2,BUYER,0,51,-1,-1,3
2603,T35,T40,51,9,14,50,-1,50,03T35@1,04T40@2,17,51,-1,-1,2
1373,OTHER,T35,51,2,10,12,-1,-1,SELLER,01T35@0,0,51,-1,-1,0
1370,T35,OTHER,51,2,36,12,-1,-1,05T35@2,BUYER,0,51,-1,-1,3
2613,T35,T35,51,1,15,51,-1,51,03T35@1,05T35@2,17,51,-1,-1,2
1361,T40,OTHER,51,2,36,12,-1,-1,04T40@2,BUYER,0,51,-1,-1,3
1372,T40,OTHER,51,1,36,12,-1,-1,04T40@2,BUYER,0,51,-1,-1,3
2596,T35,T40,51,9,14,50,-1,50,02T35@1,04T40@2,17,51,-1,-1,2
1362,OTHER,T16,51,1,10,12,-1,-1,SELLER,00T16@0,0,51,-1,-1,0
1363,OTHER,T35,51,2,10,12,-1,-1,SELLER,01T35@0,0,51,-1,-1,0
2619,T35,T40,51,9,14,51,-1,51,03T35@1,04T40@2,17,51,-1,-1,2
2568,T35,T40,51,9,14,49,-1,49,02T35@1,04T40@2,17,51,-1,-1,2
1365,T35,OTHER,51,2,36,12,-1,-1,05T35@2,BUYER,0,51,-1,-1,3
1367,OTHER,T35,51,1,10,12,-1,-1,SELLER,01T35@0,0,51,-1,-1,0
1369,T40,OTHER,51,2,36,12,-1,-1,04T40@2,BUYER,0,51,-1,-1,3
1404,OTHER,T16,52,2,10,13,-1,-1,SELLER,00T16@0,0,52,-1,-1,0
1394,T35,OTHER,52,1,36,13,-1,-1,05T35@2,BUYER,0,52,-1,-1,3
1406,T40,OTHER,52,1,36,13,-1,-1,04T40@2,BUYER,0,52,-1,-1,3
1400,T35,OTHER,52,2,36,13,-1,-1,05T35@2,BUYER,0,52,-1,-1,3
1403,OTHER,T16,52,2,10,13,-1,-1,SELLER,00T16@0,0,52,-1,-1,0
1393,T40,OTHER,52,2,36,13,-1,-1,04T40@2,BUYER,0,52,-1,-1,3
1407,T35,OTHER,52,1,36,13,-1,-1,05T35@2,BUYER,0,52,-1,-1,3
1424,T40,OTHER,52,2,36,-1,-1,-1,04T40@2,BUYER,0,-1,-1,-1,3
1409,OTHER,T35,52,1,10,13,-1,-1,SELLER,01T35@0,0,52,-1,-1,0
1423,T40,OTHER,52,3,36,-1,-1,-1,04T40@2,BUYER,0,-1,-1,-1,3
1422,T35,OTHER,52,3,36,13,-1,-1,05T35@2,BUYER,0,52,-1,-1,3
1410,OTHER,T16,52,3,10,13,-1,-1,SELLER,00T16@0,0,52,-1,-1,0
1414,OTHER,T16,52,1,10,13,-1,-1,SELLER,00T16@0,0,52,-1,-1,0
1417,OTHER,T35,52,4,10,13,-1,-1,SELLER,01T35@0,0,52,-1,-1,0
1421,T35,OTHER,52,2,36,13,-1,-1,05T35@2,BUYER,0,52,-1,-1,3
1419,OTHER,T16,52,3,10,13,-1,-1,SELLER,00T16@0,0,52,-1,-1,0
1408,OTHER,T35,52,1,10,13,-1,-1,SELLER,01T35@0,0,52,-1,-1,0
1418,OTHER,T35,52,1,10,13,-1,-1,SELLER,01T35@0,0,52,-1,-1,0
1402,OTHER,T35,52,2,10,13,-1,-1,SELLER,01T35@0,0,52,-1,-1,0
2611,T35,T40,52,9,16,51,-1,51,03T35@1,04T40@2,17,52,-1,-1,2
2565,T35,T35,52,11,16,49,-1,49,02T35@1,05T35@2,17,52,-1,-1,2
1401,T35,OTHER,52,3,36,13,-1,-1,05T35@2,BUYER,0,52,-1,-1,3
2651,T35,T40,52,9,14,52,-1,52,02T35@1,04T40@2,17,52,-1,-1,2
2630,T35,T40,52,9,14,51,-1,51,02T35@1,04T40@2,17,52,-1,-1,2
2631,T35,T40,52,9,14,51,-1,51,03T35@1,04T40@2,17,52,-1,-1,2
2600,T35,T40,52,9,14,50,-1,50,03T35@1,04T40@2,17,52,-1,-1,2
2585,T35,T40,52,9,14,50,-1,50,03T35@1,04T40@2,17,52,-1,-1,2
2607,T35,T35,53,8,14,50,-1,50,02T35@1,05T35@2,17,53,-1,-1,2
2602,T35,T35,53,8,14,50,-1,50,03T35@1,05T35@2,17,53,-1,-1,2
1437,OTHER,T16,53,1,10,14,-1,-1,SELLER,00T16@0,0,53,-1,-1,0
1435,OTHER,T16,53,4,10,14,-1,-1,SELLER,00T16@0,0,53,-1,-1,0
1457,OTHER,T16,53,1,10,14,-1,-1,SELLER,00T16@0,0,53,-1,-1,0
1440,T35,OTHER,53,2,36,14,-1,-1,05T35@2,BUYER,0,53,-1,-1,3
1450,OTHER,T16,53,2,10,14,-1,-1,SELLER,00T16@0,0,53,-1,-1,0
1449,OTHER,T35,53,1,10,14,-1,-1,SELLER,01T35@0,0,53,-1,-1,0
1441,OTHER,T16,53,3,10,14,-1,-1,SELLER,00T16@0,0,53,-1,-1,0
1448,OTHER,T35,53,1,10,14,-1,-1,SELLER,01T35@0,0,53,-1,-1,0
1443,OTHER,T35,53,2,10,14,-1,-1,SELLER,01T35@0,0,53,-1,-1,0
1444,T40,OTHER,53,2,36,14,-1,-1,04T40@2,BUYER,0,53,-1,-1,3
1451,T40,OTHER,53,1,36,14,-1,-1,04T40@2,BUYER,0,53,-1,-1,3
1439,T40,OTHER,53,1,36,14,-1,-1,04T40@2,BUYER,0,53,-1,-1,3
1447,OTHER,T16,53,1,10,14,-1,-1,SELLER,00T16@0,0,53,-1,-1,0
1445,T35,OTHER,53,4,36,14,-1,-1,05T35@2,BUYER,0,53,-1,-1,3
2660,T35,T40,53,9,14,52,-1,52,02T35@1,04T40@2,17,53,-1,-1,2
2656,T35,T35,53,11,14,52,-1,52,03T35@1,05T35@2,17,53,-1,-1,2
2655,T35,T40,53,8,16,52,-1,52,03T35@1,04T40@2,17,53,-1,-1,2
2686,T35,T40,53,9,16,53,-1,53,03T35@1,04T40@2,17,53,-1,-1,2
2688,T35,T40,53,9,14,53,-1,53,02T35@1,04T40@2,17,53,-1,-1,2
1425,OTHER,T35,53,2,10,14,-1,-1,SELLER,01T35@0,0,53,-1,-1,0
1428,OTHER,T35,53,2,10,14,-1,-1,SELLER,01T35@0,0,53,-1,-1,0
1458,T40,OTHER,53,2,36,-1,-1,-1,04T40@2,BUYER,0,-1,-1,-1,3
1429,T35,OTHER,53,2,36,14,-1,-1,05T35@2,BUYER,0,53,-1,-1,3
1431,T35,OTHER,53,1,36,14,-1,-1,05T35@2,BUYER,0,53,-1,-1,3
1433,T35,OTHER,53,1,36,14,-1,-1,05T35@2,BUYER,0,53,-1,-1,3
2644,T35,T40,53,9,16,52,-1,52,02T35@1,04T40@2,17,53,-1,-1,2
1434,T40,OTHER,53,2,36,14,-1,-1,04T40@2,BUYER,0,53,-1,-1,3
1430,T35,OTHER,53,2,36,14,-1,-1,05T35@2,BUYER,0,53,-1,-1,3
1473,T35,OTHER,54,1,36,15,-1,-1,05T35@2,BUYER,0,54,-1,-1,3
2693,T35,T40,54,9,14,54,-1,54,02T35@1,04T40@2,17,54,-1,-1,2
2628,T35,T40,54,8,14,51,-1,51,02T35@1,04T40@2,17,54,-1,-1,2
2707,T35,T40,54,8,16,54,-1,54,03T35@1,04T40@2,17,54,-1,-1,2
1475,T40,OTHER,54,1,36,15,-1,-1,04T40@2,BUYER,0,54,-1,-1,3
2674,T35,T40,54,8,16,53,-1,53,02T35@1,04T40@2,17,54,-1,-1,2
1492,T40,OTHER,54,4,36,-1,-1,-1,04T40@2,BUYER,0,-1,-1,-1,3
1490,OTHER,T35,54,1,10,15,-1,-1,SELLER,01T35@0,0,54,-1,-1,0
1488,T35,OTHER,54,4,36,15,-1,-1,05T35@2,BUYER,0,54,-1,-1,3
1459,OTHER,T16,54,2,10,15,-1,-1,SELLER,00T16@0,0,54,-1,-1,0
1486,OTHER,T35,54,1,10,15,-1,-1,SELLER,01T35@0,0,54,-1,-1,0
1485,OTHER,T16,54,1,10,15,-1,-1,SELLER,00T16@0,0,54,-1,-1,0
1460,OTHER,T16,54,2,10,15,-1,-1,SELLER,00T16@0,0,54,-1,-1,0
1461,OTHER,T16,54,2,10,15,-1,-1,SELLER,00T16@0,0,54,-1,-1,0
1482,T35,OTHER,54,4,36,15,-1,-1,05T35@2,BUYER,0,54,-1,-1,3
1480,OTHER,T16,54,2,10,15,-1,-1,SELLER,00T16@0,0,54,-1,-1,0
1483,T40,OTHER,54,1,36,15,-1,-1,04T40@2,BUYER,0,54,-1,-1,3
1463,T40,OTHER,54,2,36,15,-1,-1,04T40@2,BUYER,0,54,-1,-1,3
1479,OTHER,T35,54,3,10,15,-1,-1,SELLER,01T35@0,0,54,-1,-1,0
1478,OTHER,T16,54,1,10,15,-1,-1,SELLER,00T16@0,0,54,-1,-1,0
1477,OTHER,T35,54,2,10,15,-1,-1,SELLER,01T35@0,0,54,-1,-1,0
1476,OTHER,T35,54,2,10,15,-1,-1,SELLER,01T35@0,0,54,-1,-1,0
1465,T35,OTHER,54,2,36,15,-1,-1,05T35@2,BUYER,0,54,-1,-1,3
1470,T40,OTHER,54,1,36,15,-1,-1,04T40@2,BUYER,0,54,-1,-1,3
1462,OTHER,T35,54,1,10,15,-1,-1,SELLER,01T35@0,0,54,-1,-1,0
2697,T35,T40,55,8,14,54,-1,54,02T35@1,04T40@2,17,55,-1,-1,2
1493,OTHER,T35,55,2,10,16,-1,-1,SELLER,01T35@0,0,55,-1,-1,0
2646,T35,T40,55,8,14,52,-1,52,02T35@1,04T40@2,17,55,-1,-1,2
2643,T35,T35,55,11,16,52,-1,52,02T35@1,05T35@2,17,55,-1,-1,2
2622,T35,T35,55,1,15,51,-1,51,02T35@1,05T35@2,17,55,-1,-1,2
2671,T35,T40,55,10,16,53,-1,53,02T35@1,04T40@2,17,55,-1,-1,2
1518,T35,OTHER,55,2,36,16,-1,-1,05T35@2,BUYER,0,55,-1,-1,3
2712,T35,T40,55,8,16,54,-1,54,02T35@1,04T40@2,17,55,-1,-1,2
1520,OTHER,T35,55,1,10,16,-1,-1,SELLER,01T35@0,0,55,-1,-1,0
1495,T40,OTHER,55,2,36,16,-1,-1,04T40@2,BUYER,0,55,-1,-1,3
1521,OTHER,T35,55,4,10,16,-1,-1,SELLER,01T35@0,0,55,-1,-1,0
1525,OTHER,T16,55,3,10,16,-1,-1,SELLER,00T16@0,0,55,-1,-1,0
1526,OTHER,T16,55,2,10,16,-1,-1,SELLER,00T16@0,0,55,-1,-1,0
1517,T35,OTHER,55,2,36,16,-1,-1,05T35@2,BUYER,0,55,-1,-1,3
1528,T40,OTHER,55,1,36,-1,-1,-1,04T40@2,BUYER,0,-1,-1,-1,3
1529,T40,OTHER,55,2,36,-1,-1,-1,04T40@2,BUYER,0,-1,-1,-1,3
2676,T35,T40,55,8,14,53,-1,53,02T35@1,04T40@2,17,55,-1,-1,2
1516,T35,OTHER,55,2,36,16,-1,-1,05T35@2,BUYER,0,55,-1,-1,3
2745,T35,T40,55,1,15,55,-1,55,02T35@1,04T40@2,17,55,-1,-1,2
2742,T35,T40,55,1,15,55,-1,55,03T35@1,04T40@2,17,55,-1,-1,2
1494,T40,OTHER,55,3,36,16,-1,-1,04T40@2,BUYER,0,55,-1,-1,3
2740,T35,T35,55,6,16,55,-1,55,03T35@1,05T35@2,17,55,-1,-1,2
2741,T35,T35,55,6,16,55,-1,55,02T35@1,05T35@2,17,55,-1,-1,2
1515,T35,OTHER,55,3,36,16,-1,-1,05T35@2,BUYER,0,55,-1,-1,3
1513,OTHER,T16,55,2,10,16,-1,-1,SELLER,00T16@0,0,55,-1,-1,0
1510,OTHER,T35,55,1,10,16,-1,-1,SELLER,01T35@0,0,55,-1,-1,0
1509,OTHER,T35,55,1,10,16,-1,-1,SELLER,01T35@0,0,55,-1,-1,0
1496,T35,OTHER,55,2,36,16,-1,-1,05T35@2,BUYER,0,55,-1,-1,3
1508,OTHER,T16,55,1,10,16,-1,-1,SELLER,00T16@0,0,55,-1,-1,0
1497,OTHER,T16,55,1,10,16,-1,-1,SELLER,00T16@0,0,55,-1,-1,0
2736,T35,T40,55,8,16,55,-1,55,03T35@1,04T40@2,17,55,-1,-1,2
1505,OTHER,T16,55,1,10,16,-1,-1,SELLER,00T16@0,0,55,-1,-1,0
1499,T40,OTHER,55,1,36,16,-1,-1,04T40@2,BUYER,0,55,-1,-1,3
1503,OTHER,T35,55,1,10,16,-1,-1,SELLER,01T35@0,0,55,-1,-1,0
1559,T40,OTHER,56,3,36,-1,-1,-1,04T40@2,BUYER,0,-1,-1,-1,3
2683,T35,T35,56,8,14,53,-1,53,02T35@1,05T35@2,17,56,-1,-1,2
2772,T35,T40,56,1,15,56,-1,56,02T35@1,04T40@2,17,56,-1,-1,2
2689,T35,T35,56,8,14,53,-1,53,03T35@1,05T35@2,17,56,-1,-1,2
2778,T35,T40,56,1,15,56,-1,56,03T35@1,04T40@2,17,56,-1,-1,2
2749,T35,T40,56,10,16,55,-1,55,02T35@1,04T40@2,17,56,-1,-1,2
2703,T35,T40,56,10,16,54,-1,54,02T35@1,04T40@2,17,56,-1,-1,2
2757,T35,T40,56,8,16,56,-1,56,03T35@1,04T40@2,17,56,-1,-1,2
1544,T35,OTHER,56,3,36,17,-1,-1,05T35@2,BUYER,0,56,-1,-1,3
1557,T40,OTHER,56,3,36,-1,-1,-1,04T40@2,BUYER,0,-1,-1,-1,3
1533,OTHER,T35,56,1,10,17,-1,-1,SELLER,01T35@0,0,56,-1,-1,0
1534,T40,OTHER,56,1,36,17,-1,-1,04T40@2,BUYER,0,56,-1,-1,3
1535,T35,OTHER,56,3,36,17,-1,-1,05T35@2,BUYER,0,56,-1,-1,3
1536,OTHER,T35,56,1,10,17,-1,-1,SELLER,01T35@0,0,56,-1,-1,0
1537,OTHER,T16,56,2,10,17,-1,-1,SELLER,00T16@0,0,56,-1,-1,0
1538,OTHER,T35,56,2,10,17,-1,-1,SELLER,01T35@0,0,56,-1,-1,0
1539,OTHER,T35,56,3,10,17,-1,-1,SELLER,01T35@0,0,56,-1,-1,0
1558,T40,OTHER,56,1,36,-1,-1,-1,04T40@2,BUYER,0,-1,-1,-1,3
1545,OTHER,T16,56,2,10,17,-1,-1,SELLER,00T16@0,0,56,-1,-1,0
1540,OTHER,T35,56,1,10,17,-1,-1,SELLER,01T35@0,0,56,-1,-1,0
1547,T40,OTHER,56,1,36,17,-1,-1,04T40@2,BUYER,0,56,-1,-1,3
1556,OTHER,T35,56,1,10,17,-1,-1,SELLER,01T35@0,0,56,-1,-1,0
1553,OTHER,T16,56,1,10,17,-1,-1,SELLER,00T16@0,0,56,-1,-1,0
1546,OTHER,T35,56,4,10,17,-1,-1,SELLER,01T35@0,0,56,-1,-1,0
1550,T35,OTHER,56,2,36,17,-1,-1,05T35@2,BUYER,0,56,-1,-1,3
1549,T40,OTHER,56,1,36,17,-1,-1,04T40@2,BUYER,0,56,-1,-1,3
1551,OTHER,T16,56,2,10,17,-1,-1,SELLER,00T16@0,0,56,-1,-1,0
1548,T40,OTHER,56,2,36,17,-1,-1,04T40@2,BUYER,0,56,-1,-1,3
2743,T35,T40,57,8,14,55,-1,55,03T35@1,04T40@2,17,57,-1,-1,2
2699,T35,T35,57,8,14,54,-1,54,03T35@1,05T35@2,17,57,-1,-1,2
2729,T35,T40,57,10,16,55,-1,55,03T35@1,04T40@2,17,57,-1,-1,2
2764,T35,T35,57,12,14,56,-1,56,02T35@1,05T35@2,17,57,-1,-1,2
2767,T35,T40,57,10,14,56,-1,56,03T35@1,04T40@2,17,57,-1,-1,2
2717,T35,T35,57,8,14,54,-1,54,02T35@1,05T35@2,17,57,-1,-1,2
2794,T35,T35,57,5,16,57,-1,57,03T35@1,05T35@2,17,57,-1,-1,2
2793,T35,T40,57,8,16,57,-1,57,03T35@1,04T40@2,17,57,-1,-1,2
2785,T35,T40,57,10,14,57,-1,57,03T35@1,04T40@2,17,57,-1,-1,2
1571,OTHER,T35,57,2,10,18,-1,-1,SELLER,01T35@0,0,57,-1,-1,0
1570,OTHER,T35,57,2,10,18,-1,-1,SELLER,01T35@0,0,57,-1,-1,0
2780,T35,T40,57,10,16,56,-1,56,02T35@1,04T40@2,17,57,-1,-1,2
1565,T40,OTHER,57,2,36,18,-1,-1,04T40@2,BUYER,0,57,-1,-1,3
1591,T40,OTHER,57,2,36,-1,-1,-1,04T40@2,BUYER,0,-1,-1,-1,3
1593,T40,OTHER,57,1,36,-1,-1,-1,04T40@2,BUYER,0,-1,-1,-1,3
1594,T40,OTHER,57,1,36,-1,-1,-1,04T40@2,BUYER,0,-1,-1,-1,3
1588,T35,OTHER,57,1,36,18,-1,-1,05T35@2,BUYER,0,57,-1,-1,3
1587,T35,OTHER,57,1,36,18,-1,-1,05T35@2,BUYER,0,57,-1,-1,3
1586,T35,OTHER,57,1,36,18,-1,-1,05T35@2,BUYER,0,57,-1,-1,3
1585,OTHER,T16,57,3,10,18,-1,-1,SELLER,00T16@0,0,57,-1,-1,0
1584,OTHER,T35,57,2,10,18,-1,-1,SELLER,01T35@0,0,57,-1,-1,0
1583,OTHER,T35,57,1,10,18,-1,-1,SELLER,01T35@0,0,57,-1,-1,0
1564,OTHER,T16,57,2,10,18,-1,-1,SELLER,00T16@0,0,57,-1,-1,0
1590,T40,OTHER,57,3,36,-1,-1,-1,04T40@2,BUYER,0,-1,-1,-1,3
1566,OTHER,T16,57,3,10,18,-1,-1,SELLER,00T16@0,0,57,-1,-1,0
1579,T35,OTHER,57,1,36,18,-1,-1,05T35@2,BUYER,0,57,-1,-1,3
1578,T35,OTHER,57,2,36,18,-1,-1,05T35@2,BUYER,0,57,-1,-1,3
1561,T35,OTHER,57,2,36,18,-1,-1,05T35@2,BUYER,0,57,-1,-1,3
1573,OTHER,T35,57,2,10,18,-1,-1,SELLER,01T35@0,0,57,-1,-1,0
1568,T40,OTHER,57,2,36,18,-1,-1,04T40@2,BUYER,0,57,-1,-1,3
1569,T40,OTHER,57,1,36,18,-1,-1,04T40@2,BUYER,0,57,-1,-1,3
1577,OTHER,T16,57,1,10,18,-1,-1,SELLER,00T16@0,0,57,-1,-1,0
1567,OTHER,T35,57,2,10,18,-1,-1,SELLER,01T35@0,0,57,-1,-1,0
2763,T35,T40,58,9,14,56,-1,56,03T35@1,04T40@2,17,58,-1,-1,2
2818,T35,T40,58,1,15,58,-1,58,02T35@1,04T40@2,17,58,-1,-1,2
1618,OTHER,T35,58,2,10,19,-1,-1,SELLER,01T35@0,0,58,-1,-1,0
1617,T40,OTHER,58,1,36,19,-1,-1,04T40@2,BUYER,0,58,-1,-1,3
1616,OTHER,T35,58,1,10,19,-1,-1,SELLER,01T35@0,0,58,-1,-1,0
1609,T40,OTHER,58,3,36,19,-1,-1,04T40@2,BUYER,0,58,-1,-1,3
1608,OTHER,T16,58,1,10,19,-1,-1,SELLER,00T16@0,0,58,-1,-1,0
1607,OTHER,T35,58,1,10,19,-1,-1,SELLER,01T35@0,0,58,-1,-1,0
1605,OTHER,T35,58,2,10,19,-1,-1,SELLER,01T35@0,0,58,-1,-1,0
1602,OTHER,T35,58,1,10,19,-1,-1,SELLER,01T35@0,0,58,-1,-1,0
1601,OTHER,T35,58,1,10,19,-1,-1,SELLER,01T35@0,0,58,-1,-1,0
1600,T35,OTHER,58,1,36,19,-1,-1,05T35@2,BUYER,0,58,-1,-1,3
1599,OTHER,T35,58,2,10,19,-1,-1,SELLER,01T35@0,0,58,-1,-1,0
1598,OTHER,T35,58,2,10,19,-1,-1,SELLER,01T35@0,0,58,-1,-1,0
1597,T35,OTHER,58,1,36,19,-1,-1,05T35@2,BUYER,0,58,-1,-1,3
1596,T35,OTHER,58,3,36,19,-1,-1,05T35@2,BUYER,0,58,-1,-1,3
1595,OTHER,T16,58,1,10,19,-1,-1,SELLER,00T16@0,0,58,-1,-1,0
2791,T35,T40,58,10,16,57,-1,57,03T35@1,04T40@2,17,58,-1,-1,2
1604,OTHER,T35,58,1,10,19,-1,-1,SELLER,01T35@0,0,58,-1,-1,0
1620,T35,OTHER,58,2,36,19,-1,-1,05T35@2,BUYER,0,58,-1,-1,3
1619,OTHER,T16,58,1,10,19,-1,-1,SELLER,00T16@0,0,58,-1,-1,0
2814,T35,T40,58,1,15,58,-1,58,03T35@1,04T40@2,17,58,-1,-1,2
1623,T35,OTHER,58,4,36,19,-1,-1,05T35@2,BUYER,0,58,-1,-1,3
1624,T35,OTHER,58,2,36,19,-1,-1,05T35@2,BUYER,0,58,-1,-1,3
1625,OTHER,T16,58,1,10,19,-1,-1,SELLER,00T16@0,0,58,-1,-1,0
1627,T40,OTHER,58,3,36,-1,-1,-1,04T40@2,BUYER,0,-1,-1,-1,3
1621,OTHER,T16,58,3,10,19,-1,-1,SELLER,00T16@0,0,58,-1,-1,0
1638,T40,OTHER,59,1,36,20,-1,-1,04T40@2,BUYER,0,59,-1,-1,3
1633,OTHER,T35,59,3,10,20,-1,-1,SELLER,01T35@0,0,59,-1,-1,0
1645,T35,OTHER,59,2,36,20,-1,-1,05T35@2,BUYER,0,59,-1,-1,3
1646,OTHER,T35,59,3,10,20,-1,-1,SELLER,01T35@0,0,59,-1,-1,0
1647,OTHER,T16,59,3,10,20,-1,-1,SELLER,00T16@0,0,59,-1,-1,0
1639,T40,OTHER,59,2,36,20,-1,-1,04T40@2,BUYER,0,59,-1,-1,3
1632,T35,OTHER,59,1,36,20,-1,-1,05T35@2,BUYER,0,59,-1,-1,3
1649,T40,OTHER,59,1,36,20,-1,-1,04T40@2,BUYER,0,59,-1,-1,3
1634,OTHER,T35,59,2,10,20,-1,-1,SELLER,01T35@0,0,59,-1,-1,0
1631,T40,OTHER,59,1,36,20,-1,-1,04T40@2,BUYER,0,59,-1,-1,3
1661,T40,OTHER,59,2,36,-1,-1,-1,04T40@2,BUYER,0,-1,-1,-1,3
1650,T35,OTHER,59,1,36,20,-1,-1,05T35@2,BUYER,0,59,-1,-1,3
1656,T35,OTHER,59,1,36,20,-1,-1,05T35@2,BUYER,0,59,-1,-1,3
1657,OTHER,T35,59,1,10,20,-1,-1,SELLER,01T35@0,0,59,-1,-1,0
1629,T35,OTHER,59,2,36,20,-1,-1,05T35@2,BUYER,0,59,-1,-1,3
1659,OTHER,T35,59,1,10,20,-1,-1,SELLER,01T35@0,0,59,-1,-1,0
1660,OTHER,T16,59,2,10,20,-1,-1,SELLER,00T16@0,0,59,-1,-1,0
1635,T35,OTHER,59,1,36,20,-1,-1,05T35@2,BUYER,0,59,-1,-1,3
1637,T35,OTHER,59,4,36,20,-1,-1,05T35@2,BUYER,0,59,-1,-1,3
1630,T40,OTHER,59,1,36,20,-1,-1,04T40@2,BUYER,0,59,-1,-1,3
1640,OTHER,T16,59,1,10,20,-1,-1,SELLER,00T16@0,0,59,-1,-1,0
1644,OTHER,T35,59,3,10,20,-1,-1,SELLER,01T35@0,0,59,-1,-1,0
2852,T35,T40,59,10,14,59,-1,59,03T35@1,04T40@2,17,59,-1,-1,2
2775,T35,T35,59,12,16,56,-1,56,03T35@1,05T35@2,17,59,-1,-1,2
2796,T35,T40,59,9,16,57,-1,57,02T35@1,04T40@2,17,59,-1,-1,2
2798,T35,T40,59,9,14,57,-1,57,03T35@1,04T40@2,17,59,-1,-1,2
2828,T35,T40,59,9,16,58,-1,58,03T35@1,04T40@2,17,59,-1,-1,2
2833,T35,T40,59,9,16,58,-1,58,02T35@1,04T40@2,17,59,-1,-1,2
1642,OTHER,T16,59,1,10,20,-1,-1,SELLER,00T16@0,0,59,-1,-1,0
2834,T35,T40,59,10,16,58,-1,58,02T35@1,04T40@2,17,59,-1,-1,2
1662,OTHER,T35,60,1,10,21,-1,-1,SELLER,01T35@0,0,60,-1,-1,0
1683,OTHER,T35,60,1,10,21,-1,-1,SELLER,01T35@0,0,60,-1,-1,0
2895,T35,T35,60,5,16,60,-1,60,02T35@1,05T35@2,17,60,-1,-1,2
2893,T35,T35,60,5,16,60,-1,60,03T35@1,05T35@2,17,60,-1,-1,2
2880,T35,T40,60,9,16,60,-1,60,03T35@1,04T40@2,17,60,-1,-1,2
2872,T35,T40,60,9,16,60,-1,60,03T35@1,04T40@2,17,60,-1,-1,2
1682,OTHER,T16,60,2,10,21,-1,-1,SELLER,00T16@0,0,60,-1,-1,0
2865,T35,T40,60,9,16,59,-1,59,03T35@1,04T40@2,17,60,-1,-1,2
2857,T35,T40,60,9,16,59,-1,59,03T35@1,04T40@2,17,60,-1,-1,2
1663,OTHER,T35,60,1,10,21,-1,-1,SELLER,01T35@0,0,60,-1,-1,0
2848,T35,T40,60,8,16,59,-1,59,03T35@1,04T40@2,17,60,-1,-1,2
2817,T35,T40,60,9,16,58,-1,58,02T35@1,04T40@2,17,60,-1,-1,2
2867,T35,T40,60,9,14,59,-1,59,02T35@1,04T40@2,17,60,-1,-1,2
1665,OTHER,T35,60,1,10,21,-1,-1,SELLER,01T35@0,0,60,-1,-1,0
1689,T35,OTHER,60,1,36,21,-1,-1,05T35@2,BUYER,0,60,-1,-1,3
1666,OTHER,T16,60,3,10,21,-1,-1,SELLER,00T16@0,0,60,-1,-1,0
1688,T35,OTHER,60,2,36,21,-1,-1,05T35@2,BUYER,0,60,-1,-1,3
1681,OTHER,T16,60,1,10,21,-1,-1,SELLER,00T16@0,0,60,-1,-1,0
1679,OTHER,T35,60,1,10,21,-1,-1,SELLER,01T35@0,0,60,-1,-1,0
1677,OTHER,T16,60,3,10,21,-1,-1,SELLER,00T16@0,0,60,-1,-1,0
1676,OTHER,T16,60,1,10,21,-1,-1,SELLER,00T16@0,0,60,-1,-1,0
1675,T35,OTHER,60,2,36,21,-1,-1,05T35@2,BUYER,0,60,-1,-1,3
1673,OTHER,T16,60,1,10,21,-1,-1,SELLER,00T16@0,0,60,-1,-1,0
1690,OTHER,T35,60,3,10,21,-1,-1,SELLER,01T35@0,0,60,-1,-1,0
1671,T40,OTHER,60,1,36,21,-1,-1,04T40@2,BUYER,0,60,-1,-1,3
1692,T35,OTHER,60,4,36,21,-1,-1,05T35@2,BUYER,0,60,-1,-1,3
1670,T40,OTHER,60,3,36,21,-1,-1,04T40@2,BUYER,0,60,-1,-1,3
1669,OTHER,T16,60,1,10,21,-1,-1,SELLER,00T16@0,0,60,-1,-1,0
1694,T40,OTHER,60,1,36,-1,-1,-1,04T40@2,BUYER,0,-1,-1,-1,3
1667,T40,OTHER,60,1,36,21,-1,-1,04T40@2,BUYER,0,60,-1,-1,3
1696,T40,OTHER,60,2,36,-1,-1,-1,04T40@2,BUYER,0,-1,-1,-1,3
1695,T40,OTHER,60,3,36,-1,-1,-1,04T40@2,BUYER,0,-1,-1,-1,3
1717,OTHER,T35,61,1,10,22,-1,-1,SELLER,01T35@0,0,61,-1,-1,0
1732,T40,OTHER,61,2,36,-1,-1,-1,04T40@2,BUYER,0,-1,-1,-1,3
1700,OTHER,T16,61,1,10,22,-1,-1,SELLER,00T16@0,0,61,-1,-1,0
1701,OTHER,T35,61,3,10,22,-1,-1,SELLER,01T35@0,0,61,-1,-1,0
1698,T40,OTHER,61,1,36,22,-1,-1,04T40@2,BUYER,0,61,-1,-1,3
1731,T40,OTHER,61,3,36,-1,-1,-1,04T40@2,BUYER,0,-1,-1,-1,3
1704,OTHER,T16,61,2,10,22,-1,-1,SELLER,00T16@0,0,61,-1,-1,0
1706,T35,OTHER,61,2,36,22,-1,-1,05T35@2,BUYER,0,61,-1,-1,3
1730,T40,OTHER,61,2,36,-1,-1,-1,04T40@2,BUYER,0,-1,-1,-1,3
1708,OTHER,T16,61,1,10,22,-1,-1,SELLER,00T16@0,0,61,-1,-1,0
1709,OTHER,T35,61,2,10,22,-1,-1,SELLER,01T35@0,0,61,-1,-1,0
1719,T40,OTHER,61,1,36,22,-1,-1,04T40@2,BUYER,0,61,-1,-1,3
1710,OTHER,T16,61,1,10,22,-1,-1,SELLER,00T16@0,0,61,-1,-1,0
1712,OTHER,T35,61,2,10,22,-1,-1,SELLER,01T35@0,0,61,-1,-1,0
1729,T35,OTHER,61,1,36,22,-1,-1,05T35@2,BUYER,0,61,-1,-1,3
1728,OTHER,T16,61,1,10,22,-1,-1,SELLER,00T16@0,0,61,-1,-1,0
1713,T40,OTHER,61,1,36,22,-1,-1,04T40@2,BUYER,0,61,-1,-1,3
1715,T35,OTHER,61,1,36,22,-1,-1,05T35@2,BUYER,0,61,-1,-1,3
1716,T40,OTHER,61,1,36,22,-1,-1,04T40@2,BUYER,0,61,-1,-1,3
1726,T35,OTHER,61,2,36,22,-1,-1,05T35@2,BUYER,0,61,-1,-1,3
1699,OTHER,T16,61,2,10,22,-1,-1,SELLER,00T16@0,0,61,-1,-1,0
1725,T35,OTHER,61,2,36,22,-1,-1,05T35@2,BUYER,0,61,-1,-1,3
1720,OTHER,T35,61,1,10,22,-1,-1,SELLER,01T35@0,0,61,-1,-1,0
1697,T40,OTHER,61,1,36,22,-1,-1,04T40@2,BUYER,0,61,-1,-1,3
1711,OTHER,T35,61,1,10,22,-1,-1,SELLER,01T35@0,0,61,-1,-1,0
1721,OTHER,T35,61,2,10,22,-1,-1,SELLER,01T35@0,0,61,-1,-1,0
2875,T35,T40,61,9,14,60,-1,60,02T35@1,04T40@2,17,61,-1,-1,2
2920,T35,T40,61,9,16,61,-1,61,02T35@1,04T40@2,17,61,-1,-1,2
2789,T35,T35,61,5,14,57,-1,57,02T35@1,05T35@2,17,61,-1,-1,2
2885,T35,T40,61,8,16,60,-1,60,02T35@1,04T40@2,17,61,-1,-1,2
2860,T35,T35,61,10,16,59,-1,59,03T35@1,05T35@2,17,61,-1,-1,2
2861,T35,T35,61,10,14,59,-1,59,02T35@1,05T35@2,17,61,-1,-1,2
1758,T40,OTHER,62,1,36,23,-1,-1,04T40@2,BUYER,0,62,-1,-1,3
1755,T35,OTHER,62,1,36,23,-1,-1,05T35@2,BUYER,0,62,-1,-1,3
1754,T35,OTHER,62,3,36,23,-1,-1,05T35@2,BUYER,0,62,-1,-1,3
1753,T35,OTHER,62,1,36,23,-1,-1,05T35@2,BUYER,0,62,-1,-1,3
1751,OTHER,T16,62,2,10,23,-1,-1,SELLER,00T16@0,0,62,-1,-1,0
1750,OTHER,T35,62,1,10,23,-1,-1,SELLER,01T35@0,0,62,-1,-1,0
2926,T35,T40,62,9,14,61,-1,61,03T35@1,04T40@2,17,62,-1,-1,2
1749,OTHER,T35,62,3,10,23,-1,-1,SELLER,01T35@0,0,62,-1,-1,0
1747,OTHER,T35,62,2,10,23,-1,-1,SELLER,01T35@0,0,62,-1,-1,0
1745,T35,OTHER,62,2,36,23,-1,-1,05T35@2,BUYER,0,62,-1,-1,3
1739,T40,OTHER,62,4,36,23,-1,-1,04T40@2,BUYER,0,62,-1,-1,3
1744,T35,OTHER,62,2,36,23,-1,-1,05T35@2,BUYER,0,62,-1,-1,3
1738,OTHER,T35,62,1,10,23,-1,-1,SELLER,01T35@0,0,62,-1,-1,0
1759,T35,OTHER,62,2,36,23,-1,-1,05T35@2,BUYER,0,62,-1,-1,3
1735,OTHER,T16,62,1,10,23,-1,-1,SELLER,00T16@0,0,62,-1,-1,0
1736,OTHER,T16,62,3,10,23,-1,-1,SELLER,00T16@0,0,62,-1,-1,0
1743,OTHER,T16,62,1,10,23,-1,-1,SELLER,00T16@0,0,62,-1,-1,0
1761,T35,OTHER,62,3,36,23,-1,-1,05T35@2,BUYER,0,62,-1,-1,3
1763,OTHER,T16,62,1,10,23,-1,-1,SELLER,00T16@0,0,62,-1,-1,0
1766,T40,OTHER,62,1,36,-1,-1,-1,04T40@2,BUYER,0,-1,-1,-1,3
2816,T35,T35,62,6,14,58,-1,58,02T35@1,05T35@2,17,62,-1,-1,2
2829,T35,T35,62,6,14,58,-1,58,03T35@1,05T35@2,17,62,-1,-1,2
2949,T35,T40,62,9,16,62,-1,62,03T35@1,04T40@2,17,62,-1,-1,2
2891,T35,T40,62,9,14,60,-1,60,03T35@1,04T40@2,17,62,-1,-1,2
2903,T35,T40,62,9,16,61,-1,61,03T35@1,04T40@2,17,62,-1,-1,2
2905,T35,T40,62,8,16,61,-1,61,03T35@1,04T40@2,17,62,-1,-1,2
1737,OTHER,T35,62,3,10,23,-1,-1,SELLER,01T35@0,0,62,-1,-1,0
1742,OTHER,T16,62,2,10,23,-1,-1,SELLER,00T16@0,0,62,-1,-1,0
1799,T40,OTHER,63,1,36,-1,-1,-1,04T40@2,BUYER,0,-1,-1,-1,3
1800,T40,OTHER,63,3,36,-1,-1,-1,04T40@2,BUYER,0,-1,-1,-1,3
2912,T35,T40,63,8,14,61,-1,61,03T35@1,04T40@2,17,63,-1,-1,2
1785,T35,OTHER,63,1,36,24,-1,-1,05T35@2,BUYER,0,63,-1,-1,3
1796,OTHER,T16,63,2,10,24,-1,-1,SELLER,00T16@0,0,63,-1,-1,0
1784,T35,OTHER,63,1,36,24,-1,-1,05T35@2,BUYER,0,63,-1,-1,3
1782,OTHER,T35,63,1,10,24,-1,-1,SELLER,01T35@0,0,63,-1,-1,0
1781,T40,OTHER,63,1,36,24,-1,-1,04T40@2,BUYER,0,63,-1,-1,3
1778,T40,OTHER,63,1,36,24,-1,-1,04T40@2,BUYER,0,63,-1,-1,3
1777,OTHER,T35,63,2,10,24,-1,-1,SELLER,01T35@0,0,63,-1,-1,0
1776,T40,OTHER,63,2,36,24,-1,-1,04T40@2,BUYER,0,63,-1,-1,3
1773,OTHER,T35,63,1,10,24,-1,-1,SELLER,01T35@0,0,63,-1,-1,0
1772,T40,OTHER,63,1,36,24,-1,-1,04T40@2,BUYER,0,63,-1,-1,3
1797,T40,OTHER,63,3,36,-1,-1,-1,04T40@2,BUYER,0,-1,-1,-1,3
1771,OTHER,T16,63,1,10,24,-1,-1,SELLER,00T16@0,0,63,-1,-1,0
1767,OTHER,T16,63,1,10,24,-1,-1,SELLER,00T16@0,0,63,-1,-1,0
1787,T35,OTHER,63,2,36,24,-1,-1,05T35@2,BUYER,0,63,-1,-1,3
1788,T35,OTHER,63,1,36,24,-1,-1,05T35@2,BUYER,0,63,-1,-1,3
1790,OTHER,T35,63,2,10,24,-1,-1,SELLER,01T35@0,0,63,-1,-1,0
1792,OTHER,T16,63,2,10,24,-1,-1,SELLER,00T16@0,0,63,-1,-1,0
1793,OTHER,T35,63,2,10,24,-1,-1,SELLER,01T35@0,0,63,-1,-1,0
1794,OTHER,T16,63,2,10,24,-1,-1,SELLER,00T16@0,0,63,-1,-1,0
1795,OTHER,T16,63,3,10,24,-1,-1,SELLER,00T16@0,0,63,-1,-1,0
1770,OTHER,T16,63,1,10,24,-1,-1,SELLER,00T16@0,0,63,-1,-1,0
2931,T35,T35,63,8,16,62,-1,62,02T35@1,05T35@2,17,63,-1,-1,2
1786,T35,OTHER,63,3,36,24,-1,-1,05T35@2,BUYER,0,63,-1,-1,3
2938,T35,T40,63,9,14,62,-1,62,02T35@1,04T40@2,17,63,-1,-1,2
2969,T35,T40,63,9,16,63,-1,63,03T35@1,04T40@2,17,63,-1,-1,2
2947,T35,T40,63,8,16,62,-1,62,02T35@1,04T40@2,17,63,-1,-1,2
2966,T35,T40,63,1,15,63,-1,63,03T35@1,04T40@2,17,63,-1,-1,2
2933,T35,T40,63,8,14,62,-1,62,03T35@1,04T40@2,17,63,-1,-1,2
2982,T35,T40,63,1,15,63,-1,63,02T35@1,04T40@2,17,63,-1,-1,2
2941,T35,T35,63,8,16,62,-1,62,03T35@1,05T35@2,17,63,-1,-1,2
1826,T40,OTHER,64,1,36,25,-1,-1,04T40@2,BUYER,0,64,-1,-1,3
1828,T35,OTHER,64,1,36,25,-1,-1,05T35@2,BUYER,0,64,-1,-1,3
1834,OTHER,T16,64,1,10,25,-1,-1,SELLER,00T16@0,0,64,-1,-1,0
1821,OTHER,T16,64,1,10,25,-1,-1,SELLER,00T16@0,0,64,-1,-1,0
1819,T35,OTHER,64,1,36,25,-1,-1,05T35@2,BUYER,0,64,-1,-1,3
1822,OTHER,T16,64,2,10,25,-1,-1,SELLER,00T16@0,0,64,-1,-1,0
1818,OTHER,T35,64,2,10,25,-1,-1,SELLER,01T35@0,0,64,-1,-1,0
2976,T35,T40,64,8,16,63,-1,63,03T35@1,04T40@2,17,64,-1,-1,2
1823,OTHER,T16,64,2,10,25,-1,-1,SELLER,00T16@0,0,64,-1,-1,0
1825,T35,OTHER,64,2,36,25,-1,-1,05T35@2,BUYER,0,64,-1,-1,3
2992,T35,T35,64,5,16,64,-1,64,03T35@1,05T35@2,17,64,-1,-1,2
1817,T40,OTHER,64,1,36,25,-1,-1,04T40@2,BUYER,0,64,-1,-1,3
2974,T35,T40,64,8,16,63,-1,63,03T35@1,04T40@2,17,64,-1,-1,2
1810,T35,OTHER,64,2,36,25,-1,-1,05T35@2,BUYER,0,64,-1,-1,3
1812,T40,OTHER,64,2,36,25,-1,-1,04T40@2,BUYER,0,64,-1,-1,3
1813,T35,OTHER,64,2,36,25,-1,-1,05T35@2,BUYER,0,64,-1,-1,3
1836,T40,OTHER,64,2,36,-1,-1,-1,04T40@2,BUYER,0,-1,-1,-1,3
1814,OTHER,T16,64,1,10,25,-1,-1,SELLER,00T16@0,0,64,-1,-1,0
1811,OTHER,T35,64,1,10,25,-1,-1,SELLER,01T35@0,0,64,-1,-1,0
1816,OTHER,T16,64,2,10,25,-1,-1,SELLER,00T16@0,0,64,-1,-1,0
1809,OTHER,T16,64,1,10,25,-1,-1,SELLER,00T16@0,0,64,-1,-1,0
1835,T40,OTHER,64,3,36,-1,-1,-1,04T40@2,BUYER,0,-1,-1,-1,3
1808,T40,OTHER,64,1,36,25,-1,-1,04T40@2,BUYER,0,64,-1,-1,3
1824,T35,OTHER,64,1,36,25,-1,-1,05T35@2,BUYER,0,64,-1,-1,3
1806,OTHER,T16,64,4,10,25,-1,-1,SELLER,00T16@0,0,64,-1,-1,0
1805,T35,OTHER,64,1,36,25,-1,-1,05T35@2,BUYER,0,64,-1,-1,3
1803,OTHER,T16,64,1,10,25,-1,-1,SELLER,00T16@0,0,64,-1,-1,0
1807,OTHER,T35,64,2,10,25,-1,-1,SELLER,01T35@0,0,64,-1,-1,0
1853,OTHER,T35,65,1,10,26,-1,-1,SELLER,01T35@0,0,65,-1,-1,0
1852,OTHER,T16,65,3,10,26,-1,-1,SELLER,00T16@0,0,65,-1,-1,0
1839,T40,OTHER,65,2,36,26,-1,-1,04T40@2,BUYER,0,65,-1,-1,3
1850,OTHER,T16,65,2,10,26,-1,-1,SELLER,00T16@0,0,65,-1,-1,0
1849,OTHER,T16,65,1,10,26,-1,-1,SELLER,00T16@0,0,65,-1,-1,0
1838,T40,OTHER,65,2,36,26,-1,-1,04T40@2,BUYER,0,65,-1,-1,3
1847,T35,OTHER,65,2,36,26,-1,-1,05T35@2,BUYER,0,65,-1,-1,3
1845,T35,OTHER,65,2,36,26,-1,-1,05T35@2,BUYER,0,65,-1,-1,3
1842,OTHER,T35,65,2,10,26,-1,-1,SELLER,01T35@0,0,65,-1,-1,0
1843,OTHER,T35,65,1,10,26,-1,-1,SELLER,01T35@0,0,65,-1,-1,0
1844,OTHER,T35,65,1,10,26,-1,-1,SELLER,01T35@0,0,65,-1,-1,0
1848,OTHER,T16,65,2,10,26,-1,-1,SELLER,00T16@0,0,65,-1,-1,0
1840,T35,OTHER,65,3,36,26,-1,-1,05T35@2,BUYER,0,65,-1,-1,3
2985,T35,T35,65,10,14,63,-1,63,03T35@1,05T35@2,17,65,-1,-1,2
1860,OTHER,T35,65,2,10,26,-1,-1,SELLER,01T35@0,0,65,-1,-1,0
1837,T40,OTHER,65,1,36,26,-1,-1,04T40@2,BUYER,0,65,-1,-1,3
2900,T35,T35,65,1,15,61,-1,61,02T35@1,05T35@2,17,-1,-1,-1,2
2956,T35,T40,65,8,14,62,-1,62,02T35@1,04T40@2,17,-1,-1,-1,2
2961,T35,T40,65,8,14,63,-1,63,03T35@1,04T40@2,17,65,-1,-1,2
2975,T35,T35,65,10,14,63,-1,63,02T35@1,05T35@2,17,-1,-1,-1,2
1870,T40,OTHER,65,1,36,-1,-1,-1,04T40@2,BUYER,0,-1,-1,-1,3
1869,T40,OTHER,65,1,36,-1,-1,-1,04T40@2,BUYER,0,-1,-1,-1,3
1856,T35,OTHER,65,3,36,26,-1,-1,05T35@2,BUYER,0,65,-1,-1,3
1867,T40,OTHER,65,1,36,-1,-1,-1,04T40@2,BUYER,0,-1,-1,-1,3
3023,T35,T40,65,1,15,65,-1,65,03T35@1,04T40@2,17,65,-1,-1,2
1864,OTHER,T35,65,2,10,26,-1,-1,SELLER,01T35@0,0,65,-1,-1,0
3026,T35,T40,65,8,16,65,-1,65,03T35@1,04T40@2,17,65,-1,-1,2
1863,OTHER,T35,65,3,10,26,-1,-1,SELLER,01T35@0,0,65,-1,-1,0
1866,T40,OTHER,65,2,36,-1,-1,-1,04T40@2,BUYER,0,-1,-1,-1,3
2904,T35,T35,65,1,15,61,-1,61,03T35@1,05T35@2,17,65,-1,-1,2
2996,T35,T40,66,8,14,64,-1,64,03T35@1,04T40@2,17,66,-1,-1,2
3003,T35,T40,66,9,14,64,-1,64,03T35@1,04T40@2,17,66,-1,-1,2
1902,T40,OTHER,66,2,36,-1,-1,-1,04T40@2,BUYER,0,-1,-1,-1,3
3054,T35,T35,66,6,16,66,-1,66,03T35@1,05T35@2,17,66,-1,-1,2
1904,T40,OTHER,66,1,36,-1,-1,-1,04T40@2,BUYER,0,-1,-1,-1,3
1872,T40,OTHER,66,3,36,27,-1,-1,04T40@2,BUYER,0,66,-1,-1,3
1871,T35,OTHER,66,2,36,27,-1,-1,05T35@2,BUYER,0,66,-1,-1,3
1873,OTHER,T35,66,1,10,27,-1,-1,SELLER,01T35@0,0,66,-1,-1,0
1875,T40,OTHER,66,1,36,27,-1,-1,04T40@2,BUYER,0,66,-1,-1,3
1876,T40,OTHER,66,1,36,27,-1,-1,04T40@2,BUYER,0,66,-1,-1,3
1879,OTHER,T16,66,1,10,27,-1,-1,SELLER,00T16@0,0,66,-1,-1,0
1882,OTHER,T35,66,1,10,27,-1,-1,SELLER,01T35@0,0,66,-1,-1,0
1884,OTHER,T16,66,2,10,27,-1,-1,SELLER,00T16@0,0,66,-1,-1,0
1885,OTHER,T16,66,2,10,27,-1,-1,SELLER,00T16@0,0,66,-1,-1,0
1887,OTHER,T16,66,1,10,27,-1,-1,SELLER,00T16@0,0,66,-1,-1,0
1888,OTHER,T35,66,1,10,27,-1,-1,SELLER,01T35@0,0,66,-1,-1,0
1889,T35,OTHER,66,3,36,27,-1,-1,05T35@2,BUYER,0,66,-1,-1,3
1890,OTHER,T16,66,1,10,27,-1,-1,SELLER,00T16@0,0,66,-1,-1,0
1893,OTHER,T16,66,3,10,27,-1,-1,SELLER,00T16@0,0,66,-1,-1,0
1883,T35,OTHER,66,1,36,27,-1,-1,05T35@2,BUYER,0,66,-1,-1,3
1895,T35,OTHER,66,1,36,27,-1,-1,05T35@2,BUYER,0,66,-1,-1,3
1901,T40,OTHER,66,3,36,-1,-1,-1,04T40@2,BUYER,0,-1,-1,-1,3
1905,T40,OTHER,66,2,36,-1,-1,-1,04T40@2,BUYER,0,-1,-1,-1,3
1896,OTHER,T16,66,1,10,27,-1,-1,SELLER,00T16@0,0,66,-1,-1,0
1899,OTHER,T16,66,3,10,27,-1,-1,SELLER,00T16@0,0,66,-1,-1,0
1898,OTHER,T35,66,3,10,27,-1,-1,SELLER,01T35@0,0,66,-1,-1,0
1910,T35,OTHER,67,1,36,28,-1,-1,05T35@2,BUYER,0,67,-1,-1,3
1909,T40,OTHER,67,2,36,28,-1,-1,04T40@2,BUYER,0,67,-1,-1,3
1911,T35,OTHER,67,2,36,28,-1,-1,05T35@2,BUYER,0,67,-1,-1,3
1907,OTHER,T16,67,1,10,28,-1,-1,SELLER,00T16@0,0,67,-1,-1,0
1918,OTHER,T35,67,3,10,28,-1,-1,SELLER,01T35@0,0,67,-1,-1,0
1906,T40,OTHER,67,3,36,28,-1,-1,04T40@2,BUYER,0,67,-1,-1,3
3024,T35,T40,67,9,14,65,-1,65,03T35@1,04T40@2,17,67,-1,-1,2
3027,T35,T40,67,8,14,65,-1,65,03T35@1,04T40@2,17,67,-1,-1,2
1935,T40,OTHER,67,2,36,-1,-1,-1,04T40@2,BUYER,0,-1,-1,-1,3
1934,T40,OTHER,67,1,36,-1,-1,-1,04T40@2,BUYER,0,-1,-1,-1,3
1936,T40,OTHER,67,1,36,-1,-1,-1,04T40@2,BUYER,0,-1,-1,-1,3
1926,OTHER,T35,67,1,10,28,-1,-1,SELLER,01T35@0,0,67,-1,-1,0
1932,T40,OTHER,67,1,36,-1,-1,-1,04T40@2,BUYER,0,-1,-1,-1,3
1931,OTHER,T16,67,2,10,28,-1,-1,SELLER,00T16@0,0,67,-1,-1,0
1920,T35,OTHER,67,1,36,28,-1,-1,05T35@2,BUYER,0,67,-1,-1,3
1930,OTHER,T35,67,2,10,28,-1,-1,SELLER,01T35@0,0,67,-1,-1,0
3031,T35,T35,67,9,14,65,-1,65,03T35@1,05T35@2,17,67,-1,-1,2
1928,OTHER,T16,67,2,10,28,-1,-1,SELLER,00T16@0,0,67,-1,-1,0
1921,T35,OTHER,67,2,36,28,-1,-1,05T35@2,BUYER,0,67,-1,-1,3
1916,OTHER,T16,67,4,10,28,-1,-1,SELLER,00T16@0,0,67,-1,-1,0
1923,OTHER,T35,67,2,10,28,-1,-1,SELLER,01T35@0,0,67,-1,-1,0
1924,OTHER,T16,67,1,10,28,-1,-1,SELLER,00T16@0,0,67,-1,-1,0
1933,T40,OTHER,67,4,36,-1,-1,-1,04T40@2,BUYER,0,-1,-1,-1,3
1925,OTHER,T35,67,2,10,28,-1,-1,SELLER,01T35@0,0,67,-1,-1,0
1959,OTHER,T35,68,2,10,29,-1,-1,SELLER,01T35@0,0,68,-1,-1,0
3029,T35,T40,68,8,14,65,-1,65,03T35@1,04T40@2,17,68,-1,-1,2
1961,T35,OTHER,68,5,36,29,-1,-1,05T35@2,BUYER,0,68,-1,-1,3
3058,T35,T40,68,9,16,66,-1,66,03T35@1,04T40@2,17,68,-1,-1,2
1965,OTHER,T16,68,1,10,29,-1,-1,SELLER,00T16@0,0,68,-1,-1,0
1966,T35,OTHER,68,1,36,29,-1,-1,05T35@2,BUYER,0,68,-1,-1,3
1967,T40,OTHER,68,2,36,-1,-1,-1,04T40@2,BUYER,0,-1,-1,-1,3
1968,T40,OTHER,68,1,36,-1,-1,-1,04T40@2,BUYER,0,-1,-1,-1,3
1953,OTHER,T35,68,1,10,29,-1,-1,SELLER,01T35@0,0,68,-1,-1,0
1960,OTHER,T16,68,2,10,29,-1,-1,SELLER,00T16@0,0,68,-1,-1,0
1952,T35,OTHER,68,1,36,29,-1,-1,05T35@2,BUYER,0,68,-1,-1,3
1958,T35,OTHER,68,1,36,29,-1,-1,05T35@2,BUYER,0,68,-1,-1,3
1950,OTHER,T35,68,3,10,29,-1,-1,SELLER,01T35@0,0,68,-1,-1,0
1937,T35,OTHER,68,1,36,29,-1,-1,05T35@2,BUYER,0,68,-1,-1,3
1939,T35,OTHER,68,3,36,29,-1,-1,05T35@2,BUYER,0,68,-1,-1,3
1940,OTHER,T35,68,1,10,29,-1,-1,SELLER,01T35@0,0,68,-1,-1,0
1943,OTHER,T16,68,2,10,29,-1,-1,SELLER,00T16@0,0,68,-1,-1,0
1944,T40,OTHER,68,3,36,29,-1,-1,04T40@2,BUYER,0,68,-1,-1,3
1945,OTHER,T35,68,3,10,29,-1,-1,SELLER,01T35@0,0,68,-1,-1,0
1942,OTHER,T16,68,3,10,29,-1,-1,SELLER,00T16@0,0,68,-1,-1,0
1949,OTHER,T16,68,1,10,29,-1,-1,SELLER,00T16@0,0,68,-1,-1,0
1948,OTHER,T16,68,1,10,29,-1,-1,SELLER,00T16@0,0,68,-1,-1,0
1946,T40,OTHER,68,2,36,29,-1,-1,04T40@2,BUYER,0,68,-1,-1,3
1992,T35,OTHER,69,3,36,30,-1,-1,05T35@2,BUYER,0,69,-1,-1,3
1982,OTHER,T35,69,2,10,30,-1,-1,SELLER,01T35@0,0,69,-1,-1,0
1983,T35,OTHER,69,1,36,30,-1,-1,05T35@2,BUYER,0,69,-1,-1,3
1984,T40,OTHER,69,1,36,30,-1,-1,04T40@2,BUYER,0,69,-1,-1,3
1985,OTHER,T16,69,1,10,30,-1,-1,SELLER,00T16@0,0,69,-1,-1,0
1998,OTHER,T16,69,2,10,30,-1,-1,SELLER,00T16@0,0,69,-1,-1,0
1988,OTHER,T35,69,2,10,30,-1,-1,SELLER,01T35@0,0,69,-1,-1,0
2004,T40,OTHER,69,2,36,-1,-1,-1,04T40@2,BUYER,0,-1,-1,-1,3
1991,OTHER,T35,69,2,10,30,-1,-1,SELLER,01T35@0,0,69,-1,-1,0
1981,T35,OTHER,69,2,36,30,-1,-1,05T35@2,BUYER,0,69,-1,-1,3
2003,T35,OTHER,69,1,36,30,-1,-1,05T35@2,BUYER,0,69,-1,-1,3
1995,OTHER,T35,69,1,10,30,-1,-1,SELLER,01T35@0,0,69,-1,-1,0
1993,OTHER,T16,69,3,10,30,-1,-1,SELLER,00T16@0,0,69,-1,-1,0
1989,T35,OTHER,69,1,36,30,-1,-1,05T35@2,BUYER,0,69,-1,-1,3
1999,T40,OTHER,69,2,36,30,-1,-1,04T40@2,BUYER,0,69,-1,-1,3
1979,T35,OTHER,69,2,36,30,-1,-1,05T35@2,BUYER,0,69,-1,-1,3
1977,T35,OTHER,69,3,36,30,-1,-1,05T35@2,BUYER,0,69,-1,-1,3
1978,T35,OTHER,69,1,36,30,-1,-1,05T35@2,BUYER,0,69,-1,-1,3
1971,OTHER,T16,69,1,10,30,-1,-1,SELLER,00T16@0,0,69,-1,-1,0
1974,OTHER,T35,69,1,10,30,-1,-1,SELLER,01T35@0,0,69,-1,-1,0
2002,OTHER,T16,69,1,10,30,-1,-1,SELLER,00T16@0,0,69,-1,-1,0
1976,T40,OTHER,69,1,36,30,-1,-1,04T40@2,BUYER,0,69,-1,-1,3
1975,OTHER,T35,69,4,10,30,-1,-1,SELLER,01T35@0,0,69,-1,-1,0
2009,OTHER,T16,70,1,10,31,-1,-1,SELLER,00T16@0,0,70,-1,-1,0
2017,T35,OTHER,70,2,36,31,-1,-1,05T35@2,BUYER,0,70,-1,-1,3
2034,T40,OTHER,70,2,36,-1,-1,-1,04T40@2,BUYER,0,-1,-1,-1,3
2016,T35,OTHER,70,1,36,31,-1,-1,05T35@2,BUYER,0,70,-1,-1,3
2018,OTHER,T16,70,1,10,31,-1,-1,SELLER,00T16@0,0,70,-1,-1,0
2015,OTHER,T16,70,1,10,31,-1,-1,SELLER,00T16@0,0,70,-1,-1,0
2031,OTHER,T35,70,2,10,31,-1,-1,SELLER,01T35@0,0,70,-1,-1,0
2035,T40,OTHER,70,2,36,-1,-1,-1,04T40@2,BUYER,0,-1,-1,-1,3
2014,OTHER,T35,70,1,10,31,-1,-1,SELLER,01T35@0,0,70,-1,-1,0
2025,OTHER,T16,70,2,10,31,-1,-1,SELLER,00T16@0,0,70,-1,-1,0
2013,T40,OTHER,70,1,36,31,-1,-1,04T40@2,BUYER,0,70,-1,-1,3
2005,T35,OTHER,70,1,36,31,-1,-1,05T35@2,BUYER,0,70,-1,-1,3
2010,T40,OTHER,70,1,36,31,-1,-1,04T40@2,BUYER,0,70,-1,-1,3
2020,T35,OTHER,70,1,36,31,-1,-1,05T35@2,BUYER,0,70,-1,-1,3
2008,T35,OTHER,70,3,36,31,-1,-1,05T35@2,BUYER,0,70,-1,-1,3
2024,OTHER,T16,70,3,10,31,-1,-1,SELLER,00T16@0,0,70,-1,-1,0
2032,OTHER,T16,70,4,10,31,-1,-1,SELLER,00T16@0,0,70,-1,-1,0
2033,T40,OTHER,70,1,36,-1,-1,-1,04T40@2,BUYER,0,-1,-1,-1,3
2011,T40,OTHER,70,1,36,31,-1,-1,04T40@2,BUYER,0,70,-1,-1,3
2012,T40,OTHER,70,3,36,31,-1,-1,04T40@2,BUYER,0,70,-1,-1,3
2007,OTHER,T35,70,3,10,31,-1,-1,SELLER,01T35@0,0,70,-1,-1,0
3065,T35,T40,70,7,14,67,-1,67,03T35@1,04T40@2,17,-1,-1,70,2
3071,T35,T35,70,7,14,67,-1,67,03T35@1,05T35@2,17,-1,-1,70,2
3099,T35,T40,70,10,14,68,-1,68,03T35@1,04T40@2,17,-1,-1,70,2
2036,T40,OTHER,70,1,36,-1,-1,-1,04T40@2,BUYER,0,-1,-1,-1,3
2030,OTHER,T16,70,1,10,31,-1,-1,SELLER,00T16@0,0,70,-1,-1,0
2027,OTHER,T35,70,1,10,31,-1,-1,SELLER,01T35@0,0,70,-1,-1,0
2037,T40,OTHER,71,2,36,32,-1,-1,04T40@2,BUYER,0,71,-1,-1,3
2063,T35,OTHER,71,2,36,32,-1,-1,05T35@2,BUYER,0,71,-1,-1,3
2062,OTHER,T16,71,1,10,32,-1,-1,SELLER,00T16@0,0,71,-1,-1,0
2059,OTHER,T35,71,2,10,32,-1,-1,SELLER,01T35@0,0,71,-1,-1,0
2058,OTHER,T35,71,2,10,32,-1,-1,SELLER,01T35@0,0,71,-1,-1,0
2056,T35,OTHER,71,2,36,32,-1,-1,05T35@2,BUYER,0,71,-1,-1,3
2066,T40,OTHER,71,2,36,-1,-1,-1,04T40@2,BUYER,0,-1,-1,-1,3
2055,T35,OTHER,71,3,36,32,-1,-1,05T35@2,BUYER,0,71,-1,-1,3
2043,T35,OTHER,71,2,36,32,-1,-1,05T35@2,BUYER,0,71,-1,-1,3
2052,OTHER,T16,71,2,10,32,-1,-1,SELLER,00T16@0,0,71,-1,-1,0
2039,T40,OTHER,71,2,36,32,-1,-1,04T40@2,BUYER,0,71,-1,-1,3
2051,OTHER,T16,71,2,10,32,-1,-1,SELLER,00T16@0,0,71,-1,-1,0
2048,T35,OTHER,71,1,36,32,-1,-1,05T35@2,BUYER,0,71,-1,-1,3
2047,T40,OTHER,71,1,36,32,-1,-1,04T40@2,BUYER,0,71,-1,-1,3
2046,OTHER,T35,71,2,10,32,-1,-1,SELLER,01T35@0,0,71,-1,-1,0
2045,OTHER,T16,71,1,10,32,-1,-1,SELLER,00T16@0,0,71,-1,-1,0
2044,OTHER,T16,71,3,10,32,-1,-1,SELLER,00T16@0,0,71,-1,-1,0
2040,OTHER,T16,71,2,10,32,-1,-1,SELLER,00T16@0,0,71,-1,-1,0
2054,OTHER,T16,71,3,10,32,-1,-1,SELLER,00T16@0,0,71,-1,-1,0
2065,T40,OTHER,71,1,36,-1,-1,-1,04T40@2,BUYER,0,-1,-1,-1,3
2064,T40,OTHER,71,2,36,-1,-1,-1,04T40@2,BUYER,0,-1,-1,-1,3
2073,T40,OTHER,72,1,36,33,-1,-1,04T40@2,BUYER,0,72,-1,-1,3
2099,T40,OTHER,72,3,36,-1,-1,-1,04T40@2,BUYER,0,-1,-1,-1,3
2098,T40,OTHER,72,2,36,-1,-1,-1,04T40@2,BUYER,0,-1,-1,-1,3
2097,OTHER,T35,72,3,10,33,-1,-1,SELLER,01T35@0,0,72,-1,-1,0
2094,T35,OTHER,72,2,36,33,-1,-1,05T35@2,BUYER,0,72,-1,-1,3
2092,OTHER,T35,72,1,10,33,-1,-1,SELLER,01T35@0,0,72,-1,-1,0
2091,OTHER,T16,72,1,10,33,-1,-1,SELLER,00T16@0,0,72,-1,-1,0
2067,T35,OTHER,72,1,36,33,-1,-1,05T35@2,BUYER,0,72,-1,-1,3
2090,T35,OTHER,72,1,36,33,-1,-1,05T35@2,BUYER,0,72,-1,-1,3
2087,T40,OTHER,72,1,36,33,-1,-1,04T40@2,BUYER,0,72,-1,-1,3
2086,T35,OTHER,72,2,36,33,-1,-1,05T35@2,BUYER,0,72,-1,-1,3
2085,OTHER,T35,72,2,10,33,-1,-1,SELLER,01T35@0,0,72,-1,-1,0
2084,OTHER,T16,72,2,10,33,-1,-1,SELLER,00T16@0,0,72,-1,-1,0
2083,OTHER,T16,72,2,10,33,-1,-1,SELLER,00T16@0,0,72,-1,-1,0
2072,OTHER,T35,72,1,10,33,-1,-1,SELLER,01T35@0,0,72,-1,-1,0
2082,OTHER,T16,72,1,10,33,-1,-1,SELLER,00T16@0,0,72,-1,-1,0
2081,T40,OTHER,72,2,36,33,-1,-1,04T40@2,BUYER,0,72,-1,-1,3
2080,T35,OTHER,72,1,36,33,-1,-1,05T35@2,BUYER,0,72,-1,-1,3
2070,T35,OTHER,72,1,36,33,-1,-1,05T35@2,BUYER,0,72,-1,-1,3
2071,OTHER,T16,72,2,10,33,-1,-1,SELLER,00T16@0,0,72,-1,-1,0
2076,OTHER,T16,72,3,10,33,-1,-1,SELLER,00T16@0,0,72,-1,-1,0
3093,T35,T35,72,6,14,68,-1,68,03T35@1,05T35@2,17,-1,-1,72,2
2075,OTHER,T35,72,2,10,33,-1,-1,SELLER,01T35@0,0,72,-1,-1,0
2074,T40,OTHER,72,1,36,33,-1,-1,04T40@2,BUYER,0,72,-1,-1,3
2069,T35,OTHER,72,2,36,33,-1,-1,05T35@2,BUYER,0,72,-1,-1,3
2112,OTHER,T16,73,1,10,34,-1,-1,SELLER,00T16@0,0,73,-1,-1,0
2103,T40,OTHER,73,2,36,34,-1,-1,04T40@2,BUYER,0,73,-1,-1,3
2104,OTHER,T16,73,3,10,34,-1,-1,SELLER,00T16@0,0,73,-1,-1,0
2116,OTHER,T35,73,1,10,34,-1,-1,SELLER,01T35@0,0,73,-1,-1,0
2105,OTHER,T35,73,2,10,34,-1,-1,SELLER,01T35@0,0,73,-1,-1,0
2109,T35,OTHER,73,3,36,34,-1,-1,05T35@2,BUYER,0,73,-1,-1,3
2102,OTHER,T16,73,3,10,34,-1,-1,SELLER,00T16@0,0,73,-1,-1,0
2101,T40,OTHER,73,1,36,34,-1,-1,04T40@2,BUYER,0,73,-1,-1,3
2118,OTHER,T35,73,4,10,34,-1,-1,SELLER,01T35@0,0,73,-1,-1,0
2119,OTHER,T16,73,4,10,34,-1,-1,SELLER,00T16@0,0,73,-1,-1,0
2120,T35,OTHER,73,4,36,34,-1,-1,05T35@2,BUYER,0,73,-1,-1,3
2121,T40,OTHER,73,1,36,-1,-1,-1,04T40@2,BUYER,0,-1,-1,-1,3
2122,T40,OTHER,73,1,36,-1,-1,-1,04T40@2,BUYER,0,-1,-1,-1,3
2123,T40,OTHER,73,2,36,-1,-1,-1,04T40@2,BUYER,0,-1,-1,-1,3
2124,T40,OTHER,73,1,36,-1,-1,-1,04T40@2,BUYER,0,-1,-1,-1,3
2125,T40,OTHER,73,4,36,-1,-1,-1,04T40@2,BUYER,0,-1,-1,-1,3
2126,T40,OTHER,73,1,36,-1,-1,-1,04T40@2,BUYER,0,-1,-1,-1,3
2100,OTHER,T35,73,2,10,34,-1,-1,SELLER,01T35@0,0,73,-1,-1,0
2142,T35,OTHER,74,2,36,35,-1,-1,05T35@2,BUYER,0,74,-1,-1,3
2144,T40,OTHER,74,1,36,35,-1,-1,04T40@2,BUYER,0,74,-1,-1,3
2146,T35,OTHER,74,1,36,35,-1,-1,05T35@2,BUYER,0,74,-1,-1,3
2150,OTHER,T16,74,3,10,35,-1,-1,SELLER,00T16@0,0,74,-1,-1,0
2157,T40,OTHER,74,2,36,-1,-1,-1,04T40@2,BUYER,0,-1,-1,-1,3
2153,OTHER,T16,74,1,10,35,-1,-1,SELLER,00T16@0,0,74,-1,-1,0
2156,T40,OTHER,74,2,36,-1,-1,-1,04T40@2,BUYER,0,-1,-1,-1,3
2141,OTHER,T35,74,3,10,35,-1,-1,SELLER,01T35@0,0,74,-1,-1,0
2158,T40,OTHER,74,2,36,-1,-1,-1,04T40@2,BUYER,0,-1,-1,-1,3
2151,OTHER,T35,74,1,10,35,-1,-1,SELLER,01T35@0,0,74,-1,-1,0
2140,T35,OTHER,74,2,36,35,-1,-1,05T35@2,BUYER,0,74,-1,-1,3
2135,OTHER,T35,74,4,10,35,-1,-1,SELLER,01T35@0,0,74,-1,-1,0
2138,OTHER,T16,74,2,10,35,-1,-1,SELLER,00T16@0,0,74,-1,-1,0
2137,OTHER,T35,74,1,10,35,-1,-1,SELLER,01T35@0,0,74,-1,-1,0
2136,T35,OTHER,74,2,36,35,-1,-1,05T35@2,BUYER,0,74,-1,-1,3
2133,OTHER,T16,74,1,10,35,-1,-1,SELLER,00T16@0,0,74,-1,-1,0
2132,OTHER,T35,74,1,10,35,-1,-1,SELLER,01T35@0,0,74,-1,-1,0
2131,OTHER,T16,74,1,10,35,-1,-1,SELLER,00T16@0,0,74,-1,-1,0
2130,OTHER,T16,74,1,10,35,-1,-1,SELLER,00T16@0,0,74,-1,-1,0
2128,T40,OTHER,74,2,36,35,-1,-1,04T40@2,BUYER,0,74,-1,-1,3
2127,T40,OTHER,74,4,36,35,-1,-1,04T40@2,BUYER,0,74,-1,-1,3
2139,OTHER,T35,74,1,10,35,-1,-1,SELLER,01T35@0,0,74,-1,-1,0
2168,T35,OTHER,75,1,36,36,-1,-1,05T35@2,BUYER,0,75,-1,-1,3
2170,T40,OTHER,75,2,36,36,-1,-1,04T40@2,BUYER,0,75,-1,-1,3
2176,T35,OTHER,75,1,36,36,-1,-1,05T35@2,BUYER,0,75,-1,-1,3
2188,T35,OTHER,75,2,36,36,-1,-1,05T35@2,BUYER,0,75,-1,-1,3
2194,T40,OTHER,75,3,36,-1,-1,-1,04T40@2,BUYER,0,-1,-1,-1,3
2193,T40,OTHER,75,1,36,36,-1,-1,04T40@2,BUYER,0,75,-1,-1,3
2159,OTHER,T16,75,2,10,36,-1,-1,SELLER,00T16@0,0,75,-1,-1,0
2190,OTHER,T16,75,1,10,36,-1,-1,SELLER,00T16@0,0,75,-1,-1,0
2160,OTHER,T16,75,3,10,36,-1,-1,SELLER,00T16@0,0,75,-1,-1,0
2187,OTHER,T16,75,1,10,36,-1,-1,SELLER,00T16@0,0,75,-1,-1,0
2186,T35,OTHER,75,2,36,36,-1,-1,05T35@2,BUYER,0,75,-1,-1,3
2185,T35,OTHER,75,1,36,36,-1,-1,05T35@2,BUYER,0,75,-1,-1,3
2161,OTHER,T35,75,2,10,36,-1,-1,SELLER,01T35@0,0,75,-1,-1,0
2162,T40,OTHER,75,1,36,36,-1,-1,04T40@2,BUYER,0,75,-1,-1,3
2184,OTHER,T35,75,1,10,36,-1,-1,SELLER,01T35@0,0,75,-1,-1,0
2180,T35,OTHER,75,1,36,36,-1,-1,05T35@2,BUYER,0,75,-1,-1,3
2171,OTHER,T35,75,3,10,36,-1,-1,SELLER,01T35@0,0,75,-1,-1,0
2172,OTHER,T35,75,1,10,36,-1,-1,SELLER,01T35@0,0,75,-1,-1,0
2167,T35,OTHER,75,2,36,36,-1,-1,05T35@2,BUYER,0,75,-1,-1,3
2163,T35,OTHER,75,1,36,36,-1,-1,05T35@2,BUYER,0,75,-1,-1,3
2175,OTHER,T35,75,1,10,36,-1,-1,SELLER,01T35@0,0,75,-1,-1,0
2174,OTHER,T35,75,2,10,36,-1,-1,SELLER,01T35@0,0,75,-1,-1,0
2166,OTHER,T35,75,1,10,36,-1,-1,SELLER,01T35@0,0,75,-1,-1,0
2165,T35,OTHER,75,1,36,36,-1,-1,05T35@2,BUYER,0,75,-1,-1,3
2164,OTHER,T35,75,2,10,36,-1,-1,SELLER,01T35@0,0,75,-1,-1,0
2179,T35,OTHER,75,1,36,36,-1,-1,05T35@2,BUYER,0,75,-1,-1,3
2216,OTHER,T16,76,2,10,37,-1,-1,SELLER,00T16@0,0,76,-1,-1,0
2213,OTHER,T16,76,1,10,37,-1,-1,SELLER,00T16@0,0,76,-1,-1,0
2214,T40,OTHER,76,2,36,37,-1,-1,04T40@2,BUYER,0,76,-1,-1,3
2215,OTHER,T16,76,3,10,37,-1,-1,SELLER,00T16@0,0,76,-1,-1,0
2212,OTHER,T35,76,2,10,37,-1,-1,SELLER,01T35@0,0,76,-1,-1,0
2217,OTHER,T35,76,1,10,37,-1,-1,SELLER,01T35@0,0,76,-1,-1,0
2224,T40,OTHER,76,2,36,-1,-1,-1,04T40@2,BUYER,0,-1,-1,-1,3
2222,T35,OTHER,76,2,36,37,-1,-1,05T35@2,BUYER,0,76,-1,-1,3
2223,OTHER,T16,76,1,10,37,-1,-1,SELLER,00T16@0,0,76,-1,-1,0
2225,T40,OTHER,76,1,36,-1,-1,-1,04T40@2,BUYER,0,-1,-1,-1,3
2226,T40,OTHER,76,1,36,-1,-1,-1,04T40@2,BUYER,0,-1,-1,-1,3
2227,T40,OTHER,76,2,36,-1,-1,-1,04T40@2,BUYER,0,-1,-1,-1,3
2211,OTHER,T35,76,1,10,37,-1,-1,SELLER,01T35@0,0,76,-1,-1,0
2220,OTHER,T16,76,1,10,37,-1,-1,SELLER,00T16@0,0,76,-1,-1,0
2210,OTHER,T35,76,1,10,37,-1,-1,SELLER,01T35@0,0,76,-1,-1,0
2201,T35,OTHER,76,1,36,37,-1,-1,05T35@2,BUYER,0,76,-1,-1,3
2206,OTHER,T35,76,3,10,37,-1,-1,SELLER,01T35@0,0,76,-1,-1,0
2195,OTHER,T35,76,1,10,37,-1,-1,SELLER,01T35@0,0,76,-1,-1,0
2197,OTHER,T16,76,1,10,37,-1,-1,SELLER,00T16@0,0,76,-1,-1,0
2198,T35,OTHER,76,2,36,37,-1,-1,05T35@2,BUYER,0,76,-1,-1,3
2207,OTHER,T35,76,1,10,37,-1,-1,SELLER,01T35@0,0,76,-1,-1,0
2200,T35,OTHER,76,3,36,37,-1,-1,05T35@2,BUYER,0,76,-1,-1,3
2199,T40,OTHER,76,1,36,37,-1,-1,04T40@2,BUYER,0,76,-1,-1,3
2203,T40,OTHER,76,1,36,37,-1,-1,04T40@2,BUYER,0,76,-1,-1,3
2204,T40,OTHER,76,2,36,37,-1,-1,04T40@2,BUYER,0,76,-1,-1,3
2205,OTHER,T35,76,1,10,37,-1,-1,SELLER,01T35@0,0,76,-1,-1,0
2252,T40,OTHER,77,4,36,-1,-1,-1,04T40@2,BUYER,0,-1,-1,-1,3
2238,T40,OTHER,77,1,36,38,-1,-1,04T40@2,BUYER,0,77,-1,-1,3
2239,OTHER,T35,77,1,10,38,-1,-1,SELLER,01T35@0,0,77,-1,-1,0
2240,T35,OTHER,77,1,36,38,-1,-1,05T35@2,BUYER,0,77,-1,-1,3
2244,OTHER,T35,77,2,10,38,-1,-1,SELLER,01T35@0,0,77,-1,-1,0
2253,T40,OTHER,77,3,36,-1,-1,-1,04T40@2,BUYER,0,-1,-1,-1,3
2250,OTHER,T16,77,2,10,38,-1,-1,SELLER,00T16@0,0,77,-1,-1,0
2237,OTHER,T35,77,2,10,38,-1,-1,SELLER,01T35@0,0,77,-1,-1,0
2251,T40,OTHER,77,3,36,-1,-1,-1,04T40@2,BUYER,0,-1,-1,-1,3
2246,OTHER,T35,77,2,10,38,-1,-1,SELLER,01T35@0,0,77,-1,-1,0
2247,OTHER,T35,77,1,10,38,-1,-1,SELLER,01T35@0,0,77,-1,-1,0
2248,OTHER,T16,77,3,10,38,-1,-1,SELLER,00T16@0,0,77,-1,-1,0
2245,OTHER,T35,77,1,10,38,-1,-1,SELLER,01T35@0,0,77,-1,-1,0
2236,T40,OTHER,77,1,36,38,-1,-1,04T40@2,BUYER,0,77,-1,-1,3
2235,T35,OTHER,77,1,36,38,-1,-1,05T35@2,BUYER,0,77,-1,-1,3
2233,T40,OTHER,77,2,36,38,-1,-1,04T40@2,BUYER,0,77,-1,-1,3
2231,OTHER,T35,77,2,10,38,-1,-1,SELLER,01T35@0,0,77,-1,-1,0
2230,OTHER,T35,77,2,10,38,-1,-1,SELLER,01T35@0,0,77,-1,-1,0
2229,T40,OTHER,77,1,36,38,-1,-1,04T40@2,BUYER,0,77,-1,-1,3
2228,OTHER,T35,77,2,10,38,-1,-1,SELLER,01T35@0,0,77,-1,-1,0
2234,T35,OTHER,77,3,36,38,-1,-1,05T35@2,BUYER,0,77,-1,-1,3
2271,OTHER,T16,78,1,10,39,-1,-1,SELLER,00T16@0,0,78,-1,-1,0
2276,OTHER,T16,78,1,10,39,-1,-1,SELLER,00T16@0,0,78,-1,-1,0
2257,T40,OTHER,78,2,36,39,-1,-1,04T40@2,BUYER,0,78,-1,-1,3
2277,OTHER,T35,78,2,10,39,-1,-1,SELLER,01T35@0,0,78,-1,-1,0
2256,T40,OTHER,78,1,36,39,-1,-1,04T40@2,BUYER,0,78,-1,-1,3
2254,T35,OTHER,78,2,36,39,-1,-1,05T35@2,BUYER,0,78,-1,-1,3
2260,T35,OTHER,78,1,36,39,-1,-1,05T35@2,BUYER,0,78,-1,-1,3
2278,T35,OTHER,78,1,36,39,-1,-1,05T35@2,BUYER,0,78,-1,-1,3
2274,OTHER,T35,78,1,10,39,-1,-1,SELLER,01T35@0,0,78,-1,-1,0
2261,OTHER,T35,78,3,10,39,-1,-1,SELLER,01T35@0,0,78,-1,-1,0
2280,T35,OTHER,78,1,36,39,-1,-1,05T35@2,BUYER,0,78,-1,-1,3
2279,T35,OTHER,78,3,36,39,-1,-1,05T35@2,BUYER,0,78,-1,-1,3
2258,OTHER,T35,78,1,10,39,-1,-1,SELLER,01T35@0,0,78,-1,-1,0
2263,OTHER,T35,78,2,10,39,-1,-1,SELLER,01T35@0,0,78,-1,-1,0
2273,OTHER,T35,78,2,10,39,-1,-1,SELLER,01T35@0,0,78,-1,-1,0
2272,OTHER,T16,78,1,10,39,-1,-1,SELLER,00T16@0,0,78,-1,-1,0
2265,T35,OTHER,78,1,36,39,-1,-1,05T35@2,BUYER,0,78,-1,-1,3
2266,OTHER,T16,78,2,10,39,-1,-1,SELLER,00T16@0,0,78,-1,-1,0
2269,OTHER,T16,78,4,10,39,-1,-1,SELLER,00T16@0,0,78,-1,-1,0
2281,T40,OTHER,78,3,36,-1,-1,-1,04T40@2,BUYER,0,-1,-1,-1,3
2270,T40,OTHER,78,1,36,39,-1,-1,04T40@2,BUYER,0,78,-1,-1,3
2262,T35,OTHER,78,2,36,39,-1,-1,05T35@2,BUYER,0,78,-1,-1,3
2275,T35,OTHER,78,2,36,39,-1,-1,05T35@2,BUYER,0,78,-1,-1,3
2282,OTHER,T16,79,1,10,40,-1,-1,SELLER,00T16@0,0,79,-1,-1,0
2288,OTHER,T35,79,3,10,40,-1,-1,SELLER,01T35@0,0,79,-1,-1,0
2287,T35,OTHER,79,1,36,40,-1,-1,05T35@2,BUYER,0,79,-1,-1,3
2286,OTHER,T16,79,2,10,40,-1,-1,SELLER,00T16@0,0,79,-1,-1,0
2292,T40,OTHER,79,1,36,40,-1,-1,04T40@2,BUYER,0,79,-1,-1,3
2295,OTHER,T35,79,4,10,40,-1,-1,SELLER,01T35@0,0,79,-1,-1,0
2285,OTHER,T16,79,2,10,40,-1,-1,SELLER,00T16@0,0,79,-1,-1,0
2284,OTHER,T16,79,2,10,40,-1,-1,SELLER,00T16@0,0,79,-1,-1,0
2294,T35,OTHER,79,1,36,40,-1,-1,05T35@2,BUYER,0,79,-1,-1,3
2293,T35,OTHER,79,1,36,40,-1,-1,05T35@2,BUYER,0,79,-1,-1,3
2290,OTHER,T35,79,2,10,40,-1,-1,SELLER,01T35@0,0,79,-1,-1,0
2289,T40,OTHER,79,3,36,40,-1,-1,04T40@2,BUYER,0,79,-1,-1,3
2309,T40,OTHER,79,1,36,-1,-1,-1,04T40@2,BUYER,0,-1,-1,-1,3
2298,T40,OTHER,79,1,36,40,-1,-1,04T40@2,BUYER,0,79,-1,-1,3
2296,T40,OTHER,79,1,36,40,-1,-1,04T40@2,BUYER,0,79,-1,-1,3
2308,T40,OTHER,79,1,36,-1,-1,-1,04T40@2,BUYER,0,-1,-1,-1,3
2307,T40,OTHER,79,2,36,-1,-1,-1,04T40@2,BUYER,0,-1,-1,-1,3
2306,T40,OTHER,79,1,36,-1,-1,-1,04T40@2,BUYER,0,-1,-1,-1,3
2291,OTHER,T35,79,2,10,40,-1,-1,SELLER,01T35@0,0,79,-1,-1,0
2302,OTHER,T35,79,2,10,40,-1,-1,SELLER,01T35@0,0,79,-1,-1,0
2299,T35,OTHER,79,4,36,40,-1,-1,05T35@2,BUYER,0,79,-1,-1,3
2303,T35,OTHER,79,2,36,40,-1,-1,05T35@2,BUYER,0,79,-1,-1,3
2328,T35,OTHER,80,1,36,41,-1,-1,05T35@2,BUYER,0,80,-1,-1,3
2321,OTHER,T35,80,2,10,41,-1,-1,SELLER,01T35@0,0,80,-1,-1,0
2319,T35,OTHER,80,2,36,41,-1,-1,05T35@2,BUYER,0,80,-1,-1,3
2318,T40,OTHER,80,1,36,41,-1,-1,04T40@2,BUYER,0,80,-1,-1,3
2315,OTHER,T35,80,1,10,41,-1,-1,SELLER,01T35@0,0,80,-1,-1,0
2314,OTHER,T35,80,2,10,41,-1,-1,SELLER,01T35@0,0,80,-1,-1,0
2313,T40,OTHER,80,1,36,41,-1,-1,04T40@2,BUYER,0,80,-1,-1,3
2325,OTHER,T35,80,1,10,41,-1,-1,SELLER,01T35@0,0,80,-1,-1,0
2329,OTHER,T35,80,1,10,41,-1,-1,SELLER,01T35@0,0,80,-1,-1,0
2330,T35,OTHER,80,2,36,41,-1,-1,05T35@2,BUYER,0,80,-1,-1,3
2310,OTHER,T16,80,5,10,41,-1,-1,SELLER,00T16@0,0,80,-1,-1,0
2326,OTHER,T35,80,1,10,41,-1,-1,SELLER,01T35@0,0,80,-1,-1,0
2327,T40,OTHER,80,1,36,41,-1,-1,04T40@2,BUYER,0,80,-1,-1,3
2312,OTHER,T35,80,1,10,41,-1,-1,SELLER,01T35@0,0,80,-1,-1,0
2311,T40,OTHER,80,2,36,41,-1,-1,04T40@2,BUYER,0,80,-1,-1,3
2324,T35,OTHER,80,1,36,41,-1,-1,05T35@2,BUYER,0,80,-1,-1,3
2335,T35,OTHER,80,5,36,41,-1,-1,05T35@2,BUYER,0,80,-1,-1,3
2336,T40,OTHER,80,2,36,-1,-1,-1,04T40@2,BUYER,0,-1,-1,-1,3
2337,T40,OTHER,80,2,36,-1,-1,-1,04T40@2,BUYER,0,-1,-1,-1,3
2322,OTHER,T35,80,3,10,41,-1,-1,SELLER,01T35@0,0,80,-1,-1,0
2334,OTHER,T16,80,3,10,41,-1,-1,SELLER,00T16@0,0,80,-1,-1,0
2367,T40,OTHER,81,1,36,-1,-1,-1,04T40@2,BUYER,0,-1,-1,-1,3
2366,T40,OTHER,81,2,36,-1,-1,-1,04T40@2,BUYER,0,-1,-1,-1,3
2365,T40,OTHER,81,2,36,-1,-1,-1,04T40@2,BUYER,0,-1,-1,-1,3
2364,T40,OTHER,81,2,36,-1,-1,-1,04T40@2,BUYER,0,-1,-1,-1,3
2363,T40,OTHER,81,1,36,-1,-1,-1,04T40@2,BUYER,0,-1,-1,-1,3
2362,T40,OTHER,81,2,36,-1,-1,-1,04T40@2,BUYER,0,-1,-1,-1,3
2361,T40,OTHER,81,1,36,-1,-1,-1,04T40@2,BUYER,0,-1,-1,-1,3
2359,OTHER,T16,81,3,10,42,-1,-1,SELLER,00T16@0,0,81,-1,-1,0
2357,T35,OTHER,81,2,36,42,-1,-1,05T35@2,BUYER,0,81,-1,-1,3
2355,T35,OTHER,81,1,36,42,-1,-1,05T35@2,BUYER,0,81,-1,-1,3
2351,OTHER,T35,81,1,10,42,-1,-1,SELLER,01T35@0,0,81,-1,-1,0
2350,OTHER,T35,81,2,10,42,-1,-1,SELLER,01T35@0,0,81,-1,-1,0
2348,OTHER,T35,81,1,10,42,-1,-1,SELLER,01T35@0,0,81,-1,-1,0
2347,OTHER,T35,81,4,10,42,-1,-1,SELLER,01T35@0,0,81,-1,-1,0
2345,T35,OTHER,81,1,36,42,-1,-1,05T35@2,BUYER,0,81,-1,-1,3
2344,T35,OTHER,81,1,36,42,-1,-1,05T35@2,BUYER,0,81,-1,-1,3
2343,OTHER,T35,81,1,10,42,-1,-1,SELLER,01T35@0,0,81,-1,-1,0
2341,OTHER,T16,81,1,10,42,-1,-1,SELLER,00T16@0,0,81,-1,-1,0
2340,T35,OTHER,81,4,36,42,-1,-1,05T35@2,BUYER,0,81,-1,-1,3
2339,OTHER,T35,81,2,10,42,-1,-1,SELLER,01T35@0,0,81,-1,-1,0
2338,OTHER,T35,81,1,10,42,-1,-1,SELLER,01T35@0,0,81,-1,-1,0
2353,OTHER,T16,81,2,10,42,-1,-1,SELLER,00T16@0,0,81,-1,-1,0
2349,OTHER,T16,81,2,10,42,-1,-1,SELLER,00T16@0,0,81,-1,-1,0
2376,OTHER,T35,82,1,10,43,-1,-1,SELLER,01T35@0,0,82,-1,-1,0
2377,T35,OTHER,82,1,36,43,-1,-1,05T35@2,BUYER,0,82,-1,-1,3
2393,T40,OTHER,82,3,36,-1,-1,-1,04T40@2,BUYER,0,-1,-1,-1,3
2368,OTHER,T16,82,2,10,43,-1,-1,SELLER,00T16@0,0,82,-1,-1,0
2398,T40,OTHER,82,1,36,-1,-1,-1,04T40@2,BUYER,0,-1,-1,-1,3
2397,T40,OTHER,82,1,36,-1,-1,-1,04T40@2,BUYER,0,-1,-1,-1,3
2396,T40,OTHER,82,1,36,-1,-1,-1,04T40@2,BUYER,0,-1,-1,-1,3
2395,T40,OTHER,82,2,36,-1,-1,-1,04T40@2,BUYER,0,-1,-1,-1,3
2394,T40,OTHER,82,2,36,-1,-1,-1,04T40@2,BUYER,0,-1,-1,-1,3
2392,T40,OTHER,82,2,36,-1,-1,-1,04T40@2,BUYER,0,-1,-1,-1,3
2391,OTHER,T16,82,3,10,43,-1,-1,SELLER,00T16@0,0,82,-1,-1,0
2389,OTHER,T35,82,2,10,43,-1,-1,SELLER,01T35@0,0,82,-1,-1,0
2370,OTHER,T35,82,3,10,43,-1,-1,SELLER,01T35@0,0,82,-1,-1,0
2369,OTHER,T35,82,1,10,43,-1,-1,SELLER,01T35@0,0,82,-1,-1,0
2386,OTHER,T35,82,1,10,43,-1,-1,SELLER,01T35@0,0,82,-1,-1,0
2385,OTHER,T35,82,1,10,43,-1,-1,SELLER,01T35@0,0,82,-1,-1,0
2372,OTHER,T16,82,2,10,43,-1,-1,SELLER,00T16@0,0,82,-1,-1,0
2383,T35,OTHER,82,2,36,43,-1,-1,05T35@2,BUYER,0,82,-1,-1,3
2382,T35,OTHER,82,1,36,43,-1,-1,05T35@2,BUYER,0,82,-1,-1,3
2381,T35,OTHER,82,2,36,43,-1,-1,05T35@2,BUYER,0,82,-1,-1,3
2373,OTHER,T35,82,1,10,43,-1,-1,SELLER,01T35@0,0,82,-1,-1,0
2379,OTHER,T16,82,1,10,43,-1,-1,SELLER,00T16@0,0,82,-1,-1,0
2374,OTHER,T16,82,2,10,43,-1,-1,SELLER,00T16@0,0,82,-1,-1,0
2371,T35,OTHER,82,2,36,43,-1,-1,05T35@2,BUYER,0,82,-1,-1,3
2421,T35,OTHER,83,3,36,44,-1,-1,05T35@2,BUYER,0,83,-1,-1,3
2417,OTHER,T16,83,2,10,44,-1,-1,SELLER,00T16@0,0,83,-1,-1,0
2418,T40,OTHER,83,1,36,44,-1,-1,04T40@2,BUYER,0,83,-1,-1,3
2420,OTHER,T35,83,2,10,44,-1,-1,SELLER,01T35@0,0,83,-1,-1,0
2422,T35,OTHER,83,2,36,44,-1,-1,05T35@2,BUYER,0,83,-1,-1,3
2419,OTHER,T16,83,2,10,44,-1,-1,SELLER,00T16@0,0,83,-1,-1,0
2426,OTHER,T16,83,2,10,44,-1,-1,SELLER,00T16@0,0,83,-1,-1,0
2427,T40,OTHER,83,2,36,-1,-1,-1,04T40@2,BUYER,0,-1,-1,-1,3
2428,T40,OTHER,83,2,36,-1,-1,-1,04T40@2,BUYER,0,-1,-1,-1,3
2416,T40,OTHER,83,2,36,44,-1,-1,04T40@2,BUYER,0,83,-1,-1,3
2423,OTHER,T35,83,2,10,44,-1,-1,SELLER,01T35@0,0,83,-1,-1,0
2415,T35,OTHER,83,2,36,44,-1,-1,05T35@2,BUYER,0,83,-1,-1,3
2405,T35,OTHER,83,1,36,44,-1,-1,05T35@2,BUYER,0,83,-1,-1,3
2411,T35,OTHER,83,1,36,44,-1,-1,05T35@2,BUYER,0,83,-1,-1,3
2400,T40,OTHER,83,1,36,44,-1,-1,04T40@2,BUYER,0,83,-1,-1,3
2414,OTHER,T16,83,2,10,44,-1,-1,SELLER,00T16@0,0,83,-1,-1,0
2403,OTHER,T35,83,1,10,44,-1,-1,SELLER,01T35@0,0,83,-1,-1,0
2404,OTHER,T35,83,2,10,44,-1,-1,SELLER,01T35@0,0,83,-1,-1,0
2402,OTHER,T16,83,1,10,44,-1,-1,SELLER,00T16@0,0,83,-1,-1,0
2408,T40,OTHER,83,2,36,44,-1,-1,04T40@2,BUYER,0,83,-1,-1,3
2409,OTHER,T35,83,3,10,44,-1,-1,SELLER,01T35@0,0,83,-1,-1,0
2410,T35,OTHER,83,1,36,44,-1,-1,05T35@2,BUYER,0,83,-1,-1,3
2406,OTHER,T16,83,1,10,44,-1,-1,SELLER,00T16@0,0,83,-1,-1,0
2442,T40,OTHER,84,1,36,45,-1,-1,04T40@2,BUYER,0,84,-1,-1,3
2454,T35,OTHER,84,2,36,45,-1,-1,05T35@2,BUYER,0,84,-1,-1,3
2452,OTHER,T35,84,1,10,45,-1,-1,SELLER,01T35@0,0,84,-1,-1,0
2451,OTHER,T16,84,1,10,45,-1,-1,SELLER,00T16@0,0,84,-1,-1,0
2450,OTHER,T16,84,2,10,45,-1,-1,SELLER,00T16@0,0,84,-1,-1,0
2449,T40,OTHER,84,2,36,45,-1,-1,04T40@2,BUYER,0,84,-1,-1,3
2448,T35,OTHER,84,3,36,45,-1,-1,05T35@2,BUYER,0,84,-1,-1,3
2447,T40,OTHER,84,1,36,45,-1,-1,04T40@2,BUYER,0,84,-1,-1,3
2445,OTHER,T16,84,2,10,45,-1,-1,SELLER,00T16@0,0,84,-1,-1,0
2441,T35,OTHER,84,3,36,45,-1,-1,05T35@2,BUYER,0,84,-1,-1,3
2440,OTHER,T35,84,4,10,45,-1,-1,SELLER,01T35@0,0,84,-1,-1,0
2439,OTHER,T35,84,4,10,45,-1,-1,SELLER,01T35@0,0,84,-1,-1,0
2438,T40,OTHER,84,1,36,45,-1,-1,04T40@2,BUYER,0,84,-1,-1,3
2437,OTHER,T16,84,1,10,45,-1,-1,SELLER,00T16@0,0,84,-1,-1,0
2436,T35,OTHER,84,4,36,45,-1,-1,05T35@2,BUYER,0,84,-1,-1,3
2434,T35,OTHER,84,1,36,45,-1,-1,05T35@2,BUYER,0,84,-1,-1,3
2433,T40,OTHER,84,2,36,45,-1,-1,04T40@2,BUYER,0,84,-1,-1,3
2431,OTHER,T16,84,3,10,45,-1,-1,SELLER,00T16@0,0,84,-1,-1,0
2430,OTHER,T16,84,1,10,45,-1,-1,SELLER,00T16@0,0,84,-1,-1,0
2429,OTHER,T35,84,1,10,45,-1,-1,SELLER,01T35@0,0,84,-1,-1,0
2473,OTHER,T16,85,1,10,46,-1,-1,SELLER,00T16@0,0,85,-1,-1,0
2474,OTHER,T35,85,2,10,46,-1,-1,SELLER,01T35@0,0,85,-1,-1,0
2476,OTHER,T35,85,2,10,46,-1,-1,SELLER,01T35@0,0,85,-1,-1,0
2477,OTHER,T35,85,1,10,46,-1,-1,SELLER,01T35@0,0,85,-1,-1,0
2478,OTHER,T35,85,2,10,46,-1,-1,SELLER,01T35@0,0,85,-1,-1,0
2472,T35,OTHER,85,1,36,46,-1,-1,05T35@2,BUYER,0,85,-1,-1,3
2481,OTHER,T35,85,1,10,46,-1,-1,SELLER,01T35@0,0,85,-1,-1,0
2482,T40,OTHER,85,1,36,46,-1,-1,04T40@2,BUYER,0,85,-1,-1,3
2483,OTHER,T16,85,2,10,46,-1,-1,SELLER,00T16@0,0,85,-1,-1,0
2485,T40,OTHER,85,4,36,-1,-1,-1,04T40@2,BUYER,0,-1,-1,-1,3
2484,OTHER,T16,85,1,10,46,-1,-1,SELLER,00T16@0,0,85,-1,-1,0
2479,T35,OTHER,85,1,36,46,-1,-1,05T35@2,BUYER,0,85,-1,-1,3
2470,OTHER,T35,85,1,10,46,-1,-1,SELLER,01T35@0,0,85,-1,-1,0
2475,OTHER,T16,85,1,10,46,-1,-1,SELLER,00T16@0,0,85,-1,-1,0
2466,T35,OTHER,85,2,36,46,-1,-1,05T35@2,BUYER,0,85,-1,-1,3
2468,T40,OTHER,85,3,36,46,-1,-1,04T40@2,BUYER,0,85,-1,-1,3
2457,T40,OTHER,85,1,36,46,-1,-1,04T40@2,BUYER,0,85,-1,-1,3
2458,T35,OTHER,85,3,36,46,-1,-1,05T35@2,BUYER,0,85,-1,-1,3
2461,OTHER,T35,85,2,10,46,-1,-1,SELLER,01T35@0,0,85,-1,-1,0
2462,T40,OTHER,85,1,36,46,-1,-1,04T40@2,BUYER,0,85,-1,-1,3
2459,OTHER,T16,85,2,10,46,-1,-1,SELLER,00T16@0,0,85,-1,-1,0
2463,T35,OTHER,85,3,36,46,-1,-1,05T35@2,BUYER,0,85,-1,-1,3
2464,OTHER,T16,85,2,10,46,-1,-1,SELLER,00T16@0,0,85,-1,-1,0
2503,T35,OTHER,86,1,36,47,-1,-1,05T35@2,BUYER,0,86,-1,-1,3
2489,T40,OTHER,86,2,36,47,-1,-1,04T40@2,BUYER,0,86,-1,-1,3
2497,T40,OTHER,86,1,36,47,-1,-1,04T40@2,BUYER,0,86,-1,-1,3
2495,OTHER,T16,86,4,10,47,-1,-1,SELLER,00T16@0,0,86,-1,-1,0
2502,T35,OTHER,86,1,36,47,-1,-1,05T35@2,BUYER,0,86,-1,-1,3
2493,T35,OTHER,86,1,36,47,-1,-1,05T35@2,BUYER,0,86,-1,-1,3
2490,OTHER,T16,86,1,10,47,-1,-1,SELLER,00T16@0,0,86,-1,-1,0
2498,OTHER,T16,86,2,10,47,-1,-1,SELLER,00T16@0,0,86,-1,-1,0
2504,OTHER,T35,86,1,10,47,-1,-1,SELLER,01T35@0,0,86,-1,-1,0
2488,OTHER,T35,86,3,10,47,-1,-1,SELLER,01T35@0,0,86,-1,-1,0
2516,OTHER,T35,86,1,10,47,-1,-1,SELLER,01T35@0,0,86,-1,-1,0
2486,OTHER,T16,86,2,10,47,-1,-1,SELLER,00T16@0,0,86,-1,-1,0
2500,T35,OTHER,86,3,36,47,-1,-1,05T35@2,BUYER,0,86,-1,-1,3
2506,T35,OTHER,86,1,36,47,-1,-1,05T35@2,BUYER,0,86,-1,-1,3
2508,OTHER,T16,86,1,10,47,-1,-1,SELLER,00T16@0,0,86,-1,-1,0
2510,OTHER,T35,86,1,10,47,-1,-1,SELLER,01T35@0,0,86,-1,-1,0
2515,OTHER,T16,86,2,10,47,-1,-1,SELLER,00T16@0,0,86,-1,-1,0
2514,T35,OTHER,86,3,36,47,-1,-1,05T35@2,BUYER,0,86,-1,-1,3
2511,T35,OTHER,86,4,36,47,-1,-1,05T35@2,BUYER,0,86,-1,-1,3
2513,T40,OTHER,86,1,36,47,-1,-1,04T40@2,BUYER,0,86,-1,-1,3
2512,OTHER,T16,86,1,10,47,-1,-1,SELLER,00T16@0,0,86,-1,-1,0
2487,T40,OTHER,86,2,36,47,-1,-1,04T40@2,BUYER,0,86,-1,-1,3
2501,OTHER,T16,86,1,10,47,-1,-1,SELLER,00T16@0,0,86,-1,-1,0
2537,T40,OTHER,87,1,36,48,-1,-1,04T40@2,BUYER,0,87,-1,-1,3
2538,OTHER,T35,87,1,10,48,-1,-1,SELLER,01T35@0,0,87,-1,-1,0
2518,T40,OTHER,87,2,36,48,-1,-1,04T40@2,BUYER,0,87,-1,-1,3
2525,OTHER,T16,87,1,10,48,-1,-1,SELLER,00T16@0,0,87,-1,-1,0
2529,T35,OTHER,87,2,36,48,-1,-1,05T35@2,BUYER,0,87,-1,-1,3
2530,OTHER,T16,87,2,10,48,-1,-1,SELLER,00T16@0,0,87,-1,-1,0
2531,OTHER,T16,87,2,10,48,-1,-1,SELLER,00T16@0,0,87,-1,-1,0
2532,T35,OTHER,87,2,36,48,-1,-1,05T35@2,BUYER,0,87,-1,-1,3
2524,OTHER,T35,87,2,10,48,-1,-1,SELLER,01T35@0,0,87,-1,-1,0
2519,OTHER,T16,87,1,10,48,-1,-1,SELLER,00T16@0,0,87,-1,-1,0
2528,OTHER,T35,87,2,10,48,-1,-1,SELLER,01T35@0,0,87,-1,-1,0
2522,OTHER,T16,87,2,10,48,-1,-1,SELLER,00T16@0,0,87,-1,-1,0
2533,T35,OTHER,87,1,36,48,-1,-1,05T35@2,BUYER,0,87,-1,-1,3
2520,OTHER,T16,87,2,10,48,-1,-1,SELLER,00T16@0,0,87,-1,-1,0
2548,T35,OTHER,87,2,36,48,-1,-1,05T35@2,BUYER,0,87,-1,-1,3
2536,OTHER,T35,87,1,10,48,-1,-1,SELLER,01T35@0,0,87,-1,-1,0
2540,OTHER,T35,87,1,10,48,-1,-1,SELLER,01T35@0,0,87,-1,-1,0
2541,T40,OTHER,87,1,36,48,-1,-1,04T40@2,BUYER,0,87,-1,-1,3
2542,T35,OTHER,87,1,36,48,-1,-1,05T35@2,BUYER,0,87,-1,-1,3
2549,T40,OTHER,87,2,36,48,-1,-1,04T40@2,BUYER,0,87,-1,-1,3
2535,OTHER,T35,87,1,10,48,-1,-1,SELLER,01T35@0,0,87,-1,-1,0
2526,T35,OTHER,87,2,36,48,-1,-1,05T35@2,BUYER,0,87,-1,-1,3
2534,T40,OTHER,87,1,36,48,-1,-1,04T40@2,BUYER,0,87,-1,-1,3
2545,OTHER,T35,87,2,10,48,-1,-1,SELLER,01T35@0,0,87,-1,-1,0
2546,T35,OTHER,87,2,36,48,-1,-1,05T35@2,BUYER,0,87,-1,-1,3
2547,T35,OTHER,87,1,36,48,-1,-1,05T35@2,BUYER,0,87,-1,-1,3
2577,OTHER,T35,88,3,10,49,-1,-1,SELLER,01T35@0,0,88,-1,-1,0
2575,T35,OTHER,88,1,36,49,-1,-1,05T35@2,BUYER,0,88,-1,-1,3
2574,T35,OTHER,88,2,36,49,-1,-1,05T35@2,BUYER,0,88,-1,-1,3
2573,OTHER,T16,88,1,10,49,-1,-1,SELLER,00T16@0,0,88,-1,-1,0
2572,T40,OTHER,88,2,36,49,-1,-1,04T40@2,BUYER,0,88,-1,-1,3
2581,T40,OTHER,88,2,36,49,-1,-1,04T40@2,BUYER,0,88,-1,-1,3
2580,OTHER,T16,88,1,10,49,-1,-1,SELLER,00T16@0,0,88,-1,-1,0
2576,T40,OTHER,88,1,36,49,-1,-1,04T40@2,BUYER,0,88,-1,-1,3
2579,T35,OTHER,88,3,36,49,-1,-1,05T35@2,BUYER,0,88,-1,-1,3
2567,T35,OTHER,88,1,36,49,-1,-1,05T35@2,BUYER,0,88,-1,-1,3
2554,OTHER,T35,88,1,10,49,-1,-1,SELLER,01T35@0,0,88,-1,-1,0
2569,OTHER,T35,88,1,10,49,-1,-1,SELLER,01T35@0,0,88,-1,-1,0
2553,T35,OTHER,88,1,36,49,-1,-1,05T35@2,BUYER,0,88,-1,-1,3
2552,OTHER,T16,88,2,10,49,-1,-1,SELLER,00T16@0,0,88,-1,-1,0
2556,OTHER,T35,88,3,10,49,-1,-1,SELLER,01T35@0,0,88,-1,-1,0
2558,T40,OTHER,88,1,36,49,-1,-1,04T40@2,BUYER,0,88,-1,-1,3
2555,T35,OTHER,88,1,36,49,-1,-1,05T35@2,BUYER,0,88,-1,-1,3
2566,OTHER,T16,88,4,10,49,-1,-1,SELLER,00T16@0,0,88,-1,-1,0
2551,T35,OTHER,88,2,36,49,-1,-1,05T35@2,BUYER,0,88,-1,-1,3
2564,OTHER,T35,88,2,10,49,-1,-1,SELLER,01T35@0,0,88,-1,-1,0
2560,OTHER,T16,88,2,10,49,-1,-1,SELLER,00T16@0,0,88,-1,-1,0
2562,T40,OTHER,88,1,36,49,-1,-1,04T40@2,BUYER,0,88,-1,-1,3
2559,T35,OTHER,88,2,36,49,-1,-1,05T35@2,BUYER,0,88,-1,-1,3
2582,OTHER,T35,89,2,10,50,-1,-1,SELLER,01T35@0,0,89,-1,-1,0
2599,OTHER,T16,89,2,10,50,-1,-1,SELLER,00T16@0,0,89,-1,-1,0
2598,T40,OTHER,89,1,36,50,-1,-1,04T40@2,BUYER,0,89,-1,-1,3
2597,OTHER,T16,89,2,10,50,-1,-1,SELLER,00T16@0,0,89,-1,-1,0
2595,OTHER,T16,89,2,10,50,-1,-1,SELLER,00T16@0,0,89,-1,-1,0
2594,OTHER,T16,89,1,10,50,-1,-1,SELLER,00T16@0,0,89,-1,-1,0
2592,OTHER,T16,89,1,10,50,-1,-1,SELLER,00T16@0,0,89,-1,-1,0
2591,T35,OTHER,89,2,36,50,-1,-1,05T35@2,BUYER,0,89,-1,-1,3
2590,T40,OTHER,89,3,36,50,-1,-1,04T40@2,BUYER,0,89,-1,-1,3
2589,T35,OTHER,89,2,36,50,-1,-1,05T35@2,BUYER,0,89,-1,-1,3
2601,T40,OTHER,89,1,36,50,-1,-1,04T40@2,BUYER,0,89,-1,-1,3
2587,OTHER,T35,89,1,10,50,-1,-1,SELLER,01T35@0,0,89,-1,-1,0
2586,OTHER,T35,89,1,10,50,-1,-1,SELLER,01T35@0,0,89,-1,-1,0
2584,OTHER,T35,89,2,10,50,-1,-1,SELLER,01T35@0,0,89,-1,-1,0
2583,OTHER,T35,89,2,10,50,-1,-1,SELLER,01T35@0,0,89,-1,-1,0
2593,OTHER,T35,89,2,10,50,-1,-1,SELLER,01T35@0,0,89,-1,-1,0
2588,T35,OTHER,89,3,36,50,-1,-1,05T35@2,BUYER,0,89,-1,-1,3
2608,T40,OTHER,89,4,36,-1,-1,-1,04T40@2,BUYER,0,-1,-1,-1,3
2605,T40,OTHER,89,1,36,50,-1,-1,04T40@2,BUYER,0,89,-1,-1,3
2606,T35,OTHER,89,3,36,50,-1,-1,05T35@2,BUYER,0,89,-1,-1,3
2604,OTHER,T16,89,2,10,50,-1,-1,SELLER,00T16@0,0,89,-1,-1,0
2635,T40,OTHER,90,1,36,-1,-1,-1,04T40@2,BUYER,0,-1,-1,-1,3
2634,T40,OTHER,90,4,36,-1,-1,-1,04T40@2,BUYER,0,-1,-1,-1,3
2633,T40,OTHER,90,2,36,-1,-1,-1,04T40@2,BUYER,0,-1,-1,-1,3
2629,OTHER,T16,90,3,10,51,-1,-1,SELLER,00T16@0,0,90,-1,-1,0
2627,OTHER,T35,90,1,10,51,-1,-1,SELLER,01T35@0,0,90,-1,-1,0
2626,OTHER,T35,90,1,10,51,-1,-1,SELLER,01T35@0,0,90,-1,-1,0
2625,T35,OTHER,90,4,36,51,-1,-1,05T35@2,BUYER,0,90,-1,-1,3
2624,OTHER,T35,90,2,10,51,-1,-1,SELLER,01T35@0,0,90,-1,-1,0
2623,OTHER,T35,90,1,10,51,-1,-1,SELLER,01T35@0,0,90,-1,-1,0
2621,OTHER,T16,90,2,10,51,-1,-1,SELLER,00T16@0,0,90,-1,-1,0
2618,OTHER,T35,90,5,10,51,-1,-1,SELLER,01T35@0,0,90,-1,-1,0
2617,OTHER,T35,90,1,10,51,-1,-1,SELLER,01T35@0,0,90,-1,-1,0
2616,OTHER,T35,90,2,10,51,-1,-1,SELLER,01T35@0,0,90,-1,-1,0
2615,T35,OTHER,90,1,36,51,-1,-1,05T35@2,BUYER,0,90,-1,-1,3
2614,T40,OTHER,90,2,36,51,-1,-1,04T40@2,BUYER,0,90,-1,-1,3
2612,T35,OTHER,90,2,36,51,-1,-1,05T35@2,BUYER,0,90,-1,-1,3
2610,T40,OTHER,90,1,36,51,-1,-1,04T40@2,BUYER,0,90,-1,-1,3
2609,T40,OTHER,90,1,36,51,-1,-1,04T40@2,BUYER,0,90,-1,-1,3
2620,T35,OTHER,90,2,36,51,-1,-1,05T35@2,BUYER,0,90,-1,-1,3
2632,OTHER,T16,90,2,10,51,-1,-1,SELLER,00T16@0,0,90,-1,-1,0
2649,T35,OTHER,91,4,36,52,-1,-1,05T35@2,BUYER,0,91,-1,-1,3
2659,OTHER,T35,91,2,10,52,-1,-1,SELLER,01T35@0,0,91,-1,-1,0
2650,OTHER,T35,91,4,10,52,-1,-1,SELLER,01T35@0,0,91,-1,-1,0
2641,OTHER,T35,91,1,10,52,-1,-1,SELLER,01T35@0,0,91,-1,-1,0
2663,T40,OTHER,91,2,36,-1,-1,-1,04T40@2,BUYER,0,-1,-1,-1,3
2640,OTHER,T35,91,1,10,52,-1,-1,SELLER,01T35@0,0,91,-1,-1,0
2662,T40,OTHER,91,1,36,-1,-1,-1,04T40@2,BUYER,0,-1,-1,-1,3
2639,T40,OTHER,91,1,36,52,-1,-1,04T40@2,BUYER,0,91,-1,-1,3
2661,T40,OTHER,91,1,36,-1,-1,-1,04T40@2,BUYER,0,-1,-1,-1,3
2642,T35,OTHER,91,1,36,52,-1,-1,05T35@2,BUYER,0,91,-1,-1,3
2658,OTHER,T16,91,1,10,52,-1,-1,SELLER,00T16@0,0,91,-1,-1,0
2645,T40,OTHER,91,2,36,52,-1,-1,04T40@2,BUYER,0,91,-1,-1,3
2647,OTHER,T35,91,1,10,52,-1,-1,SELLER,01T35@0,0,91,-1,-1,0
2638,T40,OTHER,91,3,36,52,-1,-1,04T40@2,BUYER,0,91,-1,-1,3
2648,T35,OTHER,91,2,36,52,-1,-1,05T35@2,BUYER,0,91,-1,-1,3
2654,OTHER,T16,91,2,10,52,-1,-1,SELLER,00T16@0,0,91,-1,-1,0
2637,T35,OTHER,91,2,36,52,-1,-1,05T35@2,BUYER,0,91,-1,-1,3
2653,T35,OTHER,91,1,36,52,-1,-1,05T35@2,BUYER,0,91,-1,-1,3
2636,OTHER,T35,91,1,10,52,-1,-1,SELLER,01T35@0,0,91,-1,-1,0
2652,OTHER,T35,91,3,10,52,-1,-1,SELLER,01T35@0,0,91,-1,-1,0
2657,OTHER,T35,91,4,10,52,-1,-1,SELLER,01T35@0,0,91,-1,-1,0
2665,T40,OTHER,92,1,36,53,-1,-1,04T40@2,BUYER,0,92,-1,-1,3
2664,OTHER,T16,92,1,10,53,-1,-1,SELLER,00T16@0,0,92,-1,-1,0
2666,T35,OTHER,92,2,36,53,-1,-1,05T35@2,BUYER,0,92,-1,-1,3
2691,T40,OTHER,92,3,36,-1,-1,-1,04T40@2,BUYER,0,-1,-1,-1,3
2668,OTHER,T16,92,2,10,53,-1,-1,SELLER,00T16@0,0,92,-1,-1,0
2690,T35,OTHER,92,1,36,53,-1,-1,05T35@2,BUYER,0,92,-1,-1,3
2687,OTHER,T35,92,2,10,53,-1,-1,SELLER,01T35@0,0,92,-1,-1,0
2685,OTHER,T35,92,2,10,53,-1,-1,SELLER,01T35@0,0,92,-1,-1,0
2684,T35,OTHER,92,1,36,53,-1,-1,05T35@2,BUYER,0,92,-1,-1,3
2682,T35,OTHER,92,2,36,53,-1,-1,05T35@2,BUYER,0,92,-1,-1,3
2681,T35,OTHER,92,2,36,53,-1,-1,05T35@2,BUYER,0,92,-1,-1,3
2667,OTHER,T16,92,1,10,53,-1,-1,SELLER,00T16@0,0,92,-1,-1,0
2680,OTHER,T35,92,2,10,53,-1,-1,SELLER,01T35@0,0,92,-1,-1,0
2678,OTHER,T16,92,3,10,53,-1,-1,SELLER,00T16@0,0,92,-1,-1,0
2677,OTHER,T16,92,2,10,53,-1,-1,SELLER,00T16@0,0,92,-1,-1,0
2675,OTHER,T16,92,2,10,53,-1,-1,SELLER,00T16@0,0,92,-1,-1,0
2673,T35,OTHER,92,3,36,53,-1,-1,05T35@2,BUYER,0,92,-1,-1,3
2672,T40,OTHER,92,2,36,53,-1,-1,04T40@2,BUYER,0,92,-1,-1,3
2669,T35,OTHER,92,3,36,53,-1,-1,05T35@2,BUYER,0,92,-1,-1,3
2679,OTHER,T35,92,2,10,53,-1,-1,SELLER,01T35@0,0,92,-1,-1,0
2670,OTHER,T16,92,1,10,53,-1,-1,SELLER,00T16@0,0,92,-1,-1,0
2698,OTHER,T16,93,1,10,54,-1,-1,SELLER,00T16@0,0,93,-1,-1,0
2722,T40,OTHER,93,2,36,-1,-1,-1,04T40@2,BUYER,0,-1,-1,-1,3
2721,T40,OTHER,93,2,36,-1,-1,-1,04T40@2,BUYER,0,-1,-1,-1,3
2720,T40,OTHER,93,1,36,-1,-1,-1,04T40@2,BUYER,0,-1,-1,-1,3
2719,T40,OTHER,93,2,36,-1,-1,-1,04T40@2,BUYER,0,-1,-1,-1,3
2718,OTHER,T16,93,1,10,54,-1,-1,SELLER,00T16@0,0,93,-1,-1,0
2716,T35,OTHER,93,1,36,54,-1,-1,05T35@2,BUYER,0,93,-1,-1,3
2715,OTHER,T35,93,1,10,54,-1,-1,SELLER,01T35@0,0,93,-1,-1,0
2713,OTHER,T35,93,2,10,54,-1,-1,SELLER,01T35@0,0,93,-1,-1,0
2711,OTHER,T16,93,1,10,54,-1,-1,SELLER,00T16@0,0,93,-1,-1,0
2710,T35,OTHER,93,1,36,54,-1,-1,05T35@2,BUYER,0,93,-1,-1,3
2709,T40,OTHER,93,1,36,54,-1,-1,04T40@2,BUYER,0,93,-1,-1,3
2714,OTHER,T35,93,2,10,54,-1,-1,SELLER,01T35@0,0,93,-1,-1,0
2706,OTHER,T16,93,2,10,54,-1,-1,SELLER,00T16@0,0,93,-1,-1,0
2708,OTHER,T16,93,2,10,54,-1,-1,SELLER,00T16@0,0,93,-1,-1,0
2694,T40,OTHER,93,4,36,54,-1,-1,04T40@2,BUYER,0,93,-1,-1,3
2695,OTHER,T35,93,3,10,54,-1,-1,SELLER,01T35@0,0,93,-1,-1,0
2696,OTHER,T16,93,2,10,54,-1,-1,SELLER,00T16@0,0,93,-1,-1,0
2700,OTHER,T16,93,1,10,54,-1,-1,SELLER,00T16@0,0,93,-1,-1,0
2692,T35,OTHER,93,2,36,54,-1,-1,05T35@2,BUYER,0,93,-1,-1,3
2702,T40,OTHER,93,1,36,54,-1,-1,04T40@2,BUYER,0,93,-1,-1,3
2704,OTHER,T16,93,1,10,54,-1,-1,SELLER,00T16@0,0,93,-1,-1,0
2705,OTHER,T35,93,1,10,54,-1,-1,SELLER,01T35@0,0,93,-1,-1,0
2701,T35,OTHER,93,3,36,54,-1,-1,05T35@2,BUYER,0,93,-1,-1,3
2737,T35,OTHER,94,2,36,55,-1,-1,05T35@2,BUYER,0,94,-1,-1,3
2752,T40,OTHER,94,2,36,-1,-1,-1,04T40@2,BUYER,0,-1,-1,-1,3
2751,T40,OTHER,94,1,36,-1,-1,-1,04T40@2,BUYER,0,-1,-1,-1,3
2750,T40,OTHER,94,1,36,-1,-1,-1,04T40@2,BUYER,0,-1,-1,-1,3
2748,OTHER,T16,94,1,10,55,-1,-1,SELLER,00T16@0,0,94,-1,-1,0
2747,OTHER,T35,94,2,10,55,-1,-1,SELLER,01T35@0,0,94,-1,-1,0
2746,OTHER,T16,94,1,10,55,-1,-1,SELLER,00T16@0,0,94,-1,-1,0
2744,T35,OTHER,94,3,36,55,-1,-1,05T35@2,BUYER,0,94,-1,-1,3
2739,OTHER,T16,94,2,10,55,-1,-1,SELLER,00T16@0,0,94,-1,-1,0
2738,T35,OTHER,94,1,36,55,-1,-1,05T35@2,BUYER,0,94,-1,-1,3
2735,OTHER,T16,94,1,10,55,-1,-1,SELLER,00T16@0,0,94,-1,-1,0
2724,OTHER,T16,94,1,10,55,-1,-1,SELLER,00T16@0,0,94,-1,-1,0
2733,T35,OTHER,94,2,36,55,-1,-1,05T35@2,BUYER,0,94,-1,-1,3
2732,T40,OTHER,94,4,36,55,-1,-1,04T40@2,BUYER,0,94,-1,-1,3
2731,OTHER,T35,94,2,10,55,-1,-1,SELLER,01T35@0,0,94,-1,-1,0
2730,T40,OTHER,94,1,36,55,-1,-1,04T40@2,BUYER,0,94,-1,-1,3
2728,OTHER,T16,94,4,10,55,-1,-1,SELLER,00T16@0,0,94,-1,-1,0
2727,T35,OTHER,94,1,36,55,-1,-1,05T35@2,BUYER,0,94,-1,-1,3
2726,T35,OTHER,94,1,36,55,-1,-1,05T35@2,BUYER,0,94,-1,-1,3
2725,OTHER,T35,94,1,10,55,-1,-1,SELLER,01T35@0,0,94,-1,-1,0
2723,OTHER,T16,94,2,10,55,-1,-1,SELLER,00T16@0,0,94,-1,-1,0
2753,T40,OTHER,94,1,36,-1,-1,-1,04T40@2,BUYER,0,-1,-1,-1,3
2734,OTHER,T35,94,3,10,55,-1,-1,SELLER,01T35@0,0,94,-1,-1,0
2756,T35,OTHER,95,1,36,56,-1,-1,05T35@2,BUYER,0,95,-1,-1,3
2755,T40,OTHER,95,2,36,56,-1,-1,04T40@2,BUYER,0,95,-1,-1,3
2782,T40,OTHER,95,4,36,-1,-1,-1,04T40@2,BUYER,0,-1,-1,-1,3
2758,OTHER,T35,95,1,10,56,-1,-1,SELLER,01T35@0,0,95,-1,-1,0
2754,T40,OTHER,95,1,36,56,-1,-1,04T40@2,BUYER,0,95,-1,-1,3
2759,T40,OTHER,95,2,36,56,-1,-1,04T40@2,BUYER,0,95,-1,-1,3
2781,T35,OTHER,95,1,36,56,-1,-1,05T35@2,BUYER,0,95,-1,-1,3
2769,T35,OTHER,95,2,36,56,-1,-1,05T35@2,BUYER,0,95,-1,-1,3
2771,T35,OTHER,95,2,36,56,-1,-1,05T35@2,BUYER,0,95,-1,-1,3
2762,T40,OTHER,95,1,36,56,-1,-1,04T40@2,BUYER,0,95,-1,-1,3
2773,OTHER,T16,95,1,10,56,-1,-1,SELLER,00T16@0,0,95,-1,-1,0
2774,OTHER,T35,95,1,10,56,-1,-1,SELLER,01T35@0,0,95,-1,-1,0
2761,OTHER,T35,95,3,10,56,-1,-1,SELLER,01T35@0,0,95,-1,-1,0
2776,OTHER,T35,95,1,10,56,-1,-1,SELLER,01T35@0,0,95,-1,-1,0
2770,OTHER,T35,95,2,10,56,-1,-1,SELLER,01T35@0,0,95,-1,-1,0
2768,OTHER,T35,95,3,10,56,-1,-1,SELLER,01T35@0,0,95,-1,-1,0
2783,T40,OTHER,95,2,36,-1,-1,-1,04T40@2,BUYER,0,-1,-1,-1,3
2766,OTHER,T16,95,1,10,56,-1,-1,SELLER,00T16@0,0,95,-1,-1,0
2760,OTHER,T16,95,3,10,56,-1,-1,SELLER,00T16@0,0,95,-1,-1,0
2779,OTHER,T16,95,2,10,56,-1,-1,SELLER,00T16@0,0,95,-1,-1,0
2765,OTHER,T16,95,2,10,56,-1,-1,SELLER,00T16@0,0,95,-1,-1,0
2777,T35,OTHER,95,2,36,56,-1,-1,05T35@2,BUYER,0,95,-1,-1,3
2807,OTHER,T35,96,1,10,57,-1,-1,SELLER,01T35@0,0,96,-1,-1,0
2787,OTHER,T16,96,4,10,57,-1,-1,SELLER,00T16@0,0,96,-1,-1,0
2810,T40,OTHER,96,2,36,-1,-1,-1,04T40@2,BUYER,0,-1,-1,-1,3
2809,T40,OTHER,96,2,36,57,-1,-1,04T40@2,BUYER,0,96,-1,-1,3
2806,T35,OTHER,96,1,36,57,-1,-1,05T35@2,BUYER,0,96,-1,-1,3
2808,OTHER,T35,96,4,10,57,-1,-1,SELLER,01T35@0,0,96,-1,-1,0
2805,T35,OTHER,96,2,36,57,-1,-1,05T35@2,BUYER,0,96,-1,-1,3
2803,T35,OTHER,96,2,36,57,-1,-1,05T35@2,BUYER,0,96,-1,-1,3
2802,OTHER,T16,96,2,10,57,-1,-1,SELLER,00T16@0,0,96,-1,-1,0
2801,OTHER,T16,96,4,10,57,-1,-1,SELLER,00T16@0,0,96,-1,-1,0
2800,T35,OTHER,96,3,36,57,-1,-1,05T35@2,BUYER,0,96,-1,-1,3
2799,OTHER,T35,96,1,10,57,-1,-1,SELLER,01T35@0,0,96,-1,-1,0
2797,T35,OTHER,96,1,36,57,-1,-1,05T35@2,BUYER,0,96,-1,-1,3
2795,T35,OTHER,96,2,36,57,-1,-1,05T35@2,BUYER,0,96,-1,-1,3
2792,T40,OTHER,96,3,36,57,-1,-1,04T40@2,BUYER,0,96,-1,-1,3
2804,T35,OTHER,96,1,36,57,-1,-1,05T35@2,BUYER,0,96,-1,-1,3
2790,T35,OTHER,96,1,36,57,-1,-1,05T35@2,BUYER,0,96,-1,-1,3
2788,OTHER,T35,96,1,10,57,-1,-1,SELLER,01T35@0,0,96,-1,-1,0
2784,OTHER,T35,96,1,10,57,-1,-1,SELLER,01T35@0,0,96,-1,-1,0
2786,OTHER,T35,96,2,10,57,-1,-1,SELLER,01T35@0,0,96,-1,-1,0
2822,OTHER,T35,97,3,10,58,-1,-1,SELLER,01T35@0,0,97,-1,-1,0
2821,OTHER,T16,97,1,10,58,-1,-1,SELLER,00T16@0,0,97,-1,-1,0
2820,OTHER,T35,97,4,10,58,-1,-1,SELLER,01T35@0,0,97,-1,-1,0
2819,OTHER,T16,97,2,10,58,-1,-1,SELLER,00T16@0,0,97,-1,-1,0
2813,T35,OTHER,97,1,36,58,-1,-1,05T35@2,BUYER,0,97,-1,-1,3
2812,OTHER,T16,97,2,10,58,-1,-1,SELLER,00T16@0,0,97,-1,-1,0
2811,OTHER,T16,97,2,10,58,-1,-1,SELLER,00T16@0,0,97,-1,-1,0
2815,T40,OTHER,97,2,36,58,-1,-1,04T40@2,BUYER,0,97,-1,-1,3
2823,T35,OTHER,97,3,36,58,-1,-1,05T35@2,BUYER,0,97,-1,-1,3
2835,T40,OTHER,97,2,36,-1,-1,-1,04T40@2,BUYER,0,-1,-1,-1,3
2830,T40,OTHER,97,1,36,58,-1,-1,04T40@2,BUYER,0,97,-1,-1,3
2825,OTHER,T35,97,1,10,58,-1,-1,SELLER,01T35@0,0,97,-1,-1,0
2824,OTHER,T16,97,3,10,58,-1,-1,SELLER,00T16@0,0,97,-1,-1,0
2832,OTHER,T16,97,2,10,58,-1,-1,SELLER,00T16@0,0,97,-1,-1,0
2840,T40,OTHER,97,1,36,-1,-1,-1,04T40@2,BUYER,0,-1,-1,-1,3
2838,T40,OTHER,97,1,36,-1,-1,-1,04T40@2,BUYER,0,-1,-1,-1,3
2827,T35,OTHER,97,1,36,58,-1,-1,05T35@2,BUYER,0,97,-1,-1,3
2839,T40,OTHER,97,1,36,-1,-1,-1,04T40@2,BUYER,0,-1,-1,-1,3
2837,T40,OTHER,97,1,36,-1,-1,-1,04T40@2,BUYER,0,-1,-1,-1,3
2836,T40,OTHER,97,3,36,-1,-1,-1,04T40@2,BUYER,0,-1,-1,-1,3
2826,T40,OTHER,97,2,36,58,-1,-1,04T40@2,BUYER,0,97,-1,-1,3
2831,T35,OTHER,97,1,36,58,-1,-1,05T35@2,BUYER,0,97,-1,-1,3
2864,T35,OTHER,98,2,36,59,-1,-1,05T35@2,BUYER,0,98,-1,-1,3
2866,OTHER,T16,98,1,10,59,-1,-1,SELLER,00T16@0,0,98,-1,-1,0
2870,T40,OTHER,98,3,36,-1,-1,-1,04T40@2,BUYER,0,-1,-1,-1,3
2869,T35,OTHER,98,1,36,59,-1,-1,05T35@2,BUYER,0,98,-1,-1,3
2871,T40,OTHER,98,1,36,-1,-1,-1,04T40@2,BUYER,0,-1,-1,-1,3
2841,OTHER,T35,98,1,10,59,-1,-1,SELLER,01T35@0,0,98,-1,-1,0
2842,T40,OTHER,98,3,36,59,-1,-1,04T40@2,BUYER,0,98,-1,-1,3
2863,T35,OTHER,98,2,36,59,-1,-1,05T35@2,BUYER,0,98,-1,-1,3
2868,OTHER,T35,98,2,10,59,-1,-1,SELLER,01T35@0,0,98,-1,-1,0
2858,OTHER,T16,98,3,10,59,-1,-1,SELLER,00T16@0,0,98,-1,-1,0
2855,OTHER,T35,98,2,10,59,-1,-1,SELLER,01T35@0,0,98,-1,-1,0
2854,T35,OTHER,98,2,36,59,-1,-1,05T35@2,BUYER,0,98,-1,-1,3
2853,OTHER,T35,98,3,10,59,-1,-1,SELLER,01T35@0,0,98,-1,-1,0
2851,OTHER,T35,98,1,10,59,-1,-1,SELLER,01T35@0,0,98,-1,-1,0
2843,T35,OTHER,98,1,36,59,-1,-1,05T35@2,BUYER,0,98,-1,-1,3
2850,OTHER,T16,98,1,10,59,-1,-1,SELLER,00T16@0,0,98,-1,-1,0
2849,OTHER,T16,98,1,10,59,-1,-1,SELLER,00T16@0,0,98,-1,-1,0
2862,OTHER,T16,98,2,10,59,-1,-1,SELLER,00T16@0,0,98,-1,-1,0
2847,T35,OTHER,98,2,36,59,-1,-1,05T35@2,BUYER,0,98,-1,-1,3
2846,OTHER,T16,98,1,10,59,-1,-1,SELLER,00T16@0,0,98,-1,-1,0
2845,T35,OTHER,98,1,36,59,-1,-1,05T35@2,BUYER,0,98,-1,-1,3
2844,T35,OTHER,98,1,36,59,-1,-1,05T35@2,BUYER,0,98,-1,-1,3
2859,T40,OTHER,98,1,36,59,-1,-1,04T40@2,BUYER,0,98,-1,-1,3
2856,OTHER,T16,98,2,10,59,-1,-1,SELLER,00T16@0,0,98,-1,-1,0
2879,T35,OTHER,99,2,36,60,-1,-1,05T35@2,BUYER,0,99,-1,-1,3
2878,OTHER,T16,99,2,10,60,-1,-1,SELLER,00T16@0,0,99,-1,-1,0
2889,OTHER,T35,99,1,10,60,-1,-1,SELLER,01T35@0,0,99,-1,-1,0
2897,T40,OTHER,99,5,36,-1,-1,-1,04T40@2,BUYER,0,-1,-1,-1,3
2896,T40,OTHER,99,3,36,-1,-1,-1,04T40@2,BUYER,0,-1,-1,-1,3
2874,T40,OTHER,99,3,36,60,-1,-1,04T40@2,BUYER,0,99,-1,-1,3
2894,OTHER,T35,99,1,10,60,-1,-1,SELLER,01T35@0,0,99,-1,-1,0
2892,T35,OTHER,99,3,36,60,-1,-1,05T35@2,BUYER,0,99,-1,-1,3
2876,OTHER,T16,99,1,10,60,-1,-1,SELLER,00T16@0,0,99,-1,-1,0
2890,OTHER,T35,99,5,10,60,-1,-1,SELLER,01T35@0,0,99,-1,-1,0
2873,T40,OTHER,99,1,36,60,-1,-1,04T40@2,BUYER,0,99,-1,-1,3
2887,OTHER,T16,99,4,10,60,-1,-1,SELLER,00T16@0,0,99,-1,-1,0
2886,T40,OTHER,99,1,36,60,-1,-1,04T40@2,BUYER,0,99,-1,-1,3
2877,OTHER,T35,99,1,10,60,-1,-1,SELLER,01T35@0,0,99,-1,-1,0
2884,T40,OTHER,99,1,36,60,-1,-1,04T40@2,BUYER,0,99,-1,-1,3
2883,T35,OTHER,99,1,36,60,-1,-1,05T35@2,BUYER,0,99,-1,-1,3
2882,OTHER,T35,99,2,10,60,-1,-1,SELLER,01T35@0,0,99,-1,-1,0
2881,OTHER,T16,99,1,10,60,-1,-1,SELLER,00T16@0,0,99,-1,-1,0
2888,OTHER,T16,99,2,10,60,-1,-1,SELLER,00T16@0,0,99,-1,-1,0
2899,T40,OTHER,100,1,36,61,-1,-1,04T40@2,BUYER,0,100,-1,-1,3
2898,T40,OTHER,100,2,36,61,-1,-1,04T40@2,BUYER,0,100,-1,-1,3
2918,T35,OTHER,100,1,36,61,-1,-1,05T35@2,BUYER,0,100,-1,-1,3
2901,OTHER,T16,100,4,10,61,-1,-1,SELLER,00T16@0,0,100,-1,-1,0
2902,T40,OTHER,100,1,36,61,-1,-1,04T40@2,BUYER,0,100,-1,-1,3
2916,T35,OTHER,100,2,36,61,-1,-1,05T35@2,BUYER,0,100,-1,-1,3
2915,OTHER,T35,100,2,10,61,-1,-1,SELLER,01T35@0,0,100,-1,-1,0
2921,OTHER,T16,100,1,10,61,-1,-1,SELLER,00T16@0,0,100,-1,-1,0
2922,OTHER,T35,100,2,10,61,-1,-1,SELLER,01T35@0,0,100,-1,-1,0
2923,T35,OTHER,100,1,36,61,-1,-1,05T35@2,BUYER,0,100,-1,-1,3
2924,OTHER,T16,100,3,10,61,-1,-1,SELLER,00T16@0,0,100,-1,-1,0
2925,OTHER,T16,100,1,10,61,-1,-1,SELLER,00T16@0,0,100,-1,-1,0
2914,T35,OTHER,100,2,36,61,-1,-1,05T35@2,BUYER,0,100,-1,-1,3
2917,T40,OTHER,100,1,36,61,-1,-1,04T40@2,BUYER,0,100,-1,-1,3
2927,T40,OTHER,100,2,36,-1,-1,-1,04T40@2,BUYER,0,-1,-1,-1,3
2929,T40,OTHER,100,1,36,-1,-1,-1,04T40@2,BUYER,0,-1,-1,-1,3
2913,OTHER,T35,100,1,10,61,-1,-1,SELLER,01T35@0,0,100,-1,-1,0
2911,OTHER,T16,100,1,10,61,-1,-1,SELLER,00T16@0,0,100,-1,-1,0
2910,OTHER,T35,100,2,10,61,-1,-1,SELLER,01T35@0,0,100,-1,-1,0
2909,OTHER,T35,100,1,10,61,-1,-1,SELLER,01T35@0,0,100,-1,-1,0
2908,T35,OTHER,100,2,36,61,-1,-1,05T35@2,BUYER,0,100,-1,-1,3
2907,T35,OTHER,100,1,36,61,-1,-1,05T35@2,BUYER,0,100,-1,-1,3
2906,OTHER,T35,100,1,10,61,-1,-1,SELLER,01T35@0,0,100,-1,-1,0
2928,T40,OTHER,100,3,36,-1,-1,-1,04T40@2,BUYER,0,-1,-1,-1,3
2919,OTHER,T16,100,1,10,61,-1,-1,SELLER,00T16@0,0,100,-1,-1,0
2944,OTHER,T35,101,1,10,62,-1,-1,SELLER,01T35@0,0,101,-1,-1,0
2959,T40,OTHER,101,2,36,-1,-1,-1,04T40@2,BUYER,0,-1,-1,-1,3
2951,T35,OTHER,101,2,36,62,-1,-1,05T35@2,BUYER,0,101,-1,-1,3
2948,T40,OTHER,101,1,36,62,-1,-1,04T40@2,BUYER,0,101,-1,-1,3
2946,T35,OTHER,101,1,36,62,-1,-1,05T35@2,BUYER,0,101,-1,-1,3
2945,T35,OTHER,101,1,36,62,-1,-1,05T35@2,BUYER,0,101,-1,-1,3
2943,T40,OTHER,101,1,36,62,-1,-1,04T40@2,BUYER,0,101,-1,-1,3
2952,OTHER,T16,101,2,10,62,-1,-1,SELLER,00T16@0,0,101,-1,-1,0
2953,OTHER,T16,101,3,10,62,-1,-1,SELLER,00T16@0,0,101,-1,-1,0
2954,OTHER,T35,101,3,10,62,-1,-1,SELLER,01T35@0,0,101,-1,-1,0
2950,OTHER,T16,101,1,10,62,-1,-1,SELLER,00T16@0,0,101,-1,-1,0
2940,T35,OTHER,101,1,36,62,-1,-1,05T35@2,BUYER,0,101,-1,-1,3
2942,OTHER,T35,101,3,10,62,-1,-1,SELLER,01T35@0,0,101,-1,-1,0
2937,T35,OTHER,101,1,36,62,-1,-1,05T35@2,BUYER,0,101,-1,-1,3
2955,OTHER,T16,101,1,10,62,-1,-1,SELLER,00T16@0,0,101,-1,-1,0
2936,T35,OTHER,101,2,36,62,-1,-1,05T35@2,BUYER,0,101,-1,-1,3
2957,OTHER,T35,101,1,10,62,-1,-1,SELLER,01T35@0,0,101,-1,-1,0
2958,T40,OTHER,101,1,36,-1,-1,-1,04T40@2,BUYER,0,-1,-1,-1,3
2935,T35,OTHER,101,1,36,62,-1,-1,05T35@2,BUYER,0,101,-1,-1,3
2934,T40,OTHER,101,3,36,62,-1,-1,04T40@2,BUYER,0,101,-1,-1,3
2932,OTHER,T16,101,2,10,62,-1,-1,SELLER,00T16@0,0,101,-1,-1,0
2930,OTHER,T35,101,3,10,62,-1,-1,SELLER,01T35@0,0,101,-1,-1,0
2939,T35,OTHER,101,3,36,62,-1,-1,05T35@2,BUYER,0,101,-1,-1,3
2960,T35,OTHER,102,2,36,63,-1,-1,05T35@2,BUYER,0,102,-1,-1,3
2989,T40,OTHER,102,1,36,-1,-1,-1,04T40@2,BUYER,0,-1,-1,-1,3
2988,T40,OTHER,102,2,36,-1,-1,-1,04T40@2,BUYER,0,-1,-1,-1,3
2987,T35,OTHER,102,4,36,63,-1,-1,05T35@2,BUYER,0,102,-1,-1,3
2967,OTHER,T35,102,2,10,63,-1,-1,SELLER,01T35@0,0,102,-1,-1,0
2984,OTHER,T16,102,1,10,63,-1,-1,SELLER,00T16@0,0,102,-1,-1,0
2979,OTHER,T35,102,2,10,63,-1,-1,SELLER,01T35@0,0,102,-1,-1,0
2986,T35,OTHER,102,2,36,63,-1,-1,05T35@2,BUYER,0,102,-1,-1,3
2977,OTHER,T16,102,1,10,63,-1,-1,SELLER,00T16@0,0,102,-1,-1,0
2973,T40,OTHER,102,4,36,63,-1,-1,04T40@2,BUYER,0,102,-1,-1,3
2972,T40,OTHER,102,1,36,63,-1,-1,04T40@2,BUYER,0,102,-1,-1,3
2978,OTHER,T16,102,2,10,63,-1,-1,SELLER,00T16@0,0,102,-1,-1,0
2970,OTHER,T16,102,2,10,63,-1,-1,SELLER,00T16@0,0,102,-1,-1,0
2971,OTHER,T16,102,3,10,63,-1,-1,SELLER,00T16@0,0,102,-1,-1,0
2968,OTHER,T35,102,1,10,63,-1,-1,SELLER,01T35@0,0,102,-1,-1,0
2965,OTHER,T35,102,2,10,63,-1,-1,SELLER,01T35@0,0,102,-1,-1,0
2964,T35,OTHER,102,1,36,63,-1,-1,05T35@2,BUYER,0,102,-1,-1,3
2981,T35,OTHER,102,2,36,63,-1,-1,05T35@2,BUYER,0,102,-1,-1,3
2963,OTHER,T35,102,1,10,63,-1,-1,SELLER,01T35@0,0,102,-1,-1,0
2962,OTHER,T35,102,2,10,63,-1,-1,SELLER,01T35@0,0,102,-1,-1,0
2983,T35,OTHER,102,1,36,63,-1,-1,05T35@2,BUYER,0,102,-1,-1,3
2980,OTHER,T35,102,1,10,63,-1,-1,SELLER,01T35@0,0,102,-1,-1,0
3012,T40,OTHER,103,2,36,-1,-1,-1,04T40@2,BUYER,0,-1,-1,-1,3
3011,T40,OTHER,103,3,36,-1,-1,-1,04T40@2,BUYER,0,-1,-1,-1,3
3010,T40,OTHER,103,1,36,-1,-1,-1,04T40@2,BUYER,0,-1,-1,-1,3
3009,T40,OTHER,103,3,36,-1,-1,-1,04T40@2,BUYER,0,-1,-1,-1,3
3007,T35,OTHER,103,3,36,64,-1,-1,05T35@2,BUYER,0,103,-1,-1,3
3006,OTHER,T35,103,1,10,64,-1,-1,SELLER,01T35@0,0,103,-1,-1,0
2998,T35,OTHER,103,3,36,64,-1,-1,05T35@2,BUYER,0,103,-1,-1,3
2999,OTHER,T35,103,3,10,64,-1,-1,SELLER,01T35@0,0,103,-1,-1,0
3000,OTHER,T35,103,2,10,64,-1,-1,SELLER,01T35@0,0,103,-1,-1,0
3001,T35,OTHER,103,1,36,64,-1,-1,05T35@2,BUYER,0,103,-1,-1,3
2997,OTHER,T16,103,1,10,64,-1,-1,SELLER,00T16@0,0,103,-1,-1,0
2995,OTHER,T16,103,3,10,64,-1,-1,SELLER,00T16@0,0,103,-1,-1,0
3002,OTHER,T35,103,2,10,64,-1,-1,SELLER,01T35@0,0,103,-1,-1,0
2993,T35,OTHER,103,2,36,64,-1,-1,05T35@2,BUYER,0,103,-1,-1,3
2991,OTHER,T16,103,2,10,64,-1,-1,SELLER,00T16@0,0,103,-1,-1,0
2990,OTHER,T16,103,3,10,64,-1,-1,SELLER,00T16@0,0,103,-1,-1,0
3004,OTHER,T35,103,2,10,64,-1,-1,SELLER,01T35@0,0,103,-1,-1,0
3005,OTHER,T16,103,1,10,64,-1,-1,SELLER,00T16@0,0,103,-1,-1,0
2994,T35,OTHER,103,1,36,64,-1,-1,05T35@2,BUYER,0,103,-1,-1,3
3008,T40,OTHER,103,1,36,-1,-1,-1,04T40@2,BUYER,0,-1,-1,-1,3
3041,T40,OTHER,104,2,36,-1,-1,-1,04T40@2,BUYER,0,-1,-1,-1,3
3040,T40,OTHER,104,1,36,-1,-1,-1,04T40@2,BUYER,0,-1,-1,-1,3
3039,T40,OTHER,104,3,36,-1,-1,-1,04T40@2,BUYER,0,-1,-1,-1,3
3038,T40,OTHER,104,1,36,-1,-1,-1,04T40@2,BUYER,0,-1,-1,-1,3
3037,T40,OTHER,104,2,36,-1,-1,-1,04T40@2,BUYER,0,-1,-1,-1,3
3036,OTHER,T35,104,2,10,65,-1,-1,SELLER,01T35@0,0,104,-1,-1,0
3035,OTHER,T35,104,1,10,65,-1,-1,SELLER,01T35@0,0,104,-1,-1,0
3034,OTHER,T35,104,1,10,65,-1,-1,SELLER,01T35@0,0,104,-1,-1,0
3032,OTHER,T35,104,1,10,65,-1,-1,SELLER,01T35@0,0,104,-1,-1,0
3030,OTHER,T16,104,2,10,65,-1,-1,SELLER,00T16@0,0,104,-1,-1,0
3013,OTHER,T16,104,2,10,65,-1,-1,SELLER,00T16@0,0,104,-1,-1,0
3014,T35,OTHER,104,1,36,65,-1,-1,05T35@2,BUYER,0,104,-1,-1,3
3033,OTHER,T16,104,1,10,65,-1,-1,SELLER,00T16@0,0,104,-1,-1,0
3016,T35,OTHER,104,2,36,65,-1,-1,05T35@2,BUYER,0,104,-1,-1,3
3017,T40,OTHER,104,1,36,65,-1,-1,04T40@2,BUYER,0,104,-1,-1,3
3018,OTHER,T35,104,3,10,65,-1,-1,SELLER,01T35@0,0,104,-1,-1,0
3015,T35,OTHER,104,2,36,65,-1,-1,05T35@2,BUYER,0,104,-1,-1,3
3020,OTHER,T16,104,3,10,65,-1,-1,SELLER,00T16@0,0,104,-1,-1,0
3022,OTHER,T35,104,3,10,65,-1,-1,SELLER,01T35@0,0,104,-1,-1,0
3025,T35,OTHER,104,1,36,65,-1,-1,05T35@2,BUYER,0,104,-1,-1,3
3028,OTHER,T16,104,1,10,65,-1,-1,SELLER,00T16@0,0,104,-1,-1,0
3019,T35,OTHER,104,3,36,65,-1,-1,05T35@2,BUYER,0,104,-1,-1,3
3021,T40,OTHER,104,1,36,65,-1,-1,04T40@2,BUYER,0,104,-1,-1,3
3055,OTHER,T16,105,2,10,66,-1,-1,SELLER,00T16@0,0,105,-1,-1,0
3062,T40,OTHER,105,3,36,-1,-1,-1,04T40@2,BUYER,0,-1,-1,-1,3
3061,T40,OTHER,105,1,36,-1,-1,-1,04T40@2,BUYER,0,-1,-1,-1,3
3060,OTHER,T16,105,1,10,66,-1,-1,SELLER,00T16@0,0,105,-1,-1,0
3059,T35,OTHER,105,3,36,66,-1,-1,05T35@2,BUYER,0,105,-1,-1,3
3057,OTHER,T35,105,4,10,66,-1,-1,SELLER,01T35@0,0,105,-1,-1,0
3056,OTHER,T16,105,3,10,66,-1,-1,SELLER,00T16@0,0,105,-1,-1,0
3042,OTHER,T16,105,1,10,66,-1,-1,SELLER,00T16@0,0,105,-1,-1,0
3052,OTHER,T16,105,2,10,66,-1,-1,SELLER,00T16@0,0,105,-1,-1,0
3051,T35,OTHER,105,2,36,66,-1,-1,05T35@2,BUYER,0,105,-1,-1,3
3050,T35,OTHER,105,2,36,66,-1,-1,05T35@2,BUYER,0,105,-1,-1,3
3049,OTHER,T35,105,2,10,66,-1,-1,SELLER,01T35@0,0,105,-1,-1,0
3048,OTHER,T16,105,1,10,66,-1,-1,SELLER,00T16@0,0,105,-1,-1,0
3047,T40,OTHER,105,2,36,66,-1,-1,04T40@2,BUYER,0,105,-1,-1,3
3046,OTHER,T16,105,1,10,66,-1,-1,SELLER,00T16@0,0,105,-1,-1,0
3053,T35,OTHER,105,3,36,66,-1,-1,05T35@2,BUYER,0,105,-1,-1,3
3045,T40,OTHER,105,3,36,66,-1,-1,04T40@2,BUYER,0,105,-1,-1,3
3044,T35,OTHER,105,1,36,66,-1,-1,05T35@2,BUYER,0,105,-1,-1,3
3043,OTHER,T35,105,3,10,66,-1,-1,SELLER,01T35@0,0,105,-1,-1,0
3081,T40,OTHER,106,2,36,67,-1,-1,04T40@2,BUYER,0,106,-1,-1,3
3082,T40,OTHER,106,2,36,67,-1,-1,04T40@2,BUYER,0,106,-1,-1,3
3083,OTHER,T16,106,1,10,67,-1,-1,SELLER,00T16@0,0,106,-1,-1,0
3084,T35,OTHER,106,3,36,67,-1,-1,05T35@2,BUYER,0,106,-1,-1,3
3085,OTHER,T16,106,1,10,67,-1,-1,SELLER,00T16@0,0,106,-1,-1,0
3088,OTHER,T35,106,1,10,67,-1,-1,SELLER,01T35@0,0,106,-1,-1,0
3087,OTHER,T16,106,2,10,67,-1,-1,SELLER,00T16@0,0,106,-1,-1,0
3080,OTHER,T35,106,3,10,67,-1,-1,SELLER,01T35@0,0,106,-1,-1,0
3089,T35,OTHER,106,1,36,67,-1,-1,05T35@2,BUYER,0,106,-1,-1,3
3090,T40,OTHER,106,1,36,67,-1,-1,04T40@2,BUYER,0,106,-1,-1,3
3086,OTHER,T35,106,1,10,67,-1,-1,SELLER,01T35@0,0,106,-1,-1,0
3079,T35,OTHER,106,2,36,67,-1,-1,05T35@2,BUYER,0,106,-1,-1,3
3069,OTHER,T16,106,1,10,67,-1,-1,SELLER,00T16@0,0,106,-1,-1,0
3077,OTHER,T35,106,1,10,67,-1,-1,SELLER,01T35@0,0,106,-1,-1,0
3076,T35,OTHER,106,1,36,67,-1,-1,05T35@2,BUYER,0,106,-1,-1,3
3075,T40,OTHER,106,1,36,67,-1,-1,04T40@2,BUYER,0,106,-1,-1,3
3074,OTHER,T35,106,2,10,67,-1,-1,SELLER,01T35@0,0,106,-1,-1,0
3073,OTHER,T16,106,1,10,67,-1,-1,SELLER,00T16@0,0,106,-1,-1,0
3072,T40,OTHER,106,1,36,67,-1,-1,04T40@2,BUYER,0,106,-1,-1,3
3070,OTHER,T35,106,1,10,67,-1,-1,SELLER,01T35@0,0,106,-1,-1,0
3068,T35,OTHER,106,2,36,67,-1,-1,05T35@2,BUYER,0,106,-1,-1,3
3067,T40,OTHER,106,1,36,67,-1,-1,04T40@2,BUYER,0,106,-1,-1,3
3066,OTHER,T35,106,2,10,67,-1,-1,SELLER,01T35@0,0,106,-1,-1,0
3064,OTHER,T35,106,1,10,67,-1,-1,SELLER,01T35@0,0,106,-1,-1,0
3063,T40,OTHER,106,3,36,67,-1,-1,04T40@2,BUYER,0,106,-1,-1,3
3078,OTHER,T16,106,2,10,67,-1,-1,SELLER,00T16@0,0,106,-1,-1,0
3106,T40,OTHER,107,2,36,68,-1,-1,04T40@2,BUYER,0,107,-1,-1,3
3107,T35,OTHER,107,1,36,68,-1,-1,05T35@2,BUYER,0,107,-1,-1,3
3108,OTHER,T16,107,1,10,68,-1,-1,SELLER,00T16@0,0,107,-1,-1,0
3113,T40,OTHER,107,3,36,-1,-1,-1,04T40@2,BUYER,0,-1,-1,-1,3
3110,T40,OTHER,107,1,36,68,-1,-1,04T40@2,BUYER,0,107,-1,-1,3
3111,OTHER,T35,107,1,10,68,-1,-1,SELLER,01T35@0,0,107,-1,-1,0
3112,T35,OTHER,107,1,36,68,-1,-1,05T35@2,BUYER,0,107,-1,-1,3
3105,T40,OTHER,107,2,36,68,-1,-1,04T40@2,BUYER,0,107,-1,-1,3
3109,T35,OTHER,107,2,36,68,-1,-1,05T35@2,BUYER,0,107,-1,-1,3
3104,OTHER,T35,107,1,10,68,-1,-1,SELLER,01T35@0,0,107,-1,-1,0
3102,T35,OTHER,107,3,36,68,-1,-1,05T35@2,BUYER,0,107,-1,-1,3
3101,OTHER,T16,107,2,10,68,-1,-1,SELLER,00T16@0,0,107,-1,-1,0
3100,OTHER,T35,107,1,10,68,-1,-1,SELLER,01T35@0,0,107,-1,-1,0
3098,T35,OTHER,107,3,36,68,-1,-1,05T35@2,BUYER,0,107,-1,-1,3
3097,OTHER,T35,107,1,10,68,-1,-1,SELLER,01T35@0,0,107,-1,-1,0
3096,T40,OTHER,107,2,36,68,-1,-1,04T40@2,BUYER,0,107,-1,-1,3
3095,OTHER,T35,107,1,10,68,-1,-1,SELLER,01T35@0,0,107,-1,-1,0
3094,OTHER,T35,107,2,10,68,-1,-1,SELLER,01T35@0,0,107,-1,-1,0
3092,OTHER,T35,107,4,10,68,-1,-1,SELLER,01T35@0,0,107,-1,-1,0
3091,OTHER,T16,107,2,10,68,-1,-1,SELLER,00T16@0,0,107,-1,-1,0
3103,OTHER,T16,107,4,10,68,-1,-1,SELLER,00T16@0,0,107,-1,-1,0
3127,T35,OTHER,108,1,36,69,-1,-1,05T35@2,BUYER,0,108,-1,-1,3
3128,OTHER,T16,108,2,10,69,-1,-1,SELLER,00T16@0,0,108,-1,-1,0
3129,T35,OTHER,108,1,36,69,-1,-1,05T35@2,BUYER,0,108,-1,-1,3
3130,T40,OTHER,108,2,36,-1,-1,-1,04T40@2,BUYER,0,-1,-1,-1,3
3131,T40,OTHER,108,2,36,-1,-1,-1,04T40@2,BUYER,0,-1,-1,-1,3
3136,T40,OTHER,108,1,36,-1,-1,-1,04T40@2,BUYER,0,-1,-1,-1,3
3133,T40,OTHER,108,1,36,-1,-1,-1,04T40@2,BUYER,0,-1,-1,-1,3
3134,T40,OTHER,108,2,36,-1,-1,-1,04T40@2,BUYER,0,-1,-1,-1,3
3135,T40,OTHER,108,4,36,-1,-1,-1,04T40@2,BUYER,0,-1,-1,-1,3
3132,T40,OTHER,108,1,36,-1,-1,-1,04T40@2,BUYER,0,-1,-1,-1,3
3126,OTHER,T16,108,1,10,69,-1,-1,SELLER,00T16@0,0,108,-1,-1,0
3124,T35,OTHER,108,2,36,69,-1,-1,05T35@2,BUYER,0,108,-1,-1,3
3123,T35,OTHER,108,3,36,69,-1,-1,05T35@2,BUYER,0,108,-1,-1,3
3122,OTHER,T35,108,4,10,69,-1,-1,SELLER,01T35@0,0,108,-1,-1,0
3121,OTHER,T35,108,1,10,69,-1,-1,SELLER,01T35@0,0,108,-1,-1,0
3120,OTHER,T35,108,1,10,69,-1,-1,SELLER,01T35@0,0,108,-1,-1,0
3119,OTHER,T35,108,1,10,69,-1,-1,SELLER,01T35@0,0,108,-1,-1,0
3118,OTHER,T35,108,1,10,69,-1,-1,SELLER,01T35@0,0,108,-1,-1,0
3117,OTHER,T16,108,4,10,69,-1,-1,SELLER,00T16@0,0,108,-1,-1,0
3116,OTHER,T16,108,2,10,69,-1,-1,SELLER,00T16@0,0,108,-1,-1,0
3115,OTHER,T35,108,1,10,69,-1,-1,SELLER,01T35@0,0,108,-1,-1,0
3114,OTHER,T16,108,1,10,69,-1,-1,SELLER,00T16@0,0,108,-1,-1,0
3125,OTHER,T35,108,1,10,69,-1,-1,SELLER,01T35@0,0,108,-1,-1,0
3147,T40,OTHER,109,1,36,70,-1,-1,04T40@2,BUYER,0,109,-1,-1,3
3150,T35,OTHER,109,1,36,70,-1,-1,05T35@2,BUYER,0,109,-1,-1,3
3151,T40,OTHER,109,1,36,70,-1,-1,04T40@2,BUYER,0,109,-1,-1,3
3152,T35,OTHER,109,1,36,70,-1,-1,05T35@2,BUYER,0,109,-1,-1,3
3153,T40,OTHER,109,1,36,70,-1,-1,04T40@2,BUYER,0,109,-1,-1,3
3159,T40,OTHER,109,1,36,-1,-1,-1,04T40@2,BUYER,0,-1,-1,-1,3
3155,OTHER,T16,109,3,10,70,-1,-1,SELLER,00T16@0,0,109,-1,-1,0
3156,OTHER,T35,109,1,10,70,-1,-1,SELLER,01T35@0,0,109,-1,-1,0
3157,T40,OTHER,109,2,36,-1,-1,-1,04T40@2,BUYER,0,-1,-1,-1,3
3158,T40,OTHER,109,3,36,-1,-1,-1,04T40@2,BUYER,0,-1,-1,-1,3
3154,T35,OTHER,109,2,36,70,-1,-1,05T35@2,BUYER,0,109,-1,-1,3
3149,T40,OTHER,109,1,36,70,-1,-1,04T40@2,BUYER,0,109,-1,-1,3
3144,OTHER,T35,109,1,10,70,-1,-1,SELLER,01T35@0,0,109,-1,-1,0
3146,OTHER,T35,109,1,10,70,-1,-1,SELLER,01T35@0,0,109,-1,-1,0
3145,OTHER,T35,109,4,10,70,-1,-1,SELLER,01T35@0,0,109,-1,-1,0
3143,T35,OTHER,109,3,36,70,-1,-1,05T35@2,BUYER,0,109,-1,-1,3
3142,OTHER,T35,109,1,10,70,-1,-1,SELLER,01T35@0,0,109,-1,-1,0
3141,OTHER,T35,109,2,10,70,-1,-1,SELLER,01T35@0,0,109,-1,-1,0
3140,OTHER,T16,109,1,10,70,-1,-1,SELLER,00T16@0,0,109,-1,-1,0
3139,OTHER,T35,109,2,10,70,-1,-1,SELLER,01T35@0,0,109,-1,-1,0
3138,OTHER,T35,109,1,10,70,-1,-1,SELLER,01T35@0,0,109,-1,-1,0
3137,T35,OTHER,109,3,36,70,-1,-1,05T35@2,BUYER,0,109,-1,-1,3
3148,OTHER,T16,109,3,10,70,-1,-1,SELLER,00T16@0,0,109,-1,-1,0
3174,OTHER,T35,110,1,10,71,-1,-1,SELLER,01T35@0,0,110,-1,-1,0
3172,T40,OTHER,110,1,36,71,-1,-1,04T40@2,BUYER,0,110,-1,-1,3
3173,OTHER,T16,110,2,10,71,-1,-1,SELLER,00T16@0,0,110,-1,-1,0
3175,T40,OTHER,110,1,36,71,-1,-1,04T40@2,BUYER,0,110,-1,-1,3
3171,T35,OTHER,110,1,36,71,-1,-1,05T35@2,BUYER,0,110,-1,-1,3
3177,OTHER,T16,110,2,10,71,-1,-1,SELLER,00T16@0,0,110,-1,-1,0
3178,T35,OTHER,110,3,36,71,-1,-1,05T35@2,BUYER,0,110,-1,-1,3
3180,T40,OTHER,110,1,36,-1,-1,-1,04T40@2,BUYER,0,-1,-1,-1,3
3176,T35,OTHER,110,1,36,71,-1,-1,05T35@2,BUYER,0,110,-1,-1,3
3170,OTHER,T16,110,1,10,71,-1,-1,SELLER,00T16@0,0,110,-1,-1,0
3179,T40,OTHER,110,3,36,-1,-1,-1,04T40@2,BUYER,0,-1,-1,-1,3
3168,T35,OTHER,110,2,36,71,-1,-1,05T35@2,BUYER,0,110,-1,-1,3
3167,T40,OTHER,110,3,36,71,-1,-1,04T40@2,BUYER,0,110,-1,-1,3
3166,OTHER,T35,110,3,10,71,-1,-1,SELLER,01T35@0,0,110,-1,-1,0
3165,T35,OTHER,110,3,36,71,-1,-1,05T35@2,BUYER,0,110,-1,-1,3
3164,OTHER,T35,110,2,10,71,-1,-1,SELLER,01T35@0,0,110,-1,-1,0
3163,OTHER,T35,110,2,10,71,-1,-1,SELLER,01T35@0,0,110,-1,-1,0
3162,OTHER,T35,110,2,10,71,-1,-1,SELLER,01T35@0,0,110,-1,-1,0
3161,OTHER,T16,110,2,10,71,-1,-1,SELLER,00T16@0,0,110,-1,-1,0
3160,T40,OTHER,110,1,36,71,-1,-1,04T40@2,BUYER,0,110,-1,-1,3
3169,OTHER,T16,110,3,10,71,-1,-1,SELLER,00T16@0,0,110,-1,-1,0
3195,OTHER,T16,111,1,10,72,-1,-1,SELLER,00T16@0,0,111,-1,-1,0
3196,OTHER,T16,111,1,10,72,-1,-1,SELLER,00T16@0,0,111,-1,-1,0
3197,OTHER,T16,111,1,10,72,-1,-1,SELLER,00T16@0,0,111,-1,-1,0
3198,T35,OTHER,111,1,36,72,-1,-1,05T35@2,BUYER,0,111,-1,-1,3
3199,T40,OTHER,111,1,36,72,-1,-1,04T40@2,BUYER,0,111,-1,-1,3
3204,T40,OTHER,111,2,36,-1,-1,-1,04T40@2,BUYER,0,-1,-1,-1,3
3201,OTHER,T16,111,1,10,72,-1,-1,SELLER,00T16@0,0,111,-1,-1,0
3202,T35,OTHER,111,2,36,72,-1,-1,05T35@2,BUYER,0,111,-1,-1,3
3203,OTHER,T35,111,1,10,72,-1,-1,SELLER,01T35@0,0,111,-1,-1,0
3194,OTHER,T35,111,1,10,72,-1,-1,SELLER,01T35@0,0,111,-1,-1,0
3200,T35,OTHER,111,1,36,72,-1,-1,05T35@2,BUYER,0,111,-1,-1,3
3193,OTHER,T35,111,3,10,72,-1,-1,SELLER,01T35@0,0,111,-1,-1,0
3191,T40,OTHER,111,2,36,72,-1,-1,04T40@2,BUYER,0,111,-1,-1,3
3181,T40,OTHER,111,1,36,72,-1,-1,04T40@2,BUYER,0,111,-1,-1,3
3190,T35,OTHER,111,1,36,72,-1,-1,05T35@2,BUYER,0,111,-1,-1,3
3189,T35,OTHER,111,3,36,72,-1,-1,05T35@2,BUYER,0,111,-1,-1,3
3188,OTHER,T16,111,3,10,72,-1,-1,SELLER,00T16@0,0,111,-1,-1,0
3187,OTHER,T16,111,4,10,72,-1,-1,SELLER,00T16@0,0,111,-1,-1,0
3186,OTHER,T35,111,1,10,72,-1,-1,SELLER,01T35@0,0,111,-1,-1,0
3185,OTHER,T35,111,1,10,72,-1,-1,SELLER,01T35@0,0,111,-1,-1,0
3184,T40,OTHER,111,4,36,72,-1,-1,04T40@2,BUYER,0,111,-1,-1,3
3183,T40,OTHER,111,1,36,72,-1,-1,04T40@2,BUYER,0,111,-1,-1,3
3182,OTHER,T35,111,2,10,72,-1,-1,SELLER,01T35@0,0,111,-1,-1,0
3192,T40,OTHER,111,1,36,72,-1,-1,04T40@2,BUYER,0,111,-1,-1,3
3218,OTHER,T16,112,1,10,73,-1,-1,SELLER,00T16@0,0,112,-1,-1,0
3219,OTHER,T35,112,1,10,73,-1,-1,SELLER,01T35@0,0,112,-1,-1,0
3220,OTHER,T16,112,3,10,73,-1,-1,SELLER,00T16@0,0,112,-1,-1,0
3221,T40,OTHER,112,2,36,-1,-1,-1,04T40@2,BUYER,0,-1,-1,-1,3
3215,OTHER,T35,112,3,10,73,-1,-1,SELLER,01T35@0,0,112,-1,-1,0
3223,T40,OTHER,112,1,36,-1,-1,-1,04T40@2,BUYER,0,-1,-1,-1,3
3224,T40,OTHER,112,2,36,-1,-1,-1,04T40@2,BUYER,0,-1,-1,-1,3
3225,T40,OTHER,112,1,36,-1,-1,-1,04T40@2,BUYER,0,-1,-1,-1,3
3217,OTHER,T16,112,1,10,73,-1,-1,SELLER,00T16@0,0,112,-1,-1,0
3222,T40,OTHER,112,1,36,-1,-1,-1,04T40@2,BUYER,0,-1,-1,-1,3
3216,T35,OTHER,112,1,36,73,-1,-1,05T35@2,BUYER,0,112,-1,-1,3
3211,OTHER,T16,112,3,10,73,-1,-1,SELLER,00T16@0,0,112,-1,-1,0
3214,OTHER,T16,112,1,10,73,-1,-1,SELLER,00T16@0,0,112,-1,-1,0
3213,T40,OTHER,112,1,36,73,-1,-1,04T40@2,BUYER,0,112,-1,-1,3
3212,T40,OTHER,112,4,36,73,-1,-1,04T40@2,BUYER,0,112,-1,-1,3
3210,T35,OTHER,112,3,36,73,-1,-1,05T35@2,BUYER,0,112,-1,-1,3
3209,T35,OTHER,112,2,36,73,-1,-1,05T35@2,BUYER,0,112,-1,-1,3
3208,OTHER,T16,112,2,10,73,-1,-1,SELLER,00T16@0,0,112,-1,-1,0
3207,T35,OTHER,112,2,36,73,-1,-1,05T35@2,BUYER,0,112,-1,-1,3
3206,OTHER,T35,112,1,10,73,-1,-1,SELLER,01T35@0,0,112,-1,-1,0
3205,OTHER,T35,112,4,10,73,-1,-1,SELLER,01T35@0,0,112,-1,-1,0
3242,OTHER,T16,113,1,10,74,-1,-1,SELLER,00T16@0,0,113,-1,-1,0
3241,OTHER,T35,113,4,10,74,-1,-1,SELLER,01T35@0,0,113,-1,-1,0
3240,OTHER,T35,113,1,10,74,-1,-1,SELLER,01T35@0,0,113,-1,-1,0
3243,OTHER,T16,113,3,10,74,-1,-1,SELLER,00T16@0,0,113,-1,-1,0
3237,OTHER,T35,113,1,10,74,-1,-1,SELLER,01T35@0,0,113,-1,-1,0
3245,OTHER,T16,113,3,10,74,-1,-1,SELLER,00T16@0,0,113,-1,-1,0
3246,T40,OTHER,113,2,36,-1,-1,-1,04T40@2,BUYER,0,-1,-1,-1,3
3247,T40,OTHER,113,2,36,-1,-1,-1,04T40@2,BUYER,0,-1,-1,-1,3
3239,T35,OTHER,113,1,36,74,-1,-1,05T35@2,BUYER,0,113,-1,-1,3
3244,T35,OTHER,113,1,36,74,-1,-1,05T35@2,BUYER,0,113,-1,-1,3
3238,T35,OTHER,113,1,36,74,-1,-1,05T35@2,BUYER,0,113,-1,-1,3
3226,T35,OTHER,113,2,36,74,-1,-1,05T35@2,BUYER,0,113,-1,-1,3
3236,T35,OTHER,113,1,36,74,-1,-1,05T35@2,BUYER,0,113,-1,-1,3
3235,T35,OTHER,113,4,36,74,-1,-1,05T35@2,BUYER,0,113,-1,-1,3
3234,T40,OTHER,113,3,36,74,-1,-1,04T40@2,BUYER,0,113,-1,-1,3
3233,OTHER,T35,113,2,10,74,-1,-1,SELLER,01T35@0,0,113,-1,-1,0
3232,OTHER,T35,113,1,10,74,-1,-1,SELLER,01T35@0,0,113,-1,-1,0
3231,OTHER,T16,113,2,10,74,-1,-1,SELLER,00T16@0,0,113,-1,-1,0
3230,T35,OTHER,113,1,36,74,-1,-1,05T35@2,BUYER,0,113,-1,-1,3
3229,T35,OTHER,113,1,36,74,-1,-1,05T35@2,BUYER,0,113,-1,-1,3
3228,T35,OTHER,113,1,36,74,-1,-1,05T35@2,BUYER,0,113,-1,-1,3
3227,OTHER,T16,113,2,10,74,-1,-1,SELLER,00T16@0,0,113,-1,-1,0
3263,OTHER,T35,114,2,10,75,-1,-1,SELLER,01T35@0,0,114,-1,-1,0
3264,OTHER,T16,114,1,10,75,-1,-1,SELLER,00T16@0,0,114,-1,-1,0
3265,OTHER,T16,114,2,10,75,-1,-1,SELLER,00T16@0,0,114,-1,-1,0
3266,T35,OTHER,114,2,36,75,-1,-1,05T35@2,BUYER,0,114,-1,-1,3
3267,T35,OTHER,114,2,36,75,-1,-1,05T35@2,BUYER,0,114,-1,-1,3
3262,OTHER,T35,114,3,10,75,-1,-1,SELLER,01T35@0,0,114,-1,-1,0
3269,OTHER,T35,114,2,10,75,-1,-1,SELLER,01T35@0,0,114,-1,-1,0
3270,T35,OTHER,114,1,36,75,-1,-1,05T35@2,BUYER,0,114,-1,-1,3
3271,T40,OTHER,114,3,36,75,-1,-1,04T40@2,BUYER,0,114,-1,-1,3
3272,OTHER,T16,114,1,10,75,-1,-1,SELLER,00T16@0,0,114,-1,-1,0
3268,T35,OTHER,114,1,36,75,-1,-1,05T35@2,BUYER,0,114,-1,-1,3
3261,T35,OTHER,114,1,36,75,-1,-1,05T35@2,BUYER,0,114,-1,-1,3
3248,OTHER,T16,114,1,10,75,-1,-1,SELLER,00T16@0,0,114,-1,-1,0
3259,OTHER,T16,114,1,10,75,-1,-1,SELLER,00T16@0,0,114,-1,-1,0
3250,T35,OTHER,114,1,36,75,-1,-1,05T35@2,BUYER,0,114,-1,-1,3
3251,OTHER,T16,114,2,10,75,-1,-1,SELLER,00T16@0,0,114,-1,-1,0
3252,T35,OTHER,114,2,36,75,-1,-1,05T35@2,BUYER,0,114,-1,-1,3
3253,OTHER,T35,114,1,10,75,-1,-1,SELLER,01T35@0,0,114,-1,-1,0
3249,OTHER,T16,114,3,10,75,-1,-1,SELLER,00T16@0,0,114,-1,-1,0
3255,OTHER,T16,114,1,10,75,-1,-1,SELLER,00T16@0,0,114,-1,-1,0
3256,T40,OTHER,114,2,36,75,-1,-1,04T40@2,BUYER,0,114,-1,-1,3
3257,T40,OTHER,114,1,36,75,-1,-1,04T40@2,BUYER,0,114,-1,-1,3
3258,T40,OTHER,114,1,36,75,-1,-1,04T40@2,BUYER,0,114,-1,-1,3
3254,T35,OTHER,114,2,36,75,-1,-1,05T35@2,BUYER,0,114,-1,-1,3
3260,T35,OTHER,114,1,36,75,-1,-1,05T35@2,BUYER,0,114,-1,-1,3
3283,OTHER,T35,115,1,10,76,-1,-1,SELLER,01T35@0,0,115,-1,-1,0
3292,T40,OTHER,115,3,36,-1,-1,-1,04T40@2,BUYER,0,-1,-1,-1,3
3291,T40,OTHER,115,3,36,-1,-1,-1,04T40@2,BUYER,0,-1,-1,-1,3
3290,OTHER,T16,115,1,10,76,-1,-1,SELLER,00T16@0,0,115,-1,-1,0
3289,OTHER,T16,115,1,10,76,-1,-1,SELLER,00T16@0,0,115,-1,-1,0
3288,OTHER,T16,115,1,10,76,-1,-1,SELLER,00T16@0,0,115,-1,-1,0
3287,OTHER,T16,115,2,10,76,-1,-1,SELLER,00T16@0,0,115,-1,-1,0
3286,T35,OTHER,115,2,36,76,-1,-1,05T35@2,BUYER,0,115,-1,-1,3
3285,T35,OTHER,115,3,36,76,-1,-1,05T35@2,BUYER,0,115,-1,-1,3
3284,T40,OTHER,115,1,36,76,-1,-1,04T40@2,BUYER,0,115,-1,-1,3
3282,OTHER,T16,115,3,10,76,-1,-1,SELLER,00T16@0,0,115,-1,-1,0
3280,OTHER,T16,115,3,10,76,-1,-1,SELLER,00T16@0,0,115,-1,-1,0
3279,OTHER,T16,115,1,10,76,-1,-1,SELLER,00T16@0,0,115,-1,-1,0
3278,T35,OTHER,115,2,36,76,-1,-1,05T35@2,BUYER,0,115,-1,-1,3
3277,OTHER,T35,115,1,10,76,-1,-1,SELLER,01T35@0,0,115,-1,-1,0
3276,OTHER,T16,115,2,10,76,-1,-1,SELLER,00T16@0,0,115,-1,-1,0
3275,OTHER,T35,115,2,10,76,-1,-1,SELLER,01T35@0,0,115,-1,-1,0
3274,T40,OTHER,115,3,36,76,-1,-1,04T40@2,BUYER,0,115,-1,-1,3
3273,OTHER,T35,115,2,10,76,-1,-1,SELLER,01T35@0,0,115,-1,-1,0
3281,T35,OTHER,115,3,36,76,-1,-1,05T35@2,BUYER,0,115,-1,-1,3
3305,T35,OTHER,116,1,36,77,-1,-1,05T35@2,BUYER,0,116,-1,-1,3
3306,OTHER,T16,116,2,10,77,-1,-1,SELLER,00T16@0,0,116,-1,-1,0
3307,OTHER,T16,116,1,10,77,-1,-1,SELLER,00T16@0,0,116,-1,-1,0
3308,T35,OTHER,116,2,36,77,-1,-1,05T35@2,BUYER,0,116,-1,-1,3
3313,T35,OTHER,116,4,36,77,-1,-1,05T35@2,BUYER,0,116,-1,-1,3
3310,OTHER,T35,116,2,10,77,-1,-1,SELLER,01T35@0,0,116,-1,-1,0
3311,T40,OTHER,116,1,36,77,-1,-1,04T40@2,BUYER,0,116,-1,-1,3
3312,T35,OTHER,116,2,36,77,-1,-1,05T35@2,BUYER,0,116,-1,-1,3
3314,OTHER,T35,116,1,10,77,-1,-1,SELLER,01T35@0,0,116,-1,-1,0
3309,T40,OTHER,116,2,36,77,-1,-1,04T40@2,BUYER,0,116,-1,-1,3
3304,OTHER,T16,116,1,10,77,-1,-1,SELLER,00T16@0,0,116,-1,-1,0
3303,OTHER,T35,116,1,10,77,-1,-1,SELLER,01T35@0,0,116,-1,-1,0
3301,OTHER,T16,116,2,10,77,-1,-1,SELLER,00T16@0,0,116,-1,-1,0
3300,T35,OTHER,116,4,36,77,-1,-1,05T35@2,BUYER,0,116,-1,-1,3
3299,T40,OTHER,116,2,36,77,-1,-1,04T40@2,BUYER,0,116,-1,-1,3
3298,OTHER,T35,116,4,10,77,-1,-1,SELLER,01T35@0,0,116,-1,-1,0
3297,T35,OTHER,116,1,36,77,-1,-1,05T35@2,BUYER,0,116,-1,-1,3
3296,OTHER,T16,116,1,10,77,-1,-1,SELLER,00T16@0,0,116,-1,-1,0
3295,OTHER,T16,116,2,10,77,-1,-1,SELLER,00T16@0,0,116,-1,-1,0
3294,OTHER,T16,116,2,10,77,-1,-1,SELLER,00T16@0,0,116,-1,-1,0
3293,T35,OTHER,116,1,36,77,-1,-1,05T35@2,BUYER,0,116,-1,-1,3
3302,OTHER,T16,116,1,10,77,-1,-1,SELLER,00T16@0,0,116,-1,-1,0
3329,OTHER,T16,117,2,10,78,-1,-1,SELLER,00T16@0,0,117,-1,-1,0
3330,T35,OTHER,117,1,36,78,-1,-1,05T35@2,BUYER,0,117,-1,-1,3
3331,OTHER,T35,117,1,10,78,-1,-1,SELLER,01T35@0,0,117,-1,-1,0
3332,OTHER,T35,117,1,10,78,-1,-1,SELLER,01T35@0,0,117,-1,-1,0
3333,OTHER,T35,117,1,10,78,-1,-1,SELLER,01T35@0,0,117,-1,-1,0
3339,T40,OTHER,117,3,36,-1,-1,-1,04T40@2,BUYER,0,-1,-1,-1,3
3335,OTHER,T16,117,1,10,78,-1,-1,SELLER,00T16@0,0,117,-1,-1,0
3336,OTHER,T35,117,1,10,78,-1,-1,SELLER,01T35@0,0,117,-1,-1,0
3337,T40,OTHER,117,1,36,-1,-1,-1,04T40@2,BUYER,0,-1,-1,-1,3
3328,T40,OTHER,117,1,36,78,-1,-1,04T40@2,BUYER,0,117,-1,-1,3
3334,T35,OTHER,117,2,36,78,-1,-1,05T35@2,BUYER,0,117,-1,-1,3
3327,OTHER,T35,117,3,10,78,-1,-1,SELLER,01T35@0,0,117,-1,-1,0
3338,T40,OTHER,117,1,36,-1,-1,-1,04T40@2,BUYER,0,-1,-1,-1,3
3325,OTHER,T35,117,2,10,78,-1,-1,SELLER,01T35@0,0,117,-1,-1,0
3315,T35,OTHER,117,4,36,78,-1,-1,05T35@2,BUYER,0,117,-1,-1,3
3316,OTHER,T16,117,1,10,78,-1,-1,SELLER,00T16@0,0,117,-1,-1,0
3317,OTHER,T35,117,1,10,78,-1,-1,SELLER,01T35@0,0,117,-1,-1,0
3318,OTHER,T35,117,2,10,78,-1,-1,SELLER,01T35@0,0,117,-1,-1,0
3319,T40,OTHER,117,4,36,78,-1,-1,04T40@2,BUYER,0,117,-1,-1,3
3326,OTHER,T35,117,1,10,78,-1,-1,SELLER,01T35@0,0,117,-1,-1,0
3321,OTHER,T16,117,2,10,78,-1,-1,SELLER,00T16@0,0,117,-1,-1,0
3322,T35,OTHER,117,1,36,78,-1,-1,05T35@2,BUYER,0,117,-1,-1,3
3323,T40,OTHER,117,1,36,78,-1,-1,04T40@2,BUYER,0,117,-1,-1,3
3324,OTHER,T16,117,1,10,78,-1,-1,SELLER,00T16@0,0,117,-1,-1,0
3320,T35,OTHER,117,1,36,78,-1,-1,05T35@2,BUYER,0,117,-1,-1,3
3351,OTHER,T16,118,2,10,79,-1,-1,SELLER,00T16@0,0,118,-1,-1,0
3359,T40,OTHER,118,2,36,-1,-1,-1,04T40@2,BUYER,0,-1,-1,-1,3
3358,T40,OTHER,118,1,36,-1,-1,-1,04T40@2,BUYER,0,-1,-1,-1,3
3357,T40,OTHER,118,1,36,-1,-1,-1,04T40@2,BUYER,0,-1,-1,-1,3
3356,T40,OTHER,118,1,36,-1,-1,-1,04T40@2,BUYER,0,-1,-1,-1,3
3355,OTHER,T35,118,1,10,79,-1,-1,SELLER,01T35@0,0,118,-1,-1,0
3354,OTHER,T35,118,2,10,79,-1,-1,SELLER,01T35@0,0,118,-1,-1,0
3353,OTHER,T35,118,1,10,79,-1,-1,SELLER,01T35@0,0,118,-1,-1,0
3352,OTHER,T16,118,3,10,79,-1,-1,SELLER,00T16@0,0,118,-1,-1,0
3360,T40,OTHER,118,2,36,-1,-1,-1,04T40@2,BUYER,0,-1,-1,-1,3
3349,T35,OTHER,118,2,36,79,-1,-1,05T35@2,BUYER,0,118,-1,-1,3
3348,OTHER,T35,118,3,10,79,-1,-1,SELLER,01T35@0,0,118,-1,-1,0
3347,T40,OTHER,118,1,36,79,-1,-1,04T40@2,BUYER,0,118,-1,-1,3
3346,OTHER,T16,118,1,10,79,-1,-1,SELLER,00T16@0,0,118,-1,-1,0
3345,OTHER,T35,118,2,10,79,-1,-1,SELLER,01T35@0,0,118,-1,-1,0
3344,T35,OTHER,118,3,36,79,-1,-1,05T35@2,BUYER,0,118,-1,-1,3
3343,T40,OTHER,118,3,36,79,-1,-1,04T40@2,BUYER,0,118,-1,-1,3
3342,OTHER,T35,118,2,10,79,-1,-1,SELLER,01T35@0,0,118,-1,-1,0
3341,T35,OTHER,118,3,36,79,-1,-1,05T35@2,BUYER,0,118,-1,-1,3
3340,OTHER,T16,118,3,10,79,-1,-1,SELLER,00T16@0,0,118,-1,-1,0
3350,T35,OTHER,118,1,36,79,-1,-1,05T35@2,BUYER,0,118,-1,-1,3
3374,T40,OTHER,119,2,36,80,-1,-1,04T40@2,BUYER,0,119,-1,-1,3
3375,OTHER,T35,119,2,10,80,-1,-1,SELLER,01T35@0,0,119,-1,-1,0
3376,T35,OTHER,119,2,36,80,-1,-1,05T35@2,BUYER,0,119,-1,-1,3
3377,T35,OTHER,119,3,36,80,-1,-1,05T35@2,BUYER,0,119,-1,-1,3
3382,T40,OTHER,119,3,36,-1,-1,-1,04T40@2,BUYER,0,-1,-1,-1,3
3379,OTHER,T35,119,1,10,80,-1,-1,SELLER,01T35@0,0,119,-1,-1,0
3380,OTHER,T16,119,1,10,80,-1,-1,SELLER,00T16@0,0,119,-1,-1,0
3381,OTHER,T35,119,2,10,80,-1,-1,SELLER,01T35@0,0,119,-1,-1,0
3373,T40,OTHER,119,3,36,80,-1,-1,04T40@2,BUYER,0,119,-1,-1,3
3378,T35,OTHER,119,2,36,80,-1,-1,05T35@2,BUYER,0,119,-1,-1,3
3372,OTHER,T16,119,1,10,80,-1,-1,SELLER,00T16@0,0,119,-1,-1,0
3370,OTHER,T16,119,2,10,80,-1,-1,SELLER,00T16@0,0,119,-1,-1,0
3361,T35,OTHER,119,1,36,80,-1,-1,05T35@2,BUYER,0,119,-1,-1,3
3369,OTHER,T16,119,2,10,80,-1,-1,SELLER,00T16@0,0,119,-1,-1,0
3368,T35,OTHER,119,2,36,80,-1,-1,05T35@2,BUYER,0,119,-1,-1,3
3367,OTHER,T16,119,2,10,80,-1,-1,SELLER,00T16@0,0,119,-1,-1,0
3366,OTHER,T16,119,1,10,80,-1,-1,SELLER,00T16@0,0,119,-1,-1,0
3365,T35,OTHER,119,2,36,80,-1,-1,05T35@2,BUYER,0,119,-1,-1,3
3364,OTHER,T35,119,2,10,80,-1,-1,SELLER,01T35@0,0,119,-1,-1,0
3363,OTHER,T35,119,1,10,80,-1,-1,SELLER,01T35@0,0,119,-1,-1,0
3362,OTHER,T16,119,1,10,80,-1,-1,SELLER,00T16@0,0,119,-1,-1,0
3371,OTHER,T16,119,2,10,80,-1,-1,SELLER,00T16@0,0,119,-1,-1,0
3396,OTHER,T16,120,3,10,81,-1,-1,SELLER,00T16@0,0,120,-1,-1,0
3397,T35,OTHER,120,1,36,81,-1,-1,05T35@2,BUYER,0,120,-1,-1,3
3398,T35,OTHER,120,1,36,81,-1,-1,05T35@2,BUYER,0,120,-1,-1,3
3399,T35,OTHER,120,3,36,81,-1,-1,05T35@2,BUYER,0,120,-1,-1,3
3404,T40,OTHER,120,1,36,-1,-1,-1,04T40@2,BUYER,0,-1,-1,-1,3
3402,T40,OTHER,120,1,36,-1,-1,-1,04T40@2,BUYER,0,-1,-1,-1,3
3403,T40,OTHER,120,2,36,-1,-1,-1,04T40@2,BUYER,0,-1,-1,-1,3
3395,OTHER,T16,120,2,10,81,-1,-1,SELLER,00T16@0,0,120,-1,-1,0
3400,OTHER,T16,120,1,10,81,-1,-1,SELLER,00T16@0,0,120,-1,-1,0
3394,OTHER,T35,120,2,10,81,-1,-1,SELLER,01T35@0,0,120,-1,-1,0
3401,OTHER,T35,120,4,10,81,-1,-1,SELLER,01T35@0,0,120,-1,-1,0
3392,OTHER,T16,120,2,10,81,-1,-1,SELLER,00T16@0,0,120,-1,-1,0
3393,OTHER,T35,120,2,10,81,-1,-1,SELLER,01T35@0,0,120,-1,-1,0
3384,OTHER,T16,120,2,10,81,-1,-1,SELLER,00T16@0,0,120,-1,-1,0
3385,T40,OTHER,120,1,36,81,-1,-1,04T40@2,BUYER,0,120,-1,-1,3
3386,T35,OTHER,120,2,36,81,-1,-1,05T35@2,BUYER,0,120,-1,-1,3
3383,OTHER,T16,120,1,10,81,-1,-1,SELLER,00T16@0,0,120,-1,-1,0
3388,T35,OTHER,120,3,36,81,-1,-1,05T35@2,BUYER,0,120,-1,-1,3
3389,T40,OTHER,120,1,36,81,-1,-1,04T40@2,BUYER,0,120,-1,-1,3
3390,T40,OTHER,120,2,36,81,-1,-1,04T40@2,BUYER,0,120,-1,-1,3
3391,OTHER,T16,120,1,10,81,-1,-1,SELLER,00T16@0,0,120,-1,-1,0
3387,T40,OTHER,120,2,36,81,-1,-1,04T40@2,BUYER,0,120,-1,-1,3
3424,T40,OTHER,121,2,36,-1,-1,-1,04T40@2,BUYER,0,-1,-1,-1,3
3416,T35,OTHER,121,1,36,82,-1,-1,05T35@2,BUYER,0,121,-1,-1,3
3423,T40,OTHER,121,1,36,-1,-1,-1,04T40@2,BUYER,0,-1,-1,-1,3
3422,T40,OTHER,121,1,36,-1,-1,-1,04T40@2,BUYER,0,-1,-1,-1,3
3421,T40,OTHER,121,2,36,-1,-1,-1,04T40@2,BUYER,0,-1,-1,-1,3
3420,OTHER,T35,121,4,10,82,-1,-1,SELLER,01T35@0,0,121,-1,-1,0
3419,T35,OTHER,121,1,36,82,-1,-1,05T35@2,BUYER,0,121,-1,-1,3
3418,OTHER,T16,121,2,10,82,-1,-1,SELLER,00T16@0,0,121,-1,-1,0
3417,OTHER,T16,121,1,10,82,-1,-1,SELLER,00T16@0,0,121,-1,-1,0
3415,T35,OTHER,121,3,36,82,-1,-1,05T35@2,BUYER,0,121,-1,-1,3
3411,T35,OTHER,121,3,36,82,-1,-1,05T35@2,BUYER,0,121,-1,-1,3
3413,OTHER,T35,121,2,10,82,-1,-1,SELLER,01T35@0,0,121,-1,-1,0
3412,OTHER,T35,121,3,10,82,-1,-1,SELLER,01T35@0,0,121,-1,-1,0
3410,T35,OTHER,121,3,36,82,-1,-1,05T35@2,BUYER,0,121,-1,-1,3
3409,OTHER,T16,121,3,10,82,-1,-1,SELLER,00T16@0,0,121,-1,-1,0
3408,OTHER,T35,121,1,10,82,-1,-1,SELLER,01T35@0,0,121,-1,-1,0
3407,T35,OTHER,121,2,36,82,-1,-1,05T35@2,BUYER,0,121,-1,-1,3
3406,T35,OTHER,121,1,36,82,-1,-1,05T35@2,BUYER,0,121,-1,-1,3
3405,OTHER,T16,121,3,10,82,-1,-1,SELLER,00T16@0,0,121,-1,-1,0
3414,OTHER,T35,121,1,10,82,-1,-1,SELLER,01T35@0,0,121,-1,-1,0
3443,T40,OTHER,122,1,36,-1,-1,-1,04T40@2,BUYER,0,-1,-1,-1,3
3439,T35,OTHER,122,1,36,83,-1,-1,05T35@2,BUYER,0,122,-1,-1,3
3441,T35,OTHER,122,4,36,83,-1,-1,05T35@2,BUYER,0,122,-1,-1,3
3442,OTHER,T16,122,4,10,83,-1,-1,SELLER,00T16@0,0,122,-1,-1,0
3444,T40,OTHER,122,3,36,-1,-1,-1,04T40@2,BUYER,0,-1,-1,-1,3
3438,T35,OTHER,122,1,36,83,-1,-1,05T35@2,BUYER,0,122,-1,-1,3
3446,T40,OTHER,122,1,36,-1,-1,-1,04T40@2,BUYER,0,-1,-1,-1,3
3447,T40,OTHER,122,2,36,-1,-1,-1,04T40@2,BUYER,0,-1,-1,-1,3
3448,T40,OTHER,122,1,36,-1,-1,-1,04T40@2,BUYER,0,-1,-1,-1,3
3449,T40,OTHER,122,1,36,-1,-1,-1,04T40@2,BUYER,0,-1,-1,-1,3
3445,T40,OTHER,122,1,36,-1,-1,-1,04T40@2,BUYER,0,-1,-1,-1,3
3437,T35,OTHER,122,3,36,83,-1,-1,05T35@2,BUYER,0,122,-1,-1,3
3440,OTHER,T35,122,2,10,83,-1,-1,SELLER,01T35@0,0,122,-1,-1,0
3435,T35,OTHER,122,1,36,83,-1,-1,05T35@2,BUYER,0,122,-1,-1,3
3425,OTHER,T16,122,1,10,83,-1,-1,SELLER,00T16@0,0,122,-1,-1,0
3426,OTHER,T16,122,1,10,83,-1,-1,SELLER,00T16@0,0,122,-1,-1,0
3427,OTHER,T35,122,2,10,83,-1,-1,SELLER,01T35@0,0,122,-1,-1,0
3428,OTHER,T16,122,1,10,83,-1,-1,SELLER,00T16@0,0,122,-1,-1,0
3429,OTHER,T35,122,1,10,83,-1,-1,SELLER,01T35@0,0,122,-1,-1,0
3436,OTHER,T16,122,1,10,83,-1,-1,SELLER,00T16@0,0,122,-1,-1,0
3431,OTHER,T35,122,1,10,83,-1,-1,SELLER,01T35@0,0,122,-1,-1,0
3432,OTHER,T35,122,2,10,83,-1,-1,SELLER,01T35@0,0,122,-1,-1,0
3433,OTHER,T16,122,2,10,83,-1,-1,SELLER,00T16@0,0,122,-1,-1,0
3430,OTHER,T16,122,1,10,83,-1,-1,SELLER,00T16@0,0,122,-1,-1,0
3434,OTHER,T35,122,1,10,83,-1,-1,SELLER,01T35@0,0,122,-1,-1,0
3471,T40,OTHER,123,1,36,-1,-1,-1,04T40@2,BUYER,0,-1,-1,-1,3
3470,T40,OTHER,123,2,36,-1,-1,-1,04T40@2,BUYER,0,-1,-1,-1,3
3469,T40,OTHER,123,2,36,-1,-1,-1,04T40@2,BUYER,0,-1,-1,-1,3
3468,OTHER,T16,123,1,10,84,-1,-1,SELLER,00T16@0,0,123,-1,-1,0
3467,OTHER,T16,123,1,10,84,-1,-1,SELLER,00T16@0,0,123,-1,-1,0
3466,OTHER,T16,123,3,10,84,-1,-1,SELLER,00T16@0,0,123,-1,-1,0
3465,OTHER,T16,123,2,10,84,-1,-1,SELLER,00T16@0,0,123,-1,-1,0
3464,OTHER,T16,123,2,10,84,-1,-1,SELLER,00T16@0,0,123,-1,-1,0
3463,OTHER,T16,123,1,10,84,-1,-1,SELLER,00T16@0,0,123,-1,-1,0
3462,T35,OTHER,123,1,36,84,-1,-1,05T35@2,BUYER,0,123,-1,-1,3
3461,OTHER,T35,123,2,10,84,-1,-1,SELLER,01T35@0,0,123,-1,-1,0
3472,T40,OTHER,123,2,36,-1,-1,-1,04T40@2,BUYER,0,-1,-1,-1,3
3459,T40,OTHER,123,1,36,84,-1,-1,04T40@2,BUYER,0,123,-1,-1,3
3450,OTHER,T16,123,1,10,84,-1,-1,SELLER,00T16@0,0,123,-1,-1,0
3451,T40,OTHER,123,2,36,84,-1,-1,04T40@2,BUYER,0,123,-1,-1,3
3452,T40,OTHER,123,2,36,84,-1,-1,04T40@2,BUYER,0,123,-1,-1,3
3453,T35,OTHER,123,1,36,84,-1,-1,05T35@2,BUYER,0,123,-1,-1,3
3460,OTHER,T35,123,4,10,84,-1,-1,SELLER,01T35@0,0,123,-1,-1,0
3455,T40,OTHER,123,1,36,84,-1,-1,04T40@2,BUYER,0,123,-1,-1,3
3456,T35,OTHER,123,1,36,84,-1,-1,05T35@2,BUYER,0,123,-1,-1,3
3457,T35,OTHER,123,4,36,84,-1,-1,05T35@2,BUYER,0,123,-1,-1,3
3458,OTHER,T35,123,1,10,84,-1,-1,SELLER,01T35@0,0,123,-1,-1,0
3454,OTHER,T16,123,2,10,84,-1,-1,SELLER,00T16@0,0,123,-1,-1,0
3485,OTHER,T16,124,2,10,85,-1,-1,SELLER,00T16@0,0,124,-1,-1,0
3494,T40,OTHER,124,2,36,-1,-1,-1,04T40@2,BUYER,0,-1,-1,-1,3
3493,T40,OTHER,124,2,36,-1,-1,-1,04T40@2,BUYER,0,-1,-1,-1,3
3492,OTHER,T16,124,1,10,85,-1,-1,SELLER,00T16@0,0,124,-1,-1,0
3491,T35,OTHER,124,1,36,85,-1,-1,05T35@2,BUYER,0,124,-1,-1,3
3490,OTHER,T16,124,1,10,85,-1,-1,SELLER,00T16@0,0,124,-1,-1,0
3489,OTHER,T16,124,3,10,85,-1,-1,SELLER,00T16@0,0,124,-1,-1,0
3488,T35,OTHER,124,2,36,85,-1,-1,05T35@2,BUYER,0,124,-1,-1,3
3487,OTHER,T16,124,2,10,85,-1,-1,SELLER,00T16@0,0,124,-1,-1,0
3486,OTHER,T35,124,1,10,85,-1,-1,SELLER,01T35@0,0,124,-1,-1,0
3495,T40,OTHER,124,2,36,-1,-1,-1,04T40@2,BUYER,0,-1,-1,-1,3
3484,OTHER,T35,124,2,10,85,-1,-1,SELLER,01T35@0,0,124,-1,-1,0
3482,T40,OTHER,124,1,36,85,-1,-1,04T40@2,BUYER,0,124,-1,-1,3
3483,OTHER,T35,124,1,10,85,-1,-1,SELLER,01T35@0,0,124,-1,-1,0
3473,T35,OTHER,124,3,36,85,-1,-1,05T35@2,BUYER,0,124,-1,-1,3
3474,T35,OTHER,124,1,36,85,-1,-1,05T35@2,BUYER,0,124,-1,-1,3
3476,T40,OTHER,124,2,36,85,-1,-1,04T40@2,BUYER,0,124,-1,-1,3
3475,OTHER,T16,124,2,10,85,-1,-1,SELLER,00T16@0,0,124,-1,-1,0
3478,T40,OTHER,124,1,36,85,-1,-1,04T40@2,BUYER,0,124,-1,-1,3
3479,OTHER,T35,124,4,10,85,-1,-1,SELLER,01T35@0,0,124,-1,-1,0
3480,T40,OTHER,124,1,36,85,-1,-1,04T40@2,BUYER,0,124,-1,-1,3
3481,OTHER,T16,124,1,10,85,-1,-1,SELLER,00T16@0,0,124,-1,-1,0
3477,T40,OTHER,124,2,36,85,-1,-1,04T40@2,BUYER,0,124,-1,-1,3
3518,T40,OTHER,125,1,36,-1,-1,-1,04T40@2,BUYER,0,-1,-1,-1,3
3517,T40,OTHER,125,1,36,-1,-1,-1,04T40@2,BUYER,0,-1,-1,-1,3
3516,T40,OTHER,125,1,36,-1,-1,-1,04T40@2,BUYER,0,-1,-1,-1,3
3515,T40,OTHER,125,2,36,-1,-1,-1,04T40@2,BUYER,0,-1,-1,-1,3
3514,T40,OTHER,125,2,36,-1,-1,-1,04T40@2,BUYER,0,-1,-1,-1,3
3513,OTHER,T35,125,1,10,86,-1,-1,SELLER,01T35@0,0,125,-1,-1,0
3512,OTHER,T16,125,1,10,86,-1,-1,SELLER,00T16@0,0,125,-1,-1,0
3511,T35,OTHER,125,3,36,86,-1,-1,05T35@2,BUYER,0,125,-1,-1,3
3510,OTHER,T16,125,3,10,86,-1,-1,SELLER,00T16@0,0,125,-1,-1,0
3509,OTHER,T35,125,3,10,86,-1,-1,SELLER,01T35@0,0,125,-1,-1,0
3508,OTHER,T35,125,1,10,86,-1,-1,SELLER,01T35@0,0,125,-1,-1,0
3507,OTHER,T35,125,3,10,86,-1,-1,SELLER,01T35@0,0,125,-1,-1,0
3505,OTHER,T16,125,2,10,86,-1,-1,SELLER,00T16@0,0,125,-1,-1,0
3496,OTHER,T16,125,1,10,86,-1,-1,SELLER,00T16@0,0,125,-1,-1,0
3497,OTHER,T35,125,2,10,86,-1,-1,SELLER,01T35@0,0,125,-1,-1,0
3498,T35,OTHER,125,3,36,86,-1,-1,05T35@2,BUYER,0,125,-1,-1,3
3499,T35,OTHER,125,1,36,86,-1,-1,05T35@2,BUYER,0,125,-1,-1,3
3506,OTHER,T35,125,1,10,86,-1,-1,SELLER,01T35@0,0,125,-1,-1,0
3501,T40,OTHER,125,2,36,86,-1,-1,04T40@2,BUYER,0,125,-1,-1,3
3502,OTHER,T35,125,2,10,86,-1,-1,SELLER,01T35@0,0,125,-1,-1,0
3503,T40,OTHER,125,1,36,86,-1,-1,04T40@2,BUYER,0,125,-1,-1,3
3504,T40,OTHER,125,1,36,86,-1,-1,04T40@2,BUYER,0,125,-1,-1,3
3500,T40,OTHER,125,2,36,86,-1,-1,04T40@2,BUYER,0,125,-1,-1,3
3532,OTHER,T35,126,2,10,87,-1,-1,SELLER,01T35@0,0,126,-1,-1,0
3541,T40,OTHER,126,3,36,-1,-1,-1,04T40@2,BUYER,0,-1,-1,-1,3
3540,OTHER,T35,126,1,10,87,-1,-1,SELLER,01T35@0,0,126,-1,-1,0
3539,T35,OTHER,126,1,36,87,-1,-1,05T35@2,BUYER,0,126,-1,-1,3
3538,T40,OTHER,126,1,36,87,-1,-1,04T40@2,BUYER,0,126,-1,-1,3
3537,T35,OTHER,126,5,36,87,-1,-1,05T35@2,BUYER,0,126,-1,-1,3
3536,OTHER,T16,126,1,10,87,-1,-1,SELLER,00T16@0,0,126,-1,-1,0
3535,T35,OTHER,126,1,36,87,-1,-1,05T35@2,BUYER,0,126,-1,-1,3
3534,OTHER,T35,126,1,10,87,-1,-1,SELLER,01T35@0,0,126,-1,-1,0
3533,OTHER,T35,126,1,10,87,-1,-1,SELLER,01T35@0,0,126,-1,-1,0
3531,T35,OTHER,126,1,36,87,-1,-1,05T35@2,BUYER,0,126,-1,-1,3
3530,T40,OTHER,126,1,36,87,-1,-1,04T40@2,BUYER,0,126,-1,-1,3
3529,OTHER,T35,126,4,10,87,-1,-1,SELLER,01T35@0,0,126,-1,-1,0
3520,OTHER,T16,126,2,10,87,-1,-1,SELLER,00T16@0,0,126,-1,-1,0
3521,T35,OTHER,126,2,36,87,-1,-1,05T35@2,BUYER,0,126,-1,-1,3
3522,T35,OTHER,126,1,36,87,-1,-1,05T35@2,BUYER,0,126,-1,-1,3
3523,T40,OTHER,126,1,36,87,-1,-1,04T40@2,BUYER,0,126,-1,-1,3
3519,OTHER,T16,126,5,10,87,-1,-1,SELLER,00T16@0,0,126,-1,-1,0
3525,OTHER,T16,126,1,10,87,-1,-1,SELLER,00T16@0,0,126,-1,-1,0
3526,OTHER,T16,126,1,10,87,-1,-1,SELLER,00T16@0,0,126,-1,-1,0
3527,T40,OTHER,126,2,36,87,-1,-1,04T40@2,BUYER,0,126,-1,-1,3
3528,T40,OTHER,126,1,36,87,-1,-1,04T40@2,BUYER,0,126,-1,-1,3
3524,OTHER,T35,126,1,10,87,-1,-1,SELLER,01T35@0,0,126,-1,-1,0
3554,T40,OTHER,127,3,36,88,-1,-1,04T40@2,BUYER,0,127,-1,-1,3
3563,T40,OTHER,127,2,36,-1,-1,-1,04T40@2,BUYER,0,-1,-1,-1,3
3562,T35,OTHER,127,2,36,88,-1,-1,05T35@2,BUYER,0,127,-1,-1,3
3561,T35,OTHER,127,2,36,88,-1,-1,05T35@2,BUYER,0,127,-1,-1,3
3560,OTHER,T16,127,1,10,88,-1,-1,SELLER,00T16@0,0,127,-1,-1,0
3559,T35,OTHER,127,1,36,88,-1,-1,05T35@2,BUYER,0,127,-1,-1,3
3558,OTHER,T35,127,3,10,88,-1,-1,SELLER,01T35@0,0,127,-1,-1,0
3557,OTHER,T16,127,2,10,88,-1,-1,SELLER,00T16@0,0,127,-1,-1,0
3556,OTHER,T16,127,1,10,88,-1,-1,SELLER,00T16@0,0,127,-1,-1,0
3555,OTHER,T16,127,1,10,88,-1,-1,SELLER,00T16@0,0,127,-1,-1,0
3553,T40,OTHER,127,3,36,88,-1,-1,04T40@2,BUYER,0,127,-1,-1,3
3542,T35,OTHER,127,1,36,88,-1,-1,05T35@2,BUYER,0,127,-1,-1,3
3551,T35,OTHER,127,2,36,88,-1,-1,05T35@2,BUYER,0,127,-1,-1,3
3550,T35,OTHER,127,2,36,88,-1,-1,05T35@2,BUYER,0,127,-1,-1,3
3549,T35,OTHER,127,1,36,88,-1,-1,05T35@2,BUYER,0,127,-1,-1,3
3548,OTHER,T35,127,4,10,88,-1,-1,SELLER,01T35@0,0,127,-1,-1,0
3547,OTHER,T16,127,3,10,88,-1,-1,SELLER,00T16@0,0,127,-1,-1,0
3546,T40,OTHER,127,1,36,88,-1,-1,04T40@2,BUYER,0,127,-1,-1,3
3545,OTHER,T16,127,1,10,88,-1,-1,SELLER,00T16@0,0,127,-1,-1,0
3544,OTHER,T16,127,1,10,88,-1,-1,SELLER,00T16@0,0,127,-1,-1,0
3543,OTHER,T16,127,1,10,88,-1,-1,SELLER,00T16@0,0,127,-1,-1,0
3552,OTHER,T16,127,2,10,88,-1,-1,SELLER,00T16@0,0,127,-1,-1,0
3579,OTHER,T16,128,1,10,89,-1,-1,SELLER,00T16@0,0,128,-1,-1,0
3580,OTHER,T16,128,2,10,89,-1,-1,SELLER,00T16@0,0,128,-1,-1,0
3581,OTHER,T16,128,2,10,89,-1,-1,SELLER,00T16@0,0,128,-1,-1,0
3582,T35,OTHER,128,3,36,89,-1,-1,05T35@2,BUYER,0,128,-1,-1,3
3583,OTHER,T35,128,1,10,89,-1,-1,SELLER,01T35@0,0,128,-1,-1,0
3589,T40,OTHER,128,2,36,-1,-1,-1,04T40@2,BUYER,0,-1,-1,-1,3
3585,OTHER,T16,128,1,10,89,-1,-1,SELLER,00T16@0,0,128,-1,-1,0
3586,OTHER,T16,128,1,10,89,-1,-1,SELLER,00T16@0,0,128,-1,-1,0
3587,T35,OTHER,128,1,36,89,-1,-1,05T35@2,BUYER,0,128,-1,-1,3
3588,OTHER,T35,128,3,10,89,-1,-1,SELLER,01T35@0,0,128,-1,-1,0
3578,T35,OTHER,128,1,36,89,-1,-1,05T35@2,BUYER,0,128,-1,-1,3
3584,OTHER,T35,128,2,10,89,-1,-1,SELLER,01T35@0,0,128,-1,-1,0
3577,OTHER,T16,128,2,10,89,-1,-1,SELLER,00T16@0,0,128,-1,-1,0
3565,T35,OTHER,128,1,36,89,-1,-1,05T35@2,BUYER,0,128,-1,-1,3
3575,T35,OTHER,128,1,36,89,-1,-1,05T35@2,BUYER,0,128,-1,-1,3
3576,T40,OTHER,128,1,36,89,-1,-1,04T40@2,BUYER,0,128,-1,-1,3
3566,T40,OTHER,128,2,36,89,-1,-1,04T40@2,BUYER,0,128,-1,-1,3
3567,T35,OTHER,128,2,36,89,-1,-1,05T35@2,BUYER,0,128,-1,-1,3
3568,T40,OTHER,128,2,36,89,-1,-1,04T40@2,BUYER,0,128,-1,-1,3
3569,OTHER,T35,128,2,10,89,-1,-1,SELLER,01T35@0,0,128,-1,-1,0
3564,T35,OTHER,128,1,36,89,-1,-1,05T35@2,BUYER,0,128,-1,-1,3
3571,OTHER,T35,128,2,10,89,-1,-1,SELLER,01T35@0,0,128,-1,-1,0
3572,T40,OTHER,128,1,36,89,-1,-1,04T40@2,BUYER,0,128,-1,-1,3
3573,T40,OTHER,128,1,36,89,-1,-1,04T40@2,BUYER,0,128,-1,-1,3
3574,T35,OTHER,128,1,36,89,-1,-1,05T35@2,BUYER,0,128,-1,-1,3
3570,OTHER,T35,128,1,10,89,-1,-1,SELLER,01T35@0,0,128,-1,-1,0
3602,OTHER,T16,129,2,10,90,-1,-1,SELLER,00T16@0,0,129,-1,-1,0
3610,T40,OTHER,129,1,36,-1,-1,-1,04T40@2,BUYER,0,-1,-1,-1,3
3609,T40,OTHER,129,1,36,-1,-1,-1,04T40@2,BUYER,0,-1,-1,-1,3
3608,T40,OTHER,129,4,36,-1,-1,-1,04T40@2,BUYER,0,-1,-1,-1,3
3607,OTHER,T16,129,1,10,90,-1,-1,SELLER,00T16@0,0,129,-1,-1,0
3606,OTHER,T35,129,1,10,90,-1,-1,SELLER,01T35@0,0,129,-1,-1,0
3605,OTHER,T35,129,2,10,90,-1,-1,SELLER,01T35@0,0,129,-1,-1,0
3604,T35,OTHER,129,1,36,90,-1,-1,05T35@2,BUYER,0,129,-1,-1,3
3603,OTHER,T35,129,1,10,90,-1,-1,SELLER,01T35@0,0,129,-1,-1,0
3601,OTHER,T16,129,1,10,90,-1,-1,SELLER,00T16@0,0,129,-1,-1,0
3611,T40,OTHER,129,3,36,-1,-1,-1,04T40@2,BUYER,0,-1,-1,-1,3
3599,OTHER,T16,129,2,10,90,-1,-1,SELLER,00T16@0,0,129,-1,-1,0
3590,T40,OTHER,129,4,36,90,-1,-1,04T40@2,BUYER,0,129,-1,-1,3
3591,OTHER,T16,129,1,10,90,-1,-1,SELLER,00T16@0,0,129,-1,-1,0
3592,T35,OTHER,129,2,36,90,-1,-1,05T35@2,BUYER,0,129,-1,-1,3
3593,OTHER,T35,129,3,10,90,-1,-1,SELLER,01T35@0,0,129,-1,-1,0
3600,OTHER,T16,129,1,10,90,-1,-1,SELLER,00T16@0,0,129,-1,-1,0
3595,T40,OTHER,129,1,36,90,-1,-1,04T40@2,BUYER,0,129,-1,-1,3
3596,T35,OTHER,129,2,36,90,-1,-1,05T35@2,BUYER,0,129,-1,-1,3
3597,OTHER,T16,129,2,10,90,-1,-1,SELLER,00T16@0,0,129,-1,-1,0
3598,OTHER,T16,129,3,10,90,-1,-1,SELLER,00T16@0,0,129,-1,-1,0
3594,T40,OTHER,129,1,36,90,-1,-1,04T40@2,BUYER,0,129,-1,-1,3
3623,T40,OTHER,130,1,36,91,-1,-1,04T40@2,BUYER,0,130,-1,-1,3
3632,T40,OTHER,130,2,36,-1,-1,-1,04T40@2,BUYER,0,-1,-1,-1,3
3631,T35,OTHER,130,3,36,91,-1,-1,05T35@2,BUYER,0,130,-1,-1,3
3630,OTHER,T35,130,1,10,91,-1,-1,SELLER,01T35@0,0,130,-1,-1,0
3629,T35,OTHER,130,3,36,91,-1,-1,05T35@2,BUYER,0,130,-1,-1,3
3628,OTHER,T16,130,2,10,91,-1,-1,SELLER,00T16@0,0,130,-1,-1,0
3627,OTHER,T35,130,1,10,91,-1,-1,SELLER,01T35@0,0,130,-1,-1,0
3626,OTHER,T35,130,2,10,91,-1,-1,SELLER,01T35@0,0,130,-1,-1,0
3625,OTHER,T16,130,1,10,91,-1,-1,SELLER,00T16@0,0,130,-1,-1,0
3624,OTHER,T35,130,2,10,91,-1,-1,SELLER,01T35@0,0,130,-1,-1,0
3633,T40,OTHER,130,5,36,-1,-1,-1,04T40@2,BUYER,0,-1,-1,-1,3
3622,T35,OTHER,130,1,36,91,-1,-1,05T35@2,BUYER,0,130,-1,-1,3
3620,T40,OTHER,130,2,36,91,-1,-1,04T40@2,BUYER,0,130,-1,-1,3
3619,OTHER,T35,130,1,10,91,-1,-1,SELLER,01T35@0,0,130,-1,-1,0
3618,OTHER,T16,130,1,10,91,-1,-1,SELLER,00T16@0,0,130,-1,-1,0
3617,OTHER,T16,130,1,10,91,-1,-1,SELLER,00T16@0,0,130,-1,-1,0
3616,T35,OTHER,130,1,36,91,-1,-1,05T35@2,BUYER,0,130,-1,-1,3
3615,T40,OTHER,130,1,36,91,-1,-1,04T40@2,BUYER,0,130,-1,-1,3
3614,T35,OTHER,130,1,36,91,-1,-1,05T35@2,BUYER,0,130,-1,-1,3
3613,OTHER,T35,130,2,10,91,-1,-1,SELLER,01T35@0,0,130,-1,-1,0
3612,OTHER,T16,130,3,10,91,-1,-1,SELLER,00T16@0,0,130,-1,-1,0
3621,OTHER,T16,130,3,10,91,-1,-1,SELLER,00T16@0,0,130,-1,-1,0
3648,OTHER,T35,131,1,10,92,-1,-1,SELLER,01T35@0,0,131,-1,-1,0
3649,T35,OTHER,131,1,36,92,-1,-1,05T35@2,BUYER,0,131,-1,-1,3
3650,OTHER,T35,131,2,10,92,-1,-1,SELLER,01T35@0,0,131,-1,-1,0
3651,OTHER,T16,131,1,10,92,-1,-1,SELLER,00T16@0,0,131,-1,-1,0
3656,T40,OTHER,131,1,36,-1,-1,-1,04T40@2,BUYER,0,-1,-1,-1,3
3653,T40,OTHER,131,2,36,-1,-1,-1,04T40@2,BUYER,0,-1,-1,-1,3
3654,T40,OTHER,131,3,36,-1,-1,-1,04T40@2,BUYER,0,-1,-1,-1,3
3655,T40,OTHER,131,1,36,-1,-1,-1,04T40@2,BUYER,0,-1,-1,-1,3
3647,OTHER,T16,131,3,10,92,-1,-1,SELLER,00T16@0,0,131,-1,-1,0
3652,T40,OTHER,131,1,36,-1,-1,-1,04T40@2,BUYER,0,-1,-1,-1,3
3646,OTHER,T16,131,2,10,92,-1,-1,SELLER,00T16@0,0,131,-1,-1,0
3644,OTHER,T16,131,1,10,92,-1,-1,SELLER,00T16@0,0,131,-1,-1,0
3634,T35,OTHER,131,1,36,92,-1,-1,05T35@2,BUYER,0,131,-1,-1,3
3643,T35,OTHER,131,2,36,92,-1,-1,05T35@2,BUYER,0,131,-1,-1,3
3642,T35,OTHER,131,2,36,92,-1,-1,05T35@2,BUYER,0,131,-1,-1,3
3641,OTHER,T16,131,4,10,92,-1,-1,SELLER,00T16@0,0,131,-1,-1,0
3640,T40,OTHER,131,1,36,92,-1,-1,04T40@2,BUYER,0,131,-1,-1,3
3639,OTHER,T35,131,1,10,92,-1,-1,SELLER,01T35@0,0,131,-1,-1,0
3638,OTHER,T16,131,2,10,92,-1,-1,SELLER,00T16@0,0,131,-1,-1,0
3637,T40,OTHER,131,4,36,92,-1,-1,04T40@2,BUYER,0,131,-1,-1,3
3636,OTHER,T16,131,1,10,92,-1,-1,SELLER,00T16@0,0,131,-1,-1,0
3635,T40,OTHER,131,1,36,92,-1,-1,04T40@2,BUYER,0,131,-1,-1,3
3645,OTHER,T35,131,2,10,92,-1,-1,SELLER,01T35@0,0,131,-1,-1,0
3670,OTHER,T16,132,1,10,93,-1,-1,SELLER,00T16@0,0,132,-1,-1,0
3671,T35,OTHER,132,3,36,93,-1,-1,05T35@2,BUYER,0,132,-1,-1,3
3672,T35,OTHER,132,1,36,93,-1,-1,05T35@2,BUYER,0,132,-1,-1,3
3673,OTHER,T35,132,1,10,93,-1,-1,SELLER,01T35@0,0,132,-1,-1,0
3678,T40,OTHER,132,3,36,-1,-1,-1,04T40@2,BUYER,0,-1,-1,-1,3
3676,OTHER,T35,132,1,10,93,-1,-1,SELLER,01T35@0,0,132,-1,-1,0
3677,T40,OTHER,132,3,36,-1,-1,-1,04T40@2,BUYER,0,-1,-1,-1,3
3669,OTHER,T16,132,1,10,93,-1,-1,SELLER,00T16@0,0,132,-1,-1,0
3675,T35,OTHER,132,1,36,93,-1,-1,05T35@2,BUYER,0,132,-1,-1,3
3668,OTHER,T16,132,1,10,93,-1,-1,SELLER,00T16@0,0,132,-1,-1,0
3674,T35,OTHER,132,1,36,93,-1,-1,05T35@2,BUYER,0,132,-1,-1,3
3666,T35,OTHER,132,1,36,93,-1,-1,05T35@2,BUYER,0,132,-1,-1,3
3667,OTHER,T35,132,3,10,93,-1,-1,SELLER,01T35@0,0,132,-1,-1,0
3658,OTHER,T35,132,4,10,93,-1,-1,SELLER,01T35@0,0,132,-1,-1,0
3659,OTHER,T16,132,2,10,93,-1,-1,SELLER,00T16@0,0,132,-1,-1,0
3660,T40,OTHER,132,1,36,93,-1,-1,04T40@2,BUYER,0,132,-1,-1,3
3657,OTHER,T16,132,1,10,93,-1,-1,SELLER,00T16@0,0,132,-1,-1,0
3662,T35,OTHER,132,2,36,93,-1,-1,05T35@2,BUYER,0,132,-1,-1,3
3663,T35,OTHER,132,3,36,93,-1,-1,05T35@2,BUYER,0,132,-1,-1,3
3664,OTHER,T35,132,2,10,93,-1,-1,SELLER,01T35@0,0,132,-1,-1,0
3665,OTHER,T16,132,3,10,93,-1,-1,SELLER,00T16@0,0,132,-1,-1,0
3661,T35,OTHER,132,1,36,93,-1,-1,05T35@2,BUYER,0,132,-1,-1,3
3699,T40,OTHER,133,2,36,-1,-1,-1,04T40@2,BUYER,0,-1,-1,-1,3
3691,OTHER,T16,133,2,10,94,-1,-1,SELLER,00T16@0,0,133,-1,-1,0
3698,T40,OTHER,133,2,36,-1,-1,-1,04T40@2,BUYER,0,-1,-1,-1,3
3697,OTHER,T35,133,1,10,94,-1,-1,SELLER,01T35@0,0,133,-1,-1,0
3696,OTHER,T35,133,1,10,94,-1,-1,SELLER,01T35@0,0,133,-1,-1,0
3695,OTHER,T16,133,2,10,94,-1,-1,SELLER,00T16@0,0,133,-1,-1,0
3694,T35,OTHER,133,1,36,94,-1,-1,05T35@2,BUYER,0,133,-1,-1,3
3693,OTHER,T16,133,1,10,94,-1,-1,SELLER,00T16@0,0,133,-1,-1,0
3692,OTHER,T35,133,4,10,94,-1,-1,SELLER,01T35@0,0,133,-1,-1,0
3690,T40,OTHER,133,5,36,94,-1,-1,04T40@2,BUYER,0,133,-1,-1,3
3685,T35,OTHER,133,4,36,94,-1,-1,05T35@2,BUYER,0,133,-1,-1,3
3688,T35,OTHER,133,1,36,94,-1,-1,05T35@2,BUYER,0,133,-1,-1,3
3687,OTHER,T16,133,1,10,94,-1,-1,SELLER,00T16@0,0,133,-1,-1,0
3686,T35,OTHER,133,2,36,94,-1,-1,05T35@2,BUYER,0,133,-1,-1,3
3684,T35,OTHER,133,1,36,94,-1,-1,05T35@2,BUYER,0,133,-1,-1,3
3683,OTHER,T16,133,2,10,94,-1,-1,SELLER,00T16@0,0,133,-1,-1,0
3682,OTHER,T35,133,1,10,94,-1,-1,SELLER,01T35@0,0,133,-1,-1,0
3681,OTHER,T16,133,3,10,94,-1,-1,SELLER,00T16@0,0,133,-1,-1,0
3680,OTHER,T16,133,1,10,94,-1,-1,SELLER,00T16@0,0,133,-1,-1,0
3679,T40,OTHER,133,2,36,94,-1,-1,04T40@2,BUYER,0,133,-1,-1,3
3689,OTHER,T35,133,1,10,94,-1,-1,SELLER,01T35@0,0,133,-1,-1,0
3715,OTHER,T35,134,1,10,95,-1,-1,SELLER,01T35@0,0,134,-1,-1,0
3713,T35,OTHER,134,1,36,95,-1,-1,05T35@2,BUYER,0,134,-1,-1,3
3714,OTHER,T35,134,2,10,95,-1,-1,SELLER,01T35@0,0,134,-1,-1,0
3716,OTHER,T16,134,4,10,95,-1,-1,SELLER,00T16@0,0,134,-1,-1,0
3712,OTHER,T16,134,2,10,95,-1,-1,SELLER,00T16@0,0,134,-1,-1,0
3718,OTHER,T16,134,2,10,95,-1,-1,SELLER,00T16@0,0,134,-1,-1,0
3719,OTHER,T16,134,1,10,95,-1,-1,SELLER,00T16@0,0,134,-1,-1,0
3721,T40,OTHER,134,2,36,-1,-1,-1,04T40@2,BUYER,0,-1,-1,-1,3
3720,T35,OTHER,134,3,36,95,-1,-1,05T35@2,BUYER,0,134,-1,-1,3
3717,OTHER,T35,134,3,10,95,-1,-1,SELLER,01T35@0,0,134,-1,-1,0
3711,T40,OTHER,134,2,36,95,-1,-1,04T40@2,BUYER,0,134,-1,-1,3
3701,OTHER,T16,134,1,10,95,-1,-1,SELLER,00T16@0,0,134,-1,-1,0
3709,OTHER,T16,134,1,10,95,-1,-1,SELLER,00T16@0,0,134,-1,-1,0
3708,T40,OTHER,134,2,36,95,-1,-1,04T40@2,BUYER,0,134,-1,-1,3
3707,T40,OTHER,134,1,36,95,-1,-1,04T40@2,BUYER,0,134,-1,-1,3
3706,T35,OTHER,134,2,36,95,-1,-1,05T35@2,BUYER,0,134,-1,-1,3
3705,T35,OTHER,134,2,36,95,-1,-1,05T35@2,BUYER,0,134,-1,-1,3
3704,OTHER,T35,134,1,10,95,-1,-1,SELLER,01T35@0,0,134,-1,-1,0
3703,T35,OTHER,134,2,36,95,-1,-1,05T35@2,BUYER,0,134,-1,-1,3
3702,OTHER,T35,134,2,10,95,-1,-1,SELLER,01T35@0,0,134,-1,-1,0
3700,T35,OTHER,134,2,36,95,-1,-1,05T35@2,BUYER,0,134,-1,-1,3
3710,T40,OTHER,134,1,36,95,-1,-1,04T40@2,BUYER,0,134,-1,-1,3
3736,T35,OTHER,135,1,36,96,-1,-1,05T35@2,BUYER,0,135,-1,-1,3
3737,T35,OTHER,135,3,36,96,-1,-1,05T35@2,BUYER,0,135,-1,-1,3
3738,T35,OTHER,135,1,36,96,-1,-1,05T35@2,BUYER,0,135,-1,-1,3
3739,OTHER,T35,135,2,10,96,-1,-1,SELLER,01T35@0,0,135,-1,-1,0
3744,OTHER,T35,135,2,10,96,-1,-1,SELLER,01T35@0,0,135,-1,-1,0
3741,T35,OTHER,135,1,36,96,-1,-1,05T35@2,BUYER,0,135,-1,-1,3
3742,OTHER,T35,135,2,10,96,-1,-1,SELLER,01T35@0,0,135,-1,-1,0
3743,OTHER,T16,135,3,10,96,-1,-1,SELLER,00T16@0,0,135,-1,-1,0
3735,OTHER,T16,135,1,10,96,-1,-1,SELLER,00T16@0,0,135,-1,-1,0
3740,OTHER,T16,135,1,10,96,-1,-1,SELLER,00T16@0,0,135,-1,-1,0
3734,T35,OTHER,135,2,36,96,-1,-1,05T35@2,BUYER,0,135,-1,-1,3
3745,T40,OTHER,135,3,36,-1,-1,-1,04T40@2,BUYER,0,-1,-1,-1,3
3732,T40,OTHER,135,1,36,96,-1,-1,04T40@2,BUYER,0,135,-1,-1,3
3722,OTHER,T16,135,2,10,96,-1,-1,SELLER,00T16@0,0,135,-1,-1,0
3723,T40,OTHER,135,2,36,96,-1,-1,04T40@2,BUYER,0,135,-1,-1,3
3724,T35,OTHER,135,1,36,96,-1,-1,05T35@2,BUYER,0,135,-1,-1,3
3725,OTHER,T16,135,1,10,96,-1,-1,SELLER,00T16@0,0,135,-1,-1,0
3726,T40,OTHER,135,2,36,96,-1,-1,04T40@2,BUYER,0,135,-1,-1,3
3733,OTHER,T35,135,1,10,96,-1,-1,SELLER,01T35@0,0,135,-1,-1,0
3728,OTHER,T16,135,1,10,96,-1,-1,SELLER,00T16@0,0,135,-1,-1,0
3729,T35,OTHER,135,2,36,96,-1,-1,05T35@2,BUYER,0,135,-1,-1,3
3730,OTHER,T16,135,3,10,96,-1,-1,SELLER,00T16@0,0,135,-1,-1,0
3731,OTHER,T16,135,1,10,96,-1,-1,SELLER,00T16@0,0,135,-1,-1,0
3727,T40,OTHER,135,1,36,96,-1,-1,04T40@2,BUYER,0,135,-1,-1,3
3757,T40,OTHER,136,1,36,97,-1,-1,04T40@2,BUYER,0,136,-1,-1,3
3766,T40,OTHER,136,2,36,-1,-1,-1,04T40@2,BUYER,0,-1,-1,-1,3
3765,T40,OTHER,136,3,36,-1,-1,-1,04T40@2,BUYER,0,-1,-1,-1,3
3764,T40,OTHER,136,1,36,97,-1,-1,04T40@2,BUYER,0,136,-1,-1,3
3763,T35,OTHER,136,1,36,97,-1,-1,05T35@2,BUYER,0,136,-1,-1,3
3762,OTHER,T16,136,2,10,97,-1,-1,SELLER,00T16@0,0,136,-1,-1,0
3761,OTHER,T16,136,1,10,97,-1,-1,SELLER,00T16@0,0,136,-1,-1,0
3760,OTHER,T35,136,1,10,97,-1,-1,SELLER,01T35@0,0,136,-1,-1,0
3759,OTHER,T35,136,1,10,97,-1,-1,SELLER,01T35@0,0,136,-1,-1,0
3758,T35,OTHER,136,2,36,97,-1,-1,05T35@2,BUYER,0,136,-1,-1,3
3767,T40,OTHER,136,3,36,-1,-1,-1,04T40@2,BUYER,0,-1,-1,-1,3
3756,OTHER,T35,136,4,10,97,-1,-1,SELLER,01T35@0,0,136,-1,-1,0
3754,T35,OTHER,136,2,36,97,-1,-1,05T35@2,BUYER,0,136,-1,-1,3
3753,OTHER,T35,136,2,10,97,-1,-1,SELLER,01T35@0,0,136,-1,-1,0
3752,T35,OTHER,136,1,36,97,-1,-1,05T35@2,BUYER,0,136,-1,-1,3
3751,T40,OTHER,136,1,36,97,-1,-1,04T40@2,BUYER,0,136,-1,-1,3
3750,T40,OTHER,136,2,36,97,-1,-1,04T40@2,BUYER,0,136,-1,-1,3
3749,OTHER,T16,136,4,10,97,-1,-1,SELLER,00T16@0,0,136,-1,-1,0
3748,OTHER,T35,136,1,10,97,-1,-1,SELLER,01T35@0,0,136,-1,-1,0
3747,OTHER,T16,136,1,10,97,-1,-1,SELLER,00T16@0,0,136,-1,-1,0
3746,T35,OTHER,136,1,36,97,-1,-1,05T35@2,BUYER,0,136,-1,-1,3
3755,OTHER,T16,136,3,10,97,-1,-1,SELLER,00T16@0,0,136,-1,-1,0
3782,OTHER,T35,137,2,10,98,-1,-1,SELLER,01T35@0,0,137,-1,-1,0
3783,OTHER,T35,137,1,10,98,-1,-1,SELLER,01T35@0,0,137,-1,-1,0
3784,T40,OTHER,137,1,36,-1,-1,-1,04T40@2,BUYER,0,-1,-1,-1,3
3785,T40,OTHER,137,2,36,-1,-1,-1,04T40@2,BUYER,0,-1,-1,-1,3
3786,T40,OTHER,137,1,36,-1,-1,-1,04T40@2,BUYER,0,-1,-1,-1,3
3791,T40,OTHER,137,1,36,-1,-1,-1,04T40@2,BUYER,0,-1,-1,-1,3
3788,T40,OTHER,137,1,36,-1,-1,-1,04T40@2,BUYER,0,-1,-1,-1,3
3789,T40,OTHER,137,1,36,-1,-1,-1,04T40@2,BUYER,0,-1,-1,-1,3
3790,T40,OTHER,137,1,36,-1,-1,-1,04T40@2,BUYER,0,-1,-1,-1,3
3781,OTHER,T16,137,2,10,98,-1,-1,SELLER,00T16@0,0,137,-1,-1,0
3787,T40,OTHER,137,1,36,-1,-1,-1,04T40@2,BUYER,0,-1,-1,-1,3
3780,OTHER,T35,137,1,10,98,-1,-1,SELLER,01T35@0,0,137,-1,-1,0
3768,OTHER,T35,137,3,10,98,-1,-1,SELLER,01T35@0,0,137,-1,-1,0
3778,T35,OTHER,137,3,36,98,-1,-1,05T35@2,BUYER,0,137,-1,-1,3
3777,OTHER,T35,137,3,10,98,-1,-1,SELLER,01T35@0,0,137,-1,-1,0
3776,OTHER,T16,137,3,10,98,-1,-1,SELLER,00T16@0,0,137,-1,-1,0
3775,T35,OTHER,137,2,36,98,-1,-1,05T35@2,BUYER,0,137,-1,-1,3
3774,OTHER,T16,137,1,10,98,-1,-1,SELLER,00T16@0,0,137,-1,-1,0
3773,OTHER,T35,137,1,10,98,-1,-1,SELLER,01T35@0,0,137,-1,-1,0
3772,T40,OTHER,137,1,36,98,-1,-1,04T40@2,BUYER,0,137,-1,-1,3
3771,T35,OTHER,137,1,36,98,-1,-1,05T35@2,BUYER,0,137,-1,-1,3
3770,OTHER,T16,137,1,10,98,-1,-1,SELLER,00T16@0,0,137,-1,-1,0
3769,T40,OTHER,137,4,36,98,-1,-1,04T40@2,BUYER,0,137,-1,-1,3
3779,OTHER,T16,137,2,10,98,-1,-1,SELLER,00T16@0,0,137,-1,-1,0
3801,T40,OTHER,138,2,36,-1,-1,-1,04T40@2,BUYER,0,-1,-1,-1,3
3800,T40,OTHER,138,2,36,-1,-1,-1,04T40@2,BUYER,0,-1,-1,-1,3
3799,T40,OTHER,138,3,36,-1,-1,-1,04T40@2,BUYER,0,-1,-1,-1,3
3798,T35,OTHER,138,1,36,99,-1,-1,05T35@2,BUYER,0,138,-1,-1,3
3797,T40,OTHER,138,2,36,99,-1,-1,04T40@2,BUYER,0,138,-1,-1,3
3793,T35,OTHER,138,1,36,99,-1,-1,05T35@2,BUYER,0,138,-1,-1,3
3795,T35,OTHER,138,1,36,99,-1,-1,05T35@2,BUYER,0,138,-1,-1,3
3794,T35,OTHER,138,3,36,99,-1,-1,05T35@2,BUYER,0,138,-1,-1,3
3792,T40,OTHER,138,1,36,99,-1,-1,04T40@2,BUYER,0,138,-1,-1,3
3796,T35,OTHER,138,4,36,99,-1,-1,05T35@2,BUYER,0,138,-1,-1,3
3809,T35,OTHER,139,2,36,100,-1,-1,05T35@2,BUYER,0,139,-1,-1,3
3811,T35,OTHER,139,2,36,100,-1,-1,05T35@2,BUYER,0,139,-1,-1,3
3812,T40,OTHER,139,4,36,-1,-1,-1,04T40@2,BUYER,0,-1,-1,-1,3
3810,T35,OTHER,139,1,36,100,-1,-1,05T35@2,BUYER,0,139,-1,-1,3
3808,T35,OTHER,139,2,36,100,-1,-1,05T35@2,BUYER,0,139,-1,-1,3
3803,T40,OTHER,139,2,36,100,-1,-1,04T40@2,BUYER,0,139,-1,-1,3
3806,T35,OTHER,139,3,36,100,-1,-1,05T35@2,BUYER,0,139,-1,-1,3
3805,T35,OTHER,139,1,36,100,-1,-1,05T35@2,BUYER,0,139,-1,-1,3
3804,T40,OTHER,139,1,36,100,-1,-1,04T40@2,BUYER,0,139,-1,-1,3
3802,T40,OTHER,139,1,36,100,-1,-1,04T40@2,BUYER,0,139,-1,-1,3
3807,T40,OTHER,139,1,36,100,-1,-1,04T40@2,BUYER,0,139,-1,-1,3
3823,T35,OTHER,140,2,36,101,-1,-1,05T35@2,BUYER,0,140,-1,-1,3
3822,T40,OTHER,140,1,36,101,-1,-1,04T40@2,BUYER,0,140,-1,-1,3
3821,T40,OTHER,140,1,36,101,-1,-1,04T40@2,BUYER,0,140,-1,-1,3
3820,T35,OTHER,140,1,36,101,-1,-1,05T35@2,BUYER,0,140,-1,-1,3
3819,T35,OTHER,140,1,36,101,-1,-1,05T35@2,BUYER,0,140,-1,-1,3
3816,T40,OTHER,140,2,36,101,-1,-1,04T40@2,BUYER,0,140,-1,-1,3
3817,T40,OTHER,140,1,36,101,-1,-1,04T40@2,BUYER,0,140,-1,-1,3
3815,T35,OTHER,140,4,36,101,-1,-1,05T35@2,BUYER,0,140,-1,-1,3
3814,T35,OTHER,140,1,36,101,-1,-1,05T35@2,BUYER,0,140,-1,-1,3
3813,T40,OTHER,140,2,36,101,-1,-1,04T40@2,BUYER,0,140,-1,-1,3
3824,T35,OTHER,140,2,36,101,-1,-1,05T35@2,BUYER,0,140,-1,-1,3
3818,T35,OTHER,140,1,36,101,-1,-1,05T35@2,BUYER,0,140,-1,-1,3
3825,T40,OTHER,140,1,36,-1,-1,-1,04T40@2,BUYER,0,-1,-1,-1,3
