index,seller_type,buyer_type,delivery_time,quantity,unit_price,signed_at,nullified_at,concluded_at,seller,buyer,n_neg_steps,executed_at,erred_at,dropped_at,product
54,OTHER,T24,0,2,10,0,-1,-1,SELLER,01T24@0,0,0,-1,-1,0
281,OTHER,T24,0,1,10,0,-1,-1,SELLER,01T24@0,0,0,-1,-1,0
219,OTHER,T24,0,3,10,0,-1,-1,SELLER,00T24@0,0,0,-1,-1,0
145,OTHER,T24,0,2,10,0,-1,-1,SELLER,00T24@0,0,0,-1,-1,0
189,OTHER,T24,0,1,10,0,-1,-1,SELLER,00T24@0,0,0,-1,-1,0
106,OTHER,T24,0,3,10,0,-1,-1,SELLER,00T24@0,0,0,-1,-1,0
131,OTHER,T24,0,1,10,0,-1,-1,SELLER,01T24@0,0,0,-1,-1,0
247,OTHER,T24,0,2,10,0,-1,-1,SELLER,00T24@0,0,0,-1,-1,0
263,OTHER,T24,0,2,10,0,-1,-1,SELLER,01T24@0,0,0,-1,-1,0
150,OTHER,T24,0,2,10,0,-1,-1,SELLER,01T24@0,0,0,-1,-1,0
94,OTHER,T24,0,1,10,0,-1,-1,SELLER,00T24@0,0,0,-1,-1,0
79,OTHER,T24,1,2,10,0,-1,-1,SELLER,00T24@0,0,1,-1,-1,0
134,OTHER,T24,1,3,10,0,-1,-1,SELLER,01T24@0,0,1,-1,-1,0
51,OTHER,T24,1,3,10,0,-1,-1,SELLER,01T24@0,0,1,-1,-1,0
176,OTHER,T24,1,1,10,0,-1,-1,SELLER,00T24@0,0,1,-1,-1,0
246,OTHER,T24,1,1,10,0,-1,-1,SELLER,01T24@0,0,1,-1,-1,0
91,OTHER,T24,1,2,10,0,-1,-1,SELLER,00T24@0,0,1,-1,-1,0
202,OTHER,T24,1,2,10,0,-1,-1,SELLER,01T24@0,0,1,-1,-1,0
183,OTHER,T24,1,1,10,0,-1,-1,SELLER,01T24@0,0,1,-1,-1,0
186,OTHER,T24,1,2,10,0,-1,-1,SELLER,00T24@0,0,1,-1,-1,0
181,OTHER,T24,1,2,10,0,-1,-1,SELLER,00T24@0,0,1,-1,-1,0
15,OTHER,T24,1,1,10,0,-1,-1,SELLER,00T24@0,0,1,-1,-1,0
178,OTHER,T24,2,2,10,0,-1,-1,SELLER,00T24@0,0,2,-1,-1,0
249,OTHER,T24,2,1,10,0,-1,-1,SELLER,01T24@0,0,2,-1,-1,0
71,OTHER,T24,2,3,10,0,-1,-1,SELLER,00T24@0,0,2,-1,-1,0
53,OTHER,T24,2,2,10,0,-1,-1,SELLER,01T24@0,0,2,-1,-1,0
172,OTHER,T24,2,3,10,0,-1,-1,SELLER,01T24@0,0,2,-1,-1,0
152,OTHER,T24,2,2,10,0,-1,-1,SELLER,01T24@0,0,2,-1,-1,0
270,OTHER,T24,2,2,10,0,-1,-1,SELLER,00T24@0,0,2,-1,-1,0
193,OTHER,T24,2,2,10,0,-1,-1,SELLER,00T24@0,0,2,-1,-1,0
97,OTHER,T24,2,1,10,0,-1,-1,SELLER,00T24@0,0,2,-1,-1,0
143,OTHER,T24,2,1,10,0,-1,-1,SELLER,00T24@0,0,2,-1,-1,0
135,OTHER,T24,2,1,10,0,-1,-1,SELLER,00T24@0,0,2,-1,-1,0
52,OTHER,T24,3,5,10,0,-1,-1,SELLER,00T24@0,0,3,-1,-1,0
136,T34,OTHER,3,2,39,0,-1,-1,05T34@2,BUYER,0,3,-1,-1,3
226,T24,OTHER,3,1,39,0,-1,-1,04T24@2,BUYER,0,3,-1,-1,3
69,T24,OTHER,3,3,39,0,-1,-1,04T24@2,BUYER,0,3,-1,-1,3
222,T34,OTHER,3,1,39,0,-1,-1,05T34@2,BUYER,0,3,-1,-1,3
161,OTHER,T24,3,1,10,0,-1,-1,SELLER,00T24@0,0,3,-1,-1,0
213,OTHER,T24,3,1,10,0,-1,-1,SELLER,00T24@0,0,3,-1,-1,0
175,OTHER,T24,3,2,10,0,-1,-1,SELLER,01T24@0,0,3,-1,-1,0
211,OTHER,T24,3,2,10,0,-1,-1,SELLER,00T24@0,0,3,-1,-1,0
194,T24,OTHER,3,1,39,0,-1,-1,04T24@2,BUYER,0,3,-1,-1,3
119,OTHER,T24,3,1,10,0,-1,-1,SELLER,00T24@0,0,3,-1,-1,0
240,T34,OTHER,3,2,39,0,-1,-1,05T34@2,BUYER,0,3,-1,-1,3
254,OTHER,T24,3,1,10,0,-1,-1,SELLER,00T24@0,0,3,-1,-1,0
122,OTHER,T24,3,1,10,0,-1,-1,SELLER,01T24@0,0,3,-1,-1,0
275,OTHER,T24,3,3,10,0,-1,-1,SELLER,01T24@0,0,3,-1,-1,0
8,OTHER,T24,3,2,10,0,-1,-1,SELLER,01T24@0,0,3,-1,-1,0
276,OTHER,T24,3,1,10,0,-1,-1,SELLER,00T24@0,0,3,-1,-1,0
36,T34,OTHER,3,2,39,0,-1,-1,05T34@2,BUYER,0,3,-1,-1,3
149,T34,OTHER,3,1,39,0,-1,-1,05T34@2,BUYER,0,3,-1,-1,3
158,T24,OTHER,3,1,39,0,-1,-1,04T24@2,BUYER,0,3,-1,-1,3
156,T34,OTHER,3,3,39,0,-1,-1,05T34@2,BUYER,0,3,-1,-1,3
283,T34,OTHER,3,3,39,0,-1,-1,05T34@2,BUYER,0,3,-1,-1,3
133,T24,OTHER,4,1,39,0,-1,-1,04T24@2,BUYER,0,4,-1,-1,3
28,OTHER,T24,4,1,10,0,-1,-1,SELLER,01T24@0,0,4,-1,-1,0
223,OTHER,T24,4,1,10,0,-1,-1,SELLER,00T24@0,0,4,-1,-1,0
153,T34,OTHER,4,1,39,0,-1,-1,05T34@2,BUYER,0,4,-1,-1,3
78,T34,OTHER,4,2,39,0,-1,-1,05T34@2,BUYER,0,4,-1,-1,3
64,T24,OTHER,4,3,39,0,-1,-1,04T24@2,BUYER,0,4,-1,-1,3
108,OTHER,T24,4,3,10,0,-1,-1,SELLER,00T24@0,0,4,-1,-1,0
329,T34,OTHER,4,2,39,-1,-1,-1,05T34@2,BUYER,0,-1,-1,-1,3
6,OTHER,T24,4,3,10,0,-1,-1,SELLER,01T24@0,0,4,-1,-1,0
111,OTHER,T24,4,3,10,0,-1,-1,SELLER,01T24@0,0,4,-1,-1,0
58,OTHER,T24,4,1,10,0,-1,-1,SELLER,00T24@0,0,4,-1,-1,0
163,OTHER,T24,4,2,10,0,-1,-1,SELLER,00T24@0,0,4,-1,-1,0
37,OTHER,T24,4,3,10,0,-1,-1,SELLER,01T24@0,0,4,-1,-1,0
359,T34,OTHER,4,3,39,-1,-1,-1,05T34@2,BUYER,0,-1,-1,-1,3
258,T24,OTHER,4,2,39,0,-1,-1,04T24@2,BUYER,0,4,-1,-1,3
82,T24,OTHER,4,2,39,0,-1,-1,04T24@2,BUYER,0,4,-1,-1,3
177,T24,OTHER,4,1,39,0,-1,-1,04T24@2,BUYER,0,4,-1,-1,3
252,OTHER,T24,4,3,10,0,-1,-1,SELLER,00T24@0,0,4,-1,-1,0
232,T24,OTHER,4,1,39,0,-1,-1,04T24@2,BUYER,0,4,-1,-1,3
195,T34,OTHER,4,2,39,0,-1,-1,05T34@2,BUYER,0,4,-1,-1,3
330,T34,OTHER,5,2,39,-1,-1,-1,05T34@2,BUYER,0,-1,-1,-1,3
44,OTHER,T24,5,2,10,0,-1,-1,SELLER,01T24@0,0,5,-1,-1,0
104,OTHER,T24,5,2,10,0,-1,-1,SELLER,00T24@0,0,5,-1,-1,0
127,OTHER,T24,5,1,10,0,-1,-1,SELLER,01T24@0,0,5,-1,-1,0
191,OTHER,T24,5,2,10,0,-1,-1,SELLER,00T24@0,0,5,-1,-1,0
112,T34,OTHER,5,2,39,0,-1,-1,05T34@2,BUYER,0,5,-1,-1,3
188,OTHER,T24,5,1,10,0,-1,-1,SELLER,00T24@0,0,5,-1,-1,0
117,OTHER,T24,5,1,10,0,-1,-1,SELLER,00T24@0,0,5,-1,-1,0
120,OTHER,T24,5,2,10,0,-1,-1,SELLER,00T24@0,0,5,-1,-1,0
101,T24,OTHER,5,1,39,0,-1,-1,04T24@2,BUYER,0,5,-1,-1,3
128,T24,OTHER,5,1,39,0,-1,-1,04T24@2,BUYER,0,5,-1,-1,3
20,OTHER,T24,5,2,10,0,-1,-1,SELLER,01T24@0,0,5,-1,-1,0
77,OTHER,T24,5,1,10,0,-1,-1,SELLER,00T24@0,0,5,-1,-1,0
273,OTHER,T24,5,1,10,0,-1,-1,SELLER,00T24@0,0,5,-1,-1,0
162,T24,OTHER,5,2,39,0,-1,-1,04T24@2,BUYER,0,5,-1,-1,3
220,OTHER,T24,5,2,10,0,-1,-1,SELLER,00T24@0,0,5,-1,-1,0
144,T24,OTHER,5,3,39,0,-1,-1,04T24@2,BUYER,0,5,-1,-1,3
214,OTHER,T24,5,2,10,0,-1,-1,SELLER,01T24@0,0,5,-1,-1,0
294,T34,OTHER,5,4,39,-1,-1,-1,05T34@2,BUYER,0,-1,-1,-1,3
255,T34,OTHER,5,1,39,0,-1,-1,05T34@2,BUYER,0,5,-1,-1,3
42,OTHER,T24,5,1,10,0,-1,-1,SELLER,01T24@0,0,5,-1,-1,0
157,T24,OTHER,5,1,39,0,-1,-1,04T24@2,BUYER,0,5,-1,-1,3
65,T34,OTHER,5,3,39,0,-1,-1,05T34@2,BUYER,0,5,-1,-1,3
142,T24,OTHER,6,1,39,0,-1,-1,04T24@2,BUYER,0,6,-1,-1,3
33,T24,OTHER,6,2,39,0,-1,-1,04T24@2,BUYER,0,6,-1,-1,3
346,T24,OTHER,6,1,39,-1,-1,-1,04T24@2,BUYER,0,-1,-1,-1,3
2,OTHER,T24,6,3,10,0,-1,-1,SELLER,01T24@0,0,6,-1,-1,0
271,OTHER,T24,6,2,10,0,-1,-1,SELLER,00T24@0,0,6,-1,-1,0
1,OTHER,T24,6,1,10,0,-1,-1,SELLER,01T24@0,0,6,-1,-1,0
182,OTHER,T24,6,2,10,0,-1,-1,SELLER,00T24@0,0,6,-1,-1,0
116,OTHER,T24,6,2,10,0,-1,-1,SELLER,00T24@0,0,6,-1,-1,0
319,T34,OTHER,6,3,39,-1,-1,-1,05T34@2,BUYER,0,-1,-1,-1,3
316,T24,OTHER,6,1,39,-1,-1,-1,04T24@2,BUYER,0,-1,-1,-1,3
103,OTHER,T24,6,1,10,0,-1,-1,SELLER,01T24@0,0,6,-1,-1,0
30,T34,OTHER,6,1,39,0,-1,-1,05T34@2,BUYER,0,6,-1,-1,3
282,OTHER,T24,6,1,10,0,-1,-1,SELLER,01T24@0,0,6,-1,-1,0
335,T34,OTHER,6,3,39,-1,-1,-1,05T34@2,BUYER,0,-1,-1,-1,3
200,OTHER,T24,6,3,10,0,-1,-1,SELLER,00T24@0,0,6,-1,-1,0
325,T24,OTHER,6,3,39,-1,-1,-1,04T24@2,BUYER,0,-1,-1,-1,3
83,T24,OTHER,6,3,39,0,-1,-1,04T24@2,BUYER,0,6,-1,-1,3
148,T34,OTHER,6,1,39,0,-1,-1,05T34@2,BUYER,0,6,-1,-1,3
90,OTHER,T24,6,2,10,0,-1,-1,SELLER,00T24@0,0,6,-1,-1,0
89,OTHER,T24,6,1,10,0,-1,-1,SELLER,00T24@0,0,6,-1,-1,0
105,OTHER,T24,6,2,10,0,-1,-1,SELLER,00T24@0,0,6,-1,-1,0
67,T34,OTHER,6,1,39,0,-1,-1,05T34@2,BUYER,0,6,-1,-1,3
179,T34,OTHER,7,1,39,0,-1,-1,05T34@2,BUYER,0,7,-1,-1,3
169,OTHER,T24,7,1,10,0,-1,-1,SELLER,01T24@0,0,7,-1,-1,0
159,OTHER,T24,7,2,10,0,-1,-1,SELLER,00T24@0,0,7,-1,-1,0
155,T24,OTHER,7,1,39,0,-1,-1,04T24@2,BUYER,0,7,-1,-1,3
192,T34,OTHER,7,1,39,0,-1,-1,05T34@2,BUYER,0,7,-1,-1,3
26,OTHER,T24,7,5,10,0,-1,-1,SELLER,00T24@0,0,7,-1,-1,0
256,OTHER,T24,7,1,10,0,-1,-1,SELLER,00T24@0,0,7,-1,-1,0
314,T24,OTHER,7,2,39,-1,-1,-1,04T24@2,BUYER,0,-1,-1,-1,3
187,OTHER,T24,7,1,10,0,-1,-1,SELLER,01T24@0,0,7,-1,-1,0
243,T34,OTHER,7,3,39,0,-1,-1,05T34@2,BUYER,0,7,-1,-1,3
238,OTHER,T24,7,1,10,0,-1,-1,SELLER,01T24@0,0,7,-1,-1,0
233,T24,OTHER,7,1,39,0,-1,-1,04T24@2,BUYER,0,7,-1,-1,3
24,OTHER,T24,7,2,10,0,-1,-1,SELLER,00T24@0,0,7,-1,-1,0
285,OTHER,T24,7,1,10,0,-1,-1,SELLER,01T24@0,0,7,-1,-1,0
74,T34,OTHER,7,1,39,0,-1,-1,05T34@2,BUYER,0,7,-1,-1,3
80,T24,OTHER,7,3,39,0,-1,-1,04T24@2,BUYER,0,7,-1,-1,3
328,T24,OTHER,7,2,39,-1,-1,-1,04T24@2,BUYER,0,-1,-1,-1,3
341,T24,OTHER,7,2,39,-1,-1,-1,04T24@2,BUYER,0,-1,-1,-1,3
345,T24,OTHER,7,2,39,-1,-1,-1,04T24@2,BUYER,0,-1,-1,-1,3
208,OTHER,T24,7,2,10,0,-1,-1,SELLER,01T24@0,0,7,-1,-1,0
206,OTHER,T24,7,3,10,0,-1,-1,SELLER,01T24@0,0,7,-1,-1,0
204,T34,OTHER,7,1,39,0,-1,-1,05T34@2,BUYER,0,7,-1,-1,3
221,OTHER,T24,7,1,10,0,-1,-1,SELLER,00T24@0,0,7,-1,-1,0
323,T34,OTHER,8,1,39,-1,-1,-1,05T34@2,BUYER,0,-1,-1,-1,3
298,T34,OTHER,8,5,39,-1,-1,-1,05T34@2,BUYER,0,-1,-1,-1,3
326,T34,OTHER,8,2,39,-1,-1,-1,05T34@2,BUYER,0,-1,-1,-1,3
244,OTHER,T24,8,2,10,0,-1,-1,SELLER,00T24@0,0,8,-1,-1,0
253,OTHER,T24,8,2,10,0,-1,-1,SELLER,00T24@0,0,8,-1,-1,0
227,OTHER,T24,8,1,10,0,-1,-1,SELLER,01T24@0,0,8,-1,-1,0
224,OTHER,T24,8,2,10,0,-1,-1,SELLER,00T24@0,0,8,-1,-1,0
212,T24,OTHER,8,1,39,0,-1,-1,04T24@2,BUYER,0,8,-1,-1,3
210,OTHER,T24,8,1,10,0,-1,-1,SELLER,01T24@0,0,8,-1,-1,0
209,OTHER,T24,8,2,10,0,-1,-1,SELLER,00T24@0,0,8,-1,-1,0
268,OTHER,T24,8,2,10,0,-1,-1,SELLER,01T24@0,0,8,-1,-1,0
0,OTHER,T24,8,1,10,0,-1,-1,SELLER,00T24@0,0,8,-1,-1,0
290,T24,OTHER,8,2,39,-1,-1,-1,04T24@2,BUYER,0,-1,-1,-1,3
151,T34,OTHER,8,1,39,0,-1,-1,05T34@2,BUYER,0,8,-1,-1,3
113,OTHER,T24,8,1,10,0,-1,-1,SELLER,00T24@0,0,8,-1,-1,0
93,T34,OTHER,8,2,39,0,-1,-1,05T34@2,BUYER,0,8,-1,-1,3
60,OTHER,T24,8,2,10,0,-1,-1,SELLER,01T24@0,0,8,-1,-1,0
115,OTHER,T24,8,3,10,0,-1,-1,SELLER,01T24@0,0,8,-1,-1,0
29,T24,OTHER,8,3,39,0,-1,-1,04T24@2,BUYER,0,8,-1,-1,3
21,OTHER,T24,8,1,10,0,-1,-1,SELLER,00T24@0,0,8,-1,-1,0
48,T24,OTHER,8,1,39,0,-1,-1,04T24@2,BUYER,0,8,-1,-1,3
5,T34,OTHER,8,2,39,0,-1,-1,05T34@2,BUYER,0,8,-1,-1,3
336,T24,OTHER,9,3,39,-1,-1,-1,04T24@2,BUYER,0,-1,-1,-1,3
3,OTHER,T24,9,2,10,0,-1,-1,SELLER,01T24@0,0,9,-1,-1,0
196,OTHER,T24,9,2,10,0,-1,-1,SELLER,00T24@0,0,9,-1,-1,0
198,OTHER,T24,9,1,10,0,-1,-1,SELLER,00T24@0,0,9,-1,-1,0
354,T24,OTHER,9,1,39,-1,-1,-1,04T24@2,BUYER,0,-1,-1,-1,3
73,OTHER,T24,9,1,10,0,-1,-1,SELLER,00T24@0,0,9,-1,-1,0
70,OTHER,T24,9,1,10,0,-1,-1,SELLER,01T24@0,0,9,-1,-1,0
230,T24,OTHER,9,1,39,0,-1,-1,04T24@2,BUYER,0,9,-1,-1,3
235,T24,OTHER,9,1,39,0,-1,-1,04T24@2,BUYER,0,9,-1,-1,3
353,T34,OTHER,9,2,39,-1,-1,-1,05T34@2,BUYER,0,-1,-1,-1,3
241,OTHER,T24,9,4,10,0,-1,-1,SELLER,01T24@0,0,9,-1,-1,0
251,OTHER,T24,9,1,10,0,-1,-1,SELLER,00T24@0,0,9,-1,-1,0
46,OTHER,T24,9,1,10,0,-1,-1,SELLER,01T24@0,0,9,-1,-1,0
269,OTHER,T24,9,1,10,0,-1,-1,SELLER,01T24@0,0,9,-1,-1,0
274,OTHER,T24,9,1,10,0,-1,-1,SELLER,00T24@0,0,9,-1,-1,0
337,T24,OTHER,9,1,39,-1,-1,-1,04T24@2,BUYER,0,-1,-1,-1,3
331,T24,OTHER,9,3,39,-1,-1,-1,04T24@2,BUYER,0,-1,-1,-1,3
118,T24,OTHER,9,3,39,0,-1,-1,04T24@2,BUYER,0,9,-1,-1,3
264,OTHER,T24,9,3,10,0,-1,-1,SELLER,00T24@0,0,9,-1,-1,0
123,OTHER,T24,9,2,10,0,-1,-1,SELLER,01T24@0,0,9,-1,-1,0
121,T34,OTHER,9,2,39,0,-1,-1,05T34@2,BUYER,0,9,-1,-1,3
166,T34,OTHER,9,3,39,0,-1,-1,05T34@2,BUYER,0,9,-1,-1,3
278,OTHER,T24,10,1,10,0,-1,-1,SELLER,00T24@0,0,10,-1,-1,0
85,T24,OTHER,10,3,39,0,-1,-1,04T24@2,BUYER,0,10,-1,-1,3
284,OTHER,T24,10,3,10,0,-1,-1,SELLER,01T24@0,0,10,-1,-1,0
88,T34,OTHER,10,2,39,0,-1,-1,05T34@2,BUYER,0,10,-1,-1,3
92,OTHER,T24,10,2,10,0,-1,-1,SELLER,01T24@0,0,10,-1,-1,0
165,OTHER,T24,10,1,10,0,-1,-1,SELLER,00T24@0,0,10,-1,-1,0
280,OTHER,T24,10,1,10,0,-1,-1,SELLER,00T24@0,0,10,-1,-1,0
95,OTHER,T24,10,1,10,0,-1,-1,SELLER,00T24@0,0,10,-1,-1,0
322,T24,OTHER,10,3,39,-1,-1,-1,04T24@2,BUYER,0,-1,-1,-1,3
237,OTHER,T24,10,1,10,0,-1,-1,SELLER,00T24@0,0,10,-1,-1,0
201,T24,OTHER,10,1,39,0,-1,-1,04T24@2,BUYER,0,10,-1,-1,3
308,T24,OTHER,10,3,39,-1,-1,-1,04T24@2,BUYER,0,-1,-1,-1,3
348,T34,OTHER,10,4,39,-1,-1,-1,05T34@2,BUYER,0,-1,-1,-1,3
45,T24,OTHER,10,1,39,0,-1,-1,04T24@2,BUYER,0,10,-1,-1,3
272,T34,OTHER,10,2,39,0,-1,-1,05T34@2,BUYER,0,10,-1,-1,3
266,T34,OTHER,10,1,39,0,-1,-1,05T34@2,BUYER,0,10,-1,-1,3
137,OTHER,T24,10,3,10,0,-1,-1,SELLER,00T24@0,0,10,-1,-1,0
257,OTHER,T24,10,1,10,0,-1,-1,SELLER,00T24@0,0,10,-1,-1,0
262,OTHER,T24,10,1,10,0,-1,-1,SELLER,01T24@0,0,10,-1,-1,0
171,OTHER,T24,10,1,10,0,-1,-1,SELLER,01T24@0,0,10,-1,-1,0
43,OTHER,T24,10,1,10,0,-1,-1,SELLER,00T24@0,0,10,-1,-1,0
114,OTHER,T24,10,3,10,0,-1,-1,SELLER,00T24@0,0,10,-1,-1,0
130,OTHER,T24,11,1,10,0,-1,-1,SELLER,00T24@0,0,11,-1,-1,0
66,T24,OTHER,11,2,39,0,-1,-1,04T24@2,BUYER,0,11,-1,-1,3
355,T24,OTHER,11,3,39,-1,-1,-1,04T24@2,BUYER,0,-1,-1,-1,3
342,T34,OTHER,11,2,39,-1,-1,-1,05T34@2,BUYER,0,-1,-1,-1,3
170,OTHER,T24,11,2,10,0,-1,-1,SELLER,01T24@0,0,11,-1,-1,0
265,OTHER,T24,11,2,10,0,-1,-1,SELLER,00T24@0,0,11,-1,-1,0
27,T34,OTHER,11,2,39,0,-1,-1,05T34@2,BUYER,0,11,-1,-1,3
31,OTHER,T24,11,3,10,0,-1,-1,SELLER,01T24@0,0,11,-1,-1,0
129,OTHER,T24,11,1,10,0,-1,-1,SELLER,00T24@0,0,11,-1,-1,0
154,OTHER,T24,11,1,10,0,-1,-1,SELLER,00T24@0,0,11,-1,-1,0
312,T34,OTHER,11,3,39,-1,-1,-1,05T34@2,BUYER,0,-1,-1,-1,3
317,T24,OTHER,11,2,39,-1,-1,-1,04T24@2,BUYER,0,-1,-1,-1,3
86,OTHER,T24,11,1,10,0,-1,-1,SELLER,00T24@0,0,11,-1,-1,0
124,OTHER,T24,11,1,10,0,-1,-1,SELLER,00T24@0,0,11,-1,-1,0
205,OTHER,T24,11,1,10,0,-1,-1,SELLER,01T24@0,0,11,-1,-1,0
96,OTHER,T24,11,2,10,0,-1,-1,SELLER,01T24@0,0,11,-1,-1,0
190,OTHER,T24,11,3,10,0,-1,-1,SELLER,01T24@0,0,11,-1,-1,0
110,T34,OTHER,11,3,39,0,-1,-1,05T34@2,BUYER,0,11,-1,-1,3
215,OTHER,T24,11,2,10,0,-1,-1,SELLER,00T24@0,0,11,-1,-1,0
102,T24,OTHER,11,3,39,0,-1,-1,04T24@2,BUYER,0,11,-1,-1,3
250,OTHER,T24,12,1,10,0,-1,-1,SELLER,00T24@0,0,12,-1,-1,0
357,T34,OTHER,12,3,39,-1,-1,-1,05T34@2,BUYER,0,-1,-1,-1,3
139,OTHER,T24,12,2,10,0,-1,-1,SELLER,01T24@0,0,12,-1,-1,0
125,OTHER,T24,12,2,10,0,-1,-1,SELLER,01T24@0,0,12,-1,-1,0
59,OTHER,T24,12,3,10,0,-1,-1,SELLER,00T24@0,0,12,-1,-1,0
185,T24,OTHER,12,2,39,0,-1,-1,04T24@2,BUYER,0,12,-1,-1,3
239,OTHER,T24,12,2,10,0,-1,-1,SELLER,00T24@0,0,12,-1,-1,0
100,T24,OTHER,12,1,39,0,-1,-1,04T24@2,BUYER,0,12,-1,-1,3
4,OTHER,T24,12,1,10,0,-1,-1,SELLER,00T24@0,0,12,-1,-1,0
126,OTHER,T24,12,1,10,0,-1,-1,SELLER,01T24@0,0,12,-1,-1,0
75,T34,OTHER,12,1,39,0,-1,-1,05T34@2,BUYER,0,12,-1,-1,3
41,OTHER,T24,12,2,10,0,-1,-1,SELLER,01T24@0,0,12,-1,-1,0
299,T34,OTHER,12,5,39,-1,-1,-1,05T34@2,BUYER,0,-1,-1,-1,3
81,OTHER,T24,12,1,10,0,-1,-1,SELLER,01T24@0,0,12,-1,-1,0
22,OTHER,T24,12,3,10,0,-1,-1,SELLER,00T24@0,0,12,-1,-1,0
18,T34,OTHER,12,1,39,0,-1,-1,05T34@2,BUYER,0,12,-1,-1,3
236,OTHER,T24,12,1,10,0,-1,-1,SELLER,01T24@0,0,12,-1,-1,0
351,T24,OTHER,12,3,39,-1,-1,-1,04T24@2,BUYER,0,-1,-1,-1,3
228,OTHER,T24,12,1,10,0,-1,-1,SELLER,01T24@0,0,12,-1,-1,0
146,T24,OTHER,12,2,39,0,-1,-1,04T24@2,BUYER,0,12,-1,-1,3
259,T34,OTHER,12,2,39,0,-1,-1,05T34@2,BUYER,0,12,-1,-1,3
138,OTHER,T24,13,1,10,0,-1,-1,SELLER,00T24@0,0,13,-1,-1,0
10,OTHER,T24,13,1,10,0,-1,-1,SELLER,01T24@0,0,13,-1,-1,0
350,T34,OTHER,13,3,39,-1,-1,-1,05T34@2,BUYER,0,-1,-1,-1,3
141,T34,OTHER,13,1,39,0,-1,-1,05T34@2,BUYER,0,13,-1,-1,3
160,T24,OTHER,13,2,39,0,-1,-1,04T24@2,BUYER,0,13,-1,-1,3
32,OTHER,T24,13,3,10,0,-1,-1,SELLER,00T24@0,0,13,-1,-1,0
327,T34,OTHER,13,3,39,-1,-1,-1,05T34@2,BUYER,0,-1,-1,-1,3
339,T34,OTHER,13,2,39,-1,-1,-1,05T34@2,BUYER,0,-1,-1,-1,3
318,T24,OTHER,13,1,39,-1,-1,-1,04T24@2,BUYER,0,-1,-1,-1,3
267,T34,OTHER,13,1,39,0,-1,-1,05T34@2,BUYER,0,13,-1,-1,3
40,T34,OTHER,13,1,39,0,-1,-1,05T34@2,BUYER,0,13,-1,-1,3
62,OTHER,T24,13,2,10,0,-1,-1,SELLER,01T24@0,0,13,-1,-1,0
72,T34,OTHER,13,2,39,0,-1,-1,05T34@2,BUYER,0,13,-1,-1,3
147,T34,OTHER,13,1,39,0,-1,-1,05T34@2,BUYER,0,13,-1,-1,3
217,OTHER,T24,13,1,10,0,-1,-1,SELLER,01T24@0,0,13,-1,-1,0
180,OTHER,T24,13,1,10,0,-1,-1,SELLER,01T24@0,0,13,-1,-1,0
55,OTHER,T24,13,3,10,0,-1,-1,SELLER,00T24@0,0,13,-1,-1,0
87,OTHER,T24,13,1,10,0,-1,-1,SELLER,00T24@0,0,13,-1,-1,0
173,T24,OTHER,13,3,39,0,-1,-1,04T24@2,BUYER,0,13,-1,-1,3
229,OTHER,T24,13,2,10,0,-1,-1,SELLER,00T24@0,0,13,-1,-1,0
207,OTHER,T24,13,2,10,0,-1,-1,SELLER,01T24@0,0,13,-1,-1,0
203,OTHER,T24,13,3,10,0,-1,-1,SELLER,01T24@0,0,13,-1,-1,0
199,OTHER,T24,14,3,10,0,-1,-1,SELLER,01T24@0,0,14,-1,-1,0
98,OTHER,T24,14,1,10,0,-1,-1,SELLER,00T24@0,0,14,-1,-1,0
16,OTHER,T24,14,1,10,0,-1,-1,SELLER,01T24@0,0,14,-1,-1,0
293,T24,OTHER,14,2,39,-1,-1,-1,04T24@2,BUYER,0,-1,-1,-1,3
231,OTHER,T24,14,2,10,0,-1,-1,SELLER,01T24@0,0,14,-1,-1,0
68,OTHER,T24,14,1,10,0,-1,-1,SELLER,00T24@0,0,14,-1,-1,0
295,T34,OTHER,14,3,39,-1,-1,-1,05T34@2,BUYER,0,-1,-1,-1,3
218,OTHER,T24,14,2,10,0,-1,-1,SELLER,01T24@0,0,14,-1,-1,0
17,T24,OTHER,14,2,39,0,-1,-1,04T24@2,BUYER,0,14,-1,-1,3
25,T34,OTHER,14,1,39,0,-1,-1,05T34@2,BUYER,0,14,-1,-1,3
343,T34,OTHER,14,3,39,-1,-1,-1,05T34@2,BUYER,0,-1,-1,-1,3
109,T34,OTHER,14,2,39,0,-1,-1,05T34@2,BUYER,0,14,-1,-1,3
7,T34,OTHER,14,2,39,0,-1,-1,05T34@2,BUYER,0,14,-1,-1,3
279,OTHER,T24,14,3,10,0,-1,-1,SELLER,00T24@0,0,14,-1,-1,0
277,OTHER,T24,14,2,10,0,-1,-1,SELLER,00T24@0,0,14,-1,-1,0
242,T24,OTHER,14,1,39,0,-1,-1,04T24@2,BUYER,0,14,-1,-1,3
57,T24,OTHER,14,2,39,0,-1,-1,04T24@2,BUYER,0,14,-1,-1,3
340,T34,OTHER,14,2,39,-1,-1,-1,05T34@2,BUYER,0,-1,-1,-1,3
56,OTHER,T24,14,1,10,0,-1,-1,SELLER,00T24@0,0,14,-1,-1,0
245,OTHER,T24,14,1,10,0,-1,-1,SELLER,01T24@0,0,14,-1,-1,0
248,OTHER,T24,14,2,10,0,-1,-1,SELLER,01T24@0,0,14,-1,-1,0
39,OTHER,T24,14,1,10,0,-1,-1,SELLER,01T24@0,0,14,-1,-1,0
311,T24,OTHER,15,1,39,-1,-1,-1,04T24@2,BUYER,0,-1,-1,-1,3
84,T34,OTHER,15,1,39,0,-1,-1,05T34@2,BUYER,0,15,-1,-1,3
12,T24,OTHER,15,5,39,0,-1,-1,04T24@2,BUYER,0,15,-1,-1,3
140,OTHER,T24,15,4,10,0,-1,-1,SELLER,01T24@0,0,15,-1,-1,0
76,OTHER,T24,15,3,10,0,-1,-1,SELLER,00T24@0,0,15,-1,-1,0
321,T24,OTHER,15,1,39,-1,-1,-1,04T24@2,BUYER,0,-1,-1,-1,3
332,T34,OTHER,15,1,39,-1,-1,-1,05T34@2,BUYER,0,-1,-1,-1,3
11,T34,OTHER,15,1,39,0,-1,-1,05T34@2,BUYER,0,15,-1,-1,3
344,T34,OTHER,15,1,39,-1,-1,-1,05T34@2,BUYER,0,-1,-1,-1,3
305,T34,OTHER,15,2,39,-1,-1,-1,05T34@2,BUYER,0,-1,-1,-1,3
302,T24,OTHER,15,1,39,-1,-1,-1,04T24@2,BUYER,0,-1,-1,-1,3
286,T24,OTHER,15,1,39,-1,-1,-1,04T24@2,BUYER,0,-1,-1,-1,3
63,OTHER,T24,15,2,10,0,-1,-1,SELLER,00T24@0,0,15,-1,-1,0
174,OTHER,T24,15,1,10,0,-1,-1,SELLER,00T24@0,0,15,-1,-1,0
61,OTHER,T24,15,1,10,0,-1,-1,SELLER,01T24@0,0,15,-1,-1,0
225,OTHER,T24,15,1,10,0,-1,-1,SELLER,00T24@0,0,15,-1,-1,0
234,OTHER,T24,15,2,10,0,-1,-1,SELLER,00T24@0,0,15,-1,-1,0
132,OTHER,T24,15,1,10,0,-1,-1,SELLER,00T24@0,0,15,-1,-1,0
304,T34,OTHER,15,1,39,-1,-1,-1,05T34@2,BUYER,0,-1,-1,-1,3
301,T34,OTHER,15,1,39,-1,-1,-1,05T34@2,BUYER,0,-1,-1,-1,3
38,T34,OTHER,15,3,39,0,-1,-1,05T34@2,BUYER,0,15,-1,-1,3
167,OTHER,T24,15,1,10,0,-1,-1,SELLER,01T24@0,0,15,-1,-1,0
168,OTHER,T24,15,1,10,0,-1,-1,SELLER,01T24@0,0,15,-1,-1,0
164,OTHER,T24,15,3,10,0,-1,-1,SELLER,00T24@0,0,15,-1,-1,0
334,T34,OTHER,16,1,39,-1,-1,-1,05T34@2,BUYER,0,-1,-1,-1,3
13,OTHER,T24,16,1,10,0,-1,-1,SELLER,01T24@0,0,16,-1,-1,0
9,T24,OTHER,16,3,39,0,-1,-1,04T24@2,BUYER,0,16,-1,-1,3
99,OTHER,T24,16,3,10,0,-1,-1,SELLER,01T24@0,0,16,-1,-1,0
197,OTHER,T24,16,2,10,0,-1,-1,SELLER,01T24@0,0,16,-1,-1,0
47,T24,OTHER,16,2,39,0,-1,-1,04T24@2,BUYER,0,16,-1,-1,3
107,T34,OTHER,16,2,39,0,-1,-1,05T34@2,BUYER,0,16,-1,-1,3
303,T24,OTHER,16,2,39,-1,-1,-1,04T24@2,BUYER,0,-1,-1,-1,3
352,T34,OTHER,16,2,39,-1,-1,-1,05T34@2,BUYER,0,-1,-1,-1,3
306,OTHER,T24,16,3,10,-1,-1,-1,SELLER,00T24@0,0,-1,-1,-1,0
307,OTHER,T24,16,1,10,-1,-1,-1,SELLER,00T24@0,0,-1,-1,-1,0
309,OTHER,T24,16,4,10,-1,-1,-1,SELLER,00T24@0,0,-1,-1,-1,0
300,OTHER,T24,16,2,10,-1,-1,-1,SELLER,00T24@0,0,-1,-1,-1,0
14,T34,OTHER,16,3,39,0,-1,-1,05T34@2,BUYER,0,16,-1,-1,3
313,T34,OTHER,16,2,39,-1,-1,-1,05T34@2,BUYER,0,-1,-1,-1,3
297,T24,OTHER,16,2,39,-1,-1,-1,04T24@2,BUYER,0,-1,-1,-1,3
292,OTHER,T24,16,2,10,-1,-1,-1,SELLER,00T24@0,0,-1,-1,-1,0
320,T34,OTHER,16,1,39,-1,-1,-1,05T34@2,BUYER,0,-1,-1,-1,3
604,T24,T34,16,5,0,11,-1,11,00T24@0,03T34@1,2,16,-1,-1,1
315,OTHER,T24,16,1,10,-1,-1,-1,SELLER,00T24@0,0,-1,-1,-1,0
261,OTHER,T24,16,1,10,0,-1,-1,SELLER,01T24@0,0,16,-1,-1,0
347,OTHER,T24,17,1,10,-1,-1,-1,SELLER,00T24@0,0,-1,-1,-1,0
349,T34,OTHER,17,1,39,-1,-1,-1,05T34@2,BUYER,0,-1,-1,-1,3
356,T34,OTHER,17,1,39,-1,-1,-1,05T34@2,BUYER,0,-1,-1,-1,3
358,T24,OTHER,17,1,39,-1,-1,-1,04T24@2,BUYER,0,-1,-1,-1,3
625,T24,T34,17,5,0,12,-1,12,00T24@0,03T34@1,2,17,-1,-1,1
184,T34,OTHER,17,2,39,0,-1,-1,05T34@2,BUYER,0,17,-1,-1,3
333,OTHER,T24,17,2,10,-1,-1,-1,SELLER,00T24@0,0,-1,-1,-1,0
216,OTHER,T24,17,4,10,0,-1,-1,SELLER,01T24@0,0,17,-1,-1,0
50,T34,OTHER,17,2,39,0,-1,-1,05T34@2,BUYER,0,17,-1,-1,3
49,OTHER,T24,17,1,10,0,-1,-1,SELLER,01T24@0,0,17,-1,-1,0
338,OTHER,T24,17,1,10,-1,-1,-1,SELLER,00T24@0,0,-1,-1,-1,0
35,T24,OTHER,17,2,39,0,-1,-1,04T24@2,BUYER,0,17,-1,-1,3
34,T34,OTHER,17,1,39,0,-1,-1,05T34@2,BUYER,0,17,-1,-1,3
23,T24,OTHER,17,1,39,0,-1,-1,04T24@2,BUYER,0,17,-1,-1,3
260,OTHER,T24,17,3,10,0,-1,-1,SELLER,01T24@0,0,17,-1,-1,0
288,T24,OTHER,17,2,39,-1,-1,-1,04T24@2,BUYER,0,-1,-1,-1,3
289,OTHER,T24,17,3,10,-1,-1,-1,SELLER,00T24@0,0,-1,-1,-1,0
291,T24,OTHER,17,2,39,-1,-1,-1,04T24@2,BUYER,0,-1,-1,-1,3
296,OTHER,T24,17,2,10,-1,-1,-1,SELLER,00T24@0,0,-1,-1,-1,0
310,T34,OTHER,17,3,39,-1,-1,-1,05T34@2,BUYER,0,-1,-1,-1,3
19,T24,OTHER,17,2,39,0,-1,-1,04T24@2,BUYER,0,17,-1,-1,3
324,OTHER,T24,17,2,10,-1,-1,-1,SELLER,00T24@0,0,-1,-1,-1,0
287,OTHER,T24,17,1,10,-1,-1,-1,SELLER,00T24@0,0,-1,-1,-1,0
375,OTHER,T24,18,3,10,1,-1,-1,SELLER,01T24@0,0,18,-1,-1,0
376,T24,OTHER,18,1,39,1,-1,-1,04T24@2,BUYER,0,18,-1,-1,3
377,OTHER,T24,18,1,10,1,-1,-1,SELLER,01T24@0,0,18,-1,-1,0
378,T24,OTHER,18,2,39,-1,-1,-1,04T24@2,BUYER,0,-1,-1,-1,3
381,T34,OTHER,18,2,39,-1,-1,-1,05T34@2,BUYER,0,-1,-1,-1,3
380,T34,OTHER,18,1,39,-1,-1,-1,05T34@2,BUYER,0,-1,-1,-1,3
382,T34,OTHER,18,1,39,-1,-1,-1,05T34@2,BUYER,0,-1,-1,-1,3
383,T34,OTHER,18,2,39,-1,-1,-1,05T34@2,BUYER,0,-1,-1,-1,3
374,OTHER,T24,18,2,10,1,-1,-1,SELLER,01T24@0,0,18,-1,-1,0
379,T24,OTHER,18,2,39,-1,-1,-1,04T24@2,BUYER,0,-1,-1,-1,3
373,OTHER,T24,18,3,10,1,-1,-1,SELLER,00T24@0,0,18,-1,-1,0
368,OTHER,T24,18,1,10,1,-1,-1,SELLER,00T24@0,0,18,-1,-1,0
371,T24,OTHER,18,3,39,1,-1,-1,04T24@2,BUYER,0,18,-1,-1,3
370,OTHER,T24,18,1,10,1,-1,-1,SELLER,00T24@0,0,18,-1,-1,0
369,OTHER,T24,18,1,10,1,-1,-1,SELLER,01T24@0,0,18,-1,-1,0
367,OTHER,T24,18,1,10,1,-1,-1,SELLER,00T24@0,0,18,-1,-1,0
366,T34,OTHER,18,3,39,1,-1,-1,05T34@2,BUYER,0,18,-1,-1,3
365,T34,OTHER,18,2,39,1,-1,-1,05T34@2,BUYER,0,18,-1,-1,3
364,OTHER,T24,18,1,10,1,-1,-1,SELLER,01T24@0,0,18,-1,-1,0
363,OTHER,T24,18,1,10,1,-1,-1,SELLER,01T24@0,0,18,-1,-1,0
362,OTHER,T24,18,1,10,1,-1,-1,SELLER,00T24@0,0,18,-1,-1,0
361,T24,OTHER,18,1,39,1,-1,-1,04T24@2,BUYER,0,18,-1,-1,3
372,OTHER,T24,18,3,10,1,-1,-1,SELLER,00T24@0,0,18,-1,-1,0
360,OTHER,T24,18,1,10,1,-1,-1,SELLER,00T24@0,0,18,-1,-1,0
399,T34,OTHER,19,1,39,-1,-1,-1,05T34@2,BUYER,0,-1,-1,-1,3
400,T34,OTHER,19,1,39,-1,-1,-1,05T34@2,BUYER,0,-1,-1,-1,3
401,T24,OTHER,19,3,39,-1,-1,-1,04T24@2,BUYER,0,-1,-1,-1,3
402,T34,OTHER,19,2,39,-1,-1,-1,05T34@2,BUYER,0,-1,-1,-1,3
674,T34,T24,19,5,56,14,-1,14,03T34@1,04T24@2,2,19,-1,-1,2
404,T34,OTHER,19,2,39,-1,-1,-1,05T34@2,BUYER,0,-1,-1,-1,3
405,T24,OTHER,19,1,39,-1,-1,-1,04T24@2,BUYER,0,-1,-1,-1,3
406,T34,OTHER,19,1,39,-1,-1,-1,05T34@2,BUYER,0,-1,-1,-1,3
398,T24,OTHER,19,2,39,-1,-1,-1,04T24@2,BUYER,0,-1,-1,-1,3
403,T24,OTHER,19,2,39,-1,-1,-1,04T24@2,BUYER,0,-1,-1,-1,3
397,T34,OTHER,19,2,39,-1,-1,-1,05T34@2,BUYER,0,-1,-1,-1,3
396,T24,OTHER,19,1,39,-1,-1,-1,04T24@2,BUYER,0,-1,-1,-1,3
395,T24,OTHER,19,2,39,-1,-1,-1,04T24@2,BUYER,0,-1,-1,-1,3
384,OTHER,T24,19,1,10,2,-1,-1,SELLER,00T24@0,0,19,-1,-1,0
386,OTHER,T24,19,2,10,2,-1,-1,SELLER,01T24@0,0,19,-1,-1,0
387,OTHER,T24,19,1,10,2,-1,-1,SELLER,00T24@0,0,19,-1,-1,0
388,OTHER,T24,19,4,10,2,-1,-1,SELLER,00T24@0,0,19,-1,-1,0
389,OTHER,T24,19,3,10,2,-1,-1,SELLER,01T24@0,0,19,-1,-1,0
385,OTHER,T24,19,1,10,2,-1,-1,SELLER,00T24@0,0,19,-1,-1,0
391,OTHER,T24,19,2,10,2,-1,-1,SELLER,00T24@0,0,19,-1,-1,0
392,OTHER,T24,19,1,10,2,-1,-1,SELLER,00T24@0,0,19,-1,-1,0
393,OTHER,T24,19,2,10,2,-1,-1,SELLER,01T24@0,0,19,-1,-1,0
394,OTHER,T24,19,1,10,2,-1,-1,SELLER,01T24@0,0,19,-1,-1,0
390,OTHER,T24,19,2,10,2,-1,-1,SELLER,01T24@0,0,19,-1,-1,0
421,T24,OTHER,20,1,39,-1,-1,-1,04T24@2,BUYER,0,-1,-1,-1,3
705,T34,T24,20,5,56,15,-1,15,03T34@1,04T24@2,2,20,-1,-1,2
428,T24,OTHER,20,1,39,-1,-1,-1,04T24@2,BUYER,0,-1,-1,-1,3
427,T24,OTHER,20,4,39,-1,-1,-1,04T24@2,BUYER,0,-1,-1,-1,3
426,T34,OTHER,20,2,39,-1,-1,-1,05T34@2,BUYER,0,-1,-1,-1,3
425,T24,OTHER,20,2,39,-1,-1,-1,04T24@2,BUYER,0,-1,-1,-1,3
424,T24,OTHER,20,4,39,-1,-1,-1,04T24@2,BUYER,0,-1,-1,-1,3
423,T34,OTHER,20,2,39,-1,-1,-1,05T34@2,BUYER,0,-1,-1,-1,3
422,T34,OTHER,20,2,39,-1,-1,-1,05T34@2,BUYER,0,-1,-1,-1,3
420,T24,OTHER,20,1,39,-1,-1,-1,04T24@2,BUYER,0,-1,-1,-1,3
408,OTHER,T24,20,2,10,3,-1,-1,SELLER,00T24@0,0,20,-1,-1,0
418,OTHER,T24,20,1,10,3,-1,-1,SELLER,01T24@0,0,20,-1,-1,0
417,OTHER,T24,20,1,10,3,-1,-1,SELLER,01T24@0,0,20,-1,-1,0
416,OTHER,T24,20,1,10,3,-1,-1,SELLER,01T24@0,0,20,-1,-1,0
415,OTHER,T24,20,3,10,3,-1,-1,SELLER,00T24@0,0,20,-1,-1,0
414,OTHER,T24,20,2,10,3,-1,-1,SELLER,01T24@0,0,20,-1,-1,0
413,OTHER,T24,20,2,10,3,-1,-1,SELLER,01T24@0,0,20,-1,-1,0
412,OTHER,T24,20,1,10,3,-1,-1,SELLER,00T24@0,0,20,-1,-1,0
411,OTHER,T24,20,3,10,3,-1,-1,SELLER,01T24@0,0,20,-1,-1,0
410,OTHER,T24,20,2,10,3,-1,-1,SELLER,00T24@0,0,20,-1,-1,0
409,OTHER,T24,20,1,10,3,-1,-1,SELLER,00T24@0,0,20,-1,-1,0
419,T24,OTHER,20,1,39,-1,-1,-1,04T24@2,BUYER,0,-1,-1,-1,3
407,OTHER,T24,20,1,10,3,-1,-1,SELLER,00T24@0,0,20,-1,-1,0
446,T24,OTHER,21,1,39,4,-1,-1,04T24@2,BUYER,0,21,-1,-1,3
447,T24,OTHER,21,3,39,4,-1,-1,04T24@2,BUYER,0,21,-1,-1,3
448,OTHER,T24,21,3,10,4,-1,-1,SELLER,00T24@0,0,21,-1,-1,0
449,OTHER,T24,21,1,10,4,-1,-1,SELLER,00T24@0,0,21,-1,-1,0
445,T24,OTHER,21,1,39,4,-1,-1,04T24@2,BUYER,0,21,-1,-1,3
451,OTHER,T24,21,1,10,4,-1,-1,SELLER,01T24@0,0,21,-1,-1,0
452,T24,OTHER,21,2,39,-1,-1,-1,04T24@2,BUYER,0,-1,-1,-1,3
453,T24,OTHER,21,1,39,-1,-1,-1,04T24@2,BUYER,0,-1,-1,-1,3
450,T34,OTHER,21,1,39,4,-1,-1,05T34@2,BUYER,0,21,-1,-1,3
444,OTHER,T24,21,1,10,4,-1,-1,SELLER,01T24@0,0,21,-1,-1,0
430,T34,OTHER,21,1,39,4,-1,-1,05T34@2,BUYER,0,21,-1,-1,3
442,T34,OTHER,21,2,39,4,-1,-1,05T34@2,BUYER,0,21,-1,-1,3
432,T34,OTHER,21,1,39,4,-1,-1,05T34@2,BUYER,0,21,-1,-1,3
431,T34,OTHER,21,1,39,4,-1,-1,05T34@2,BUYER,0,21,-1,-1,3
433,OTHER,T24,21,2,10,4,-1,-1,SELLER,01T24@0,0,21,-1,-1,0
434,OTHER,T24,21,1,10,4,-1,-1,SELLER,01T24@0,0,21,-1,-1,0
435,T34,OTHER,21,1,39,4,-1,-1,05T34@2,BUYER,0,21,-1,-1,3
429,OTHER,T24,21,2,10,4,-1,-1,SELLER,01T24@0,0,21,-1,-1,0
437,OTHER,T24,21,1,10,4,-1,-1,SELLER,00T24@0,0,21,-1,-1,0
438,OTHER,T24,21,2,10,4,-1,-1,SELLER,01T24@0,0,21,-1,-1,0
439,T24,OTHER,21,1,39,4,-1,-1,04T24@2,BUYER,0,21,-1,-1,3
440,OTHER,T24,21,3,10,4,-1,-1,SELLER,00T24@0,0,21,-1,-1,0
441,T34,OTHER,21,4,39,4,-1,-1,05T34@2,BUYER,0,21,-1,-1,3
436,OTHER,T24,21,1,10,4,-1,-1,SELLER,00T24@0,0,21,-1,-1,0
443,OTHER,T24,21,2,10,4,-1,-1,SELLER,01T24@0,0,21,-1,-1,0
466,T24,OTHER,22,2,39,5,-1,-1,04T24@2,BUYER,0,22,-1,-1,3
473,T34,OTHER,22,3,39,-1,-1,-1,05T34@2,BUYER,0,-1,-1,-1,3
472,T34,OTHER,22,2,39,-1,-1,-1,05T34@2,BUYER,0,-1,-1,-1,3
471,OTHER,T24,22,1,10,5,-1,-1,SELLER,01T24@0,0,22,-1,-1,0
470,OTHER,T24,22,3,10,5,-1,-1,SELLER,00T24@0,0,22,-1,-1,0
469,OTHER,T24,22,2,10,5,-1,-1,SELLER,00T24@0,0,22,-1,-1,0
468,OTHER,T24,22,1,10,5,-1,-1,SELLER,00T24@0,0,22,-1,-1,0
467,OTHER,T24,22,2,10,5,-1,-1,SELLER,00T24@0,0,22,-1,-1,0
465,T34,OTHER,22,3,39,5,-1,-1,05T34@2,BUYER,0,22,-1,-1,3
463,OTHER,T24,22,2,10,5,-1,-1,SELLER,01T24@0,0,22,-1,-1,0
462,OTHER,T24,22,1,10,5,-1,-1,SELLER,00T24@0,0,22,-1,-1,0
461,OTHER,T24,22,2,10,5,-1,-1,SELLER,00T24@0,0,22,-1,-1,0
460,OTHER,T24,22,2,10,5,-1,-1,SELLER,01T24@0,0,22,-1,-1,0
459,T34,OTHER,22,2,39,5,-1,-1,05T34@2,BUYER,0,22,-1,-1,3
458,OTHER,T24,22,2,10,5,-1,-1,SELLER,01T24@0,0,22,-1,-1,0
457,OTHER,T24,22,2,10,5,-1,-1,SELLER,01T24@0,0,22,-1,-1,0
456,T24,OTHER,22,2,39,5,-1,-1,04T24@2,BUYER,0,22,-1,-1,3
455,T34,OTHER,22,1,39,5,-1,-1,05T34@2,BUYER,0,22,-1,-1,3
464,T34,OTHER,22,1,39,5,-1,-1,05T34@2,BUYER,0,22,-1,-1,3
454,T24,OTHER,22,4,39,5,-1,-1,04T24@2,BUYER,0,22,-1,-1,3
490,T24,OTHER,23,2,39,6,-1,-1,04T24@2,BUYER,0,23,-1,-1,3
491,OTHER,T24,23,1,10,6,-1,-1,SELLER,01T24@0,0,23,-1,-1,0
492,OTHER,T24,23,1,10,6,-1,-1,SELLER,00T24@0,0,23,-1,-1,0
489,OTHER,T24,23,1,10,6,-1,-1,SELLER,00T24@0,0,23,-1,-1,0
494,OTHER,T24,23,1,10,6,-1,-1,SELLER,01T24@0,0,23,-1,-1,0
495,T34,OTHER,23,2,39,-1,-1,-1,05T34@2,BUYER,0,-1,-1,-1,3
496,T34,OTHER,23,2,39,-1,-1,-1,05T34@2,BUYER,0,-1,-1,-1,3
493,T24,OTHER,23,1,39,6,-1,-1,04T24@2,BUYER,0,23,-1,-1,3
488,OTHER,T24,23,1,10,6,-1,-1,SELLER,00T24@0,0,23,-1,-1,0
477,OTHER,T24,23,2,10,6,-1,-1,SELLER,01T24@0,0,23,-1,-1,0
486,OTHER,T24,23,2,10,6,-1,-1,SELLER,00T24@0,0,23,-1,-1,0
474,T24,OTHER,23,1,39,6,-1,-1,04T24@2,BUYER,0,23,-1,-1,3
487,OTHER,T24,23,2,10,6,-1,-1,SELLER,01T24@0,0,23,-1,-1,0
476,OTHER,T24,23,2,10,6,-1,-1,SELLER,01T24@0,0,23,-1,-1,0
478,OTHER,T24,23,2,10,6,-1,-1,SELLER,01T24@0,0,23,-1,-1,0
479,T24,OTHER,23,4,39,6,-1,-1,04T24@2,BUYER,0,23,-1,-1,3
475,OTHER,T24,23,1,10,6,-1,-1,SELLER,01T24@0,0,23,-1,-1,0
481,T34,OTHER,23,2,39,6,-1,-1,05T34@2,BUYER,0,23,-1,-1,3
482,T24,OTHER,23,2,39,6,-1,-1,04T24@2,BUYER,0,23,-1,-1,3
483,OTHER,T24,23,3,10,6,-1,-1,SELLER,00T24@0,0,23,-1,-1,0
484,T34,OTHER,23,3,39,6,-1,-1,05T34@2,BUYER,0,23,-1,-1,3
485,OTHER,T24,23,1,10,6,-1,-1,SELLER,00T24@0,0,23,-1,-1,0
480,T34,OTHER,23,1,39,6,-1,-1,05T34@2,BUYER,0,23,-1,-1,3
517,T34,OTHER,24,3,39,-1,-1,-1,05T34@2,BUYER,0,-1,-1,-1,3
516,T24,OTHER,24,2,39,-1,-1,-1,04T24@2,BUYER,0,-1,-1,-1,3
515,T24,OTHER,24,2,39,-1,-1,-1,04T24@2,BUYER,0,-1,-1,-1,3
514,T34,OTHER,24,1,39,-1,-1,-1,05T34@2,BUYER,0,-1,-1,-1,3
513,T34,OTHER,24,3,39,-1,-1,-1,05T34@2,BUYER,0,-1,-1,-1,3
512,OTHER,T24,24,2,10,7,-1,-1,SELLER,01T24@0,0,24,-1,-1,0
511,OTHER,T24,24,3,10,7,-1,-1,SELLER,01T24@0,0,24,-1,-1,0
509,OTHER,T24,24,3,10,7,-1,-1,SELLER,00T24@0,0,24,-1,-1,0
510,T24,OTHER,24,2,39,7,-1,-1,04T24@2,BUYER,0,24,-1,-1,3
507,T24,OTHER,24,1,39,7,-1,-1,04T24@2,BUYER,0,24,-1,-1,3
506,T24,OTHER,24,1,39,7,-1,-1,04T24@2,BUYER,0,24,-1,-1,3
505,OTHER,T24,24,1,10,7,-1,-1,SELLER,01T24@0,0,24,-1,-1,0
504,OTHER,T24,24,2,10,7,-1,-1,SELLER,00T24@0,0,24,-1,-1,0
503,T34,OTHER,24,2,39,7,-1,-1,05T34@2,BUYER,0,24,-1,-1,3
502,OTHER,T24,24,2,10,7,-1,-1,SELLER,01T24@0,0,24,-1,-1,0
501,T34,OTHER,24,2,39,7,-1,-1,05T34@2,BUYER,0,24,-1,-1,3
500,OTHER,T24,24,2,10,7,-1,-1,SELLER,00T24@0,0,24,-1,-1,0
499,OTHER,T24,24,1,10,7,-1,-1,SELLER,01T24@0,0,24,-1,-1,0
498,T24,OTHER,24,1,39,7,-1,-1,04T24@2,BUYER,0,24,-1,-1,3
497,OTHER,T24,24,3,10,7,-1,-1,SELLER,00T24@0,0,24,-1,-1,0
508,OTHER,T24,24,1,10,7,-1,-1,SELLER,00T24@0,0,24,-1,-1,0
535,T34,OTHER,25,1,39,8,-1,-1,05T34@2,BUYER,0,25,-1,-1,3
536,OTHER,T24,25,3,10,8,-1,-1,SELLER,01T24@0,0,25,-1,-1,0
537,OTHER,T24,25,1,10,8,-1,-1,SELLER,01T24@0,0,25,-1,-1,0
538,OTHER,T24,25,2,10,8,-1,-1,SELLER,01T24@0,0,25,-1,-1,0
544,T24,OTHER,25,1,39,-1,-1,-1,04T24@2,BUYER,0,-1,-1,-1,3
540,OTHER,T24,25,1,10,8,-1,-1,SELLER,01T24@0,0,25,-1,-1,0
541,T24,OTHER,25,2,39,-1,-1,-1,04T24@2,BUYER,0,-1,-1,-1,3
542,T24,OTHER,25,3,39,-1,-1,-1,04T24@2,BUYER,0,-1,-1,-1,3
543,T24,OTHER,25,1,39,-1,-1,-1,04T24@2,BUYER,0,-1,-1,-1,3
539,OTHER,T24,25,1,10,8,-1,-1,SELLER,01T24@0,0,25,-1,-1,0
533,OTHER,T24,25,1,10,8,-1,-1,SELLER,00T24@0,0,25,-1,-1,0
534,T24,OTHER,25,1,39,8,-1,-1,04T24@2,BUYER,0,25,-1,-1,3
531,T24,OTHER,25,1,39,8,-1,-1,04T24@2,BUYER,0,25,-1,-1,3
520,T34,OTHER,25,2,39,8,-1,-1,05T34@2,BUYER,0,25,-1,-1,3
519,T24,OTHER,25,1,39,8,-1,-1,04T24@2,BUYER,0,25,-1,-1,3
521,OTHER,T24,25,1,10,8,-1,-1,SELLER,01T24@0,0,25,-1,-1,0
522,T34,OTHER,25,2,39,8,-1,-1,05T34@2,BUYER,0,25,-1,-1,3
523,OTHER,T24,25,3,10,8,-1,-1,SELLER,01T24@0,0,25,-1,-1,0
524,T24,OTHER,25,1,39,8,-1,-1,04T24@2,BUYER,0,25,-1,-1,3
518,T34,OTHER,25,2,39,8,-1,-1,05T34@2,BUYER,0,25,-1,-1,3
526,OTHER,T24,25,1,10,8,-1,-1,SELLER,00T24@0,0,25,-1,-1,0
527,OTHER,T24,25,1,10,8,-1,-1,SELLER,00T24@0,0,25,-1,-1,0
528,OTHER,T24,25,3,10,8,-1,-1,SELLER,00T24@0,0,25,-1,-1,0
529,OTHER,T24,25,1,10,8,-1,-1,SELLER,00T24@0,0,25,-1,-1,0
530,T24,OTHER,25,1,39,8,-1,-1,04T24@2,BUYER,0,25,-1,-1,3
525,T24,OTHER,25,1,39,8,-1,-1,04T24@2,BUYER,0,25,-1,-1,3
532,OTHER,T24,25,1,10,8,-1,-1,SELLER,01T24@0,0,25,-1,-1,0
559,OTHER,T24,26,1,10,9,-1,-1,SELLER,00T24@0,0,26,-1,-1,0
567,T34,OTHER,26,1,39,-1,-1,-1,05T34@2,BUYER,0,-1,-1,-1,3
566,T24,OTHER,26,2,39,-1,-1,-1,04T24@2,BUYER,0,-1,-1,-1,3
565,T24,OTHER,26,2,39,-1,-1,-1,04T24@2,BUYER,0,-1,-1,-1,3
564,T24,OTHER,26,3,39,-1,-1,-1,04T24@2,BUYER,0,-1,-1,-1,3
563,T34,OTHER,26,1,39,-1,-1,-1,05T34@2,BUYER,0,-1,-1,-1,3
562,T24,OTHER,26,2,39,-1,-1,-1,04T24@2,BUYER,0,-1,-1,-1,3
561,OTHER,T24,26,1,10,9,-1,-1,SELLER,00T24@0,0,26,-1,-1,0
560,OTHER,T24,26,1,10,9,-1,-1,SELLER,00T24@0,0,26,-1,-1,0
557,OTHER,T24,26,2,10,9,-1,-1,SELLER,00T24@0,0,26,-1,-1,0
556,OTHER,T24,26,1,10,9,-1,-1,SELLER,01T24@0,0,26,-1,-1,0
545,OTHER,T24,26,1,10,9,-1,-1,SELLER,01T24@0,0,26,-1,-1,0
558,OTHER,T24,26,2,10,9,-1,-1,SELLER,01T24@0,0,26,-1,-1,0
547,T24,OTHER,26,2,39,9,-1,-1,04T24@2,BUYER,0,26,-1,-1,3
548,T34,OTHER,26,1,39,9,-1,-1,05T34@2,BUYER,0,26,-1,-1,3
549,OTHER,T24,26,2,10,9,-1,-1,SELLER,01T24@0,0,26,-1,-1,0
546,T34,OTHER,26,2,39,9,-1,-1,05T34@2,BUYER,0,26,-1,-1,3
551,OTHER,T24,26,2,10,9,-1,-1,SELLER,01T24@0,0,26,-1,-1,0
552,T34,OTHER,26,2,39,9,-1,-1,05T34@2,BUYER,0,26,-1,-1,3
553,OTHER,T24,26,2,10,9,-1,-1,SELLER,01T24@0,0,26,-1,-1,0
554,OTHER,T24,26,4,10,9,-1,-1,SELLER,00T24@0,0,26,-1,-1,0
555,OTHER,T24,26,1,10,9,-1,-1,SELLER,00T24@0,0,26,-1,-1,0
550,T24,OTHER,26,2,39,9,-1,-1,04T24@2,BUYER,0,26,-1,-1,3
583,T24,OTHER,27,1,39,10,-1,-1,04T24@2,BUYER,0,27,-1,-1,3
590,T34,OTHER,27,1,39,-1,-1,-1,05T34@2,BUYER,0,-1,-1,-1,3
589,T24,OTHER,27,2,39,-1,-1,-1,04T24@2,BUYER,0,-1,-1,-1,3
588,T34,OTHER,27,1,39,-1,-1,-1,05T34@2,BUYER,0,-1,-1,-1,3
587,T24,OTHER,27,2,39,-1,-1,-1,04T24@2,BUYER,0,-1,-1,-1,3
586,T34,OTHER,27,3,39,-1,-1,-1,05T34@2,BUYER,0,-1,-1,-1,3
585,OTHER,T24,27,1,10,10,-1,-1,SELLER,01T24@0,0,27,-1,-1,0
584,OTHER,T24,27,1,10,10,-1,-1,SELLER,00T24@0,0,27,-1,-1,0
582,OTHER,T24,27,4,10,10,-1,-1,SELLER,01T24@0,0,27,-1,-1,0
571,T24,OTHER,27,1,39,10,-1,-1,04T24@2,BUYER,0,27,-1,-1,3
580,OTHER,T24,27,2,10,10,-1,-1,SELLER,00T24@0,0,27,-1,-1,0
568,T34,OTHER,27,3,39,10,-1,-1,05T34@2,BUYER,0,27,-1,-1,3
569,OTHER,T24,27,1,10,10,-1,-1,SELLER,01T24@0,0,27,-1,-1,0
570,T34,OTHER,27,2,39,10,-1,-1,05T34@2,BUYER,0,27,-1,-1,3
572,OTHER,T24,27,1,10,10,-1,-1,SELLER,01T24@0,0,27,-1,-1,0
573,OTHER,T24,27,1,10,10,-1,-1,SELLER,01T24@0,0,27,-1,-1,0
581,OTHER,T24,27,2,10,10,-1,-1,SELLER,00T24@0,0,27,-1,-1,0
575,OTHER,T24,27,2,10,10,-1,-1,SELLER,01T24@0,0,27,-1,-1,0
576,T24,OTHER,27,2,39,10,-1,-1,04T24@2,BUYER,0,27,-1,-1,3
577,OTHER,T24,27,1,10,10,-1,-1,SELLER,00T24@0,0,27,-1,-1,0
579,OTHER,T24,27,1,10,10,-1,-1,SELLER,00T24@0,0,27,-1,-1,0
578,T24,OTHER,27,2,39,10,-1,-1,04T24@2,BUYER,0,27,-1,-1,3
574,OTHER,T24,27,3,10,10,-1,-1,SELLER,00T24@0,0,27,-1,-1,0
615,T24,OTHER,28,2,39,-1,-1,-1,04T24@2,BUYER,0,-1,-1,-1,3
614,T34,OTHER,28,1,39,-1,-1,-1,05T34@2,BUYER,0,-1,-1,-1,3
613,T34,OTHER,28,3,39,-1,-1,-1,05T34@2,BUYER,0,-1,-1,-1,3
612,T34,OTHER,28,3,39,-1,-1,-1,05T34@2,BUYER,0,-1,-1,-1,3
611,T34,OTHER,28,1,39,-1,-1,-1,05T34@2,BUYER,0,-1,-1,-1,3
610,OTHER,T24,28,4,10,11,-1,-1,SELLER,00T24@0,0,28,-1,-1,0
609,OTHER,T24,28,1,10,11,-1,-1,SELLER,00T24@0,0,28,-1,-1,0
607,T24,OTHER,28,1,39,11,-1,-1,04T24@2,BUYER,0,28,-1,-1,3
606,OTHER,T24,28,2,10,11,-1,-1,SELLER,00T24@0,0,28,-1,-1,0
605,OTHER,T24,28,1,10,11,-1,-1,SELLER,01T24@0,0,28,-1,-1,0
608,OTHER,T24,28,1,10,11,-1,-1,SELLER,00T24@0,0,28,-1,-1,0
602,T34,OTHER,28,1,39,11,-1,-1,05T34@2,BUYER,0,28,-1,-1,3
591,OTHER,T24,28,3,10,11,-1,-1,SELLER,00T24@0,0,28,-1,-1,0
603,T34,OTHER,28,1,39,11,-1,-1,05T34@2,BUYER,0,28,-1,-1,3
593,OTHER,T24,28,2,10,11,-1,-1,SELLER,01T24@0,0,28,-1,-1,0
594,T24,OTHER,28,1,39,11,-1,-1,04T24@2,BUYER,0,28,-1,-1,3
595,T24,OTHER,28,1,39,11,-1,-1,04T24@2,BUYER,0,28,-1,-1,3
596,OTHER,T24,28,1,10,11,-1,-1,SELLER,01T24@0,0,28,-1,-1,0
592,T34,OTHER,28,1,39,11,-1,-1,05T34@2,BUYER,0,28,-1,-1,3
598,T24,OTHER,28,2,39,11,-1,-1,04T24@2,BUYER,0,28,-1,-1,3
599,T34,OTHER,28,1,39,11,-1,-1,05T34@2,BUYER,0,28,-1,-1,3
600,OTHER,T24,28,3,10,11,-1,-1,SELLER,01T24@0,0,28,-1,-1,0
601,T34,OTHER,28,1,39,11,-1,-1,05T34@2,BUYER,0,28,-1,-1,3
597,OTHER,T24,28,2,10,11,-1,-1,SELLER,01T24@0,0,28,-1,-1,0
630,OTHER,T24,29,1,10,12,-1,-1,SELLER,01T24@0,0,29,-1,-1,0
638,T34,OTHER,29,1,39,-1,-1,-1,05T34@2,BUYER,0,-1,-1,-1,3
637,T34,OTHER,29,3,39,-1,-1,-1,05T34@2,BUYER,0,-1,-1,-1,3
636,T24,OTHER,29,4,39,-1,-1,-1,04T24@2,BUYER,0,-1,-1,-1,3
635,T24,OTHER,29,4,39,-1,-1,-1,04T24@2,BUYER,0,-1,-1,-1,3
634,OTHER,T24,29,2,10,12,-1,-1,SELLER,01T24@0,0,29,-1,-1,0
633,T34,OTHER,29,1,39,12,-1,-1,05T34@2,BUYER,0,29,-1,-1,3
632,OTHER,T24,29,3,10,12,-1,-1,SELLER,00T24@0,0,29,-1,-1,0
631,OTHER,T24,29,1,10,12,-1,-1,SELLER,01T24@0,0,29,-1,-1,0
629,OTHER,T24,29,2,10,12,-1,-1,SELLER,00T24@0,0,29,-1,-1,0
619,T24,OTHER,29,2,39,12,-1,-1,04T24@2,BUYER,0,29,-1,-1,3
627,T34,OTHER,29,1,39,12,-1,-1,05T34@2,BUYER,0,29,-1,-1,3
628,OTHER,T24,29,1,10,12,-1,-1,SELLER,01T24@0,0,29,-1,-1,0
617,T24,OTHER,29,1,39,12,-1,-1,04T24@2,BUYER,0,29,-1,-1,3
618,OTHER,T24,29,2,10,12,-1,-1,SELLER,00T24@0,0,29,-1,-1,0
620,T34,OTHER,29,3,39,12,-1,-1,05T34@2,BUYER,0,29,-1,-1,3
616,OTHER,T24,29,2,10,12,-1,-1,SELLER,01T24@0,0,29,-1,-1,0
622,OTHER,T24,29,1,10,12,-1,-1,SELLER,00T24@0,0,29,-1,-1,0
623,OTHER,T24,29,2,10,12,-1,-1,SELLER,01T24@0,0,29,-1,-1,0
624,OTHER,T24,29,1,10,12,-1,-1,SELLER,00T24@0,0,29,-1,-1,0
626,OTHER,T24,29,1,10,12,-1,-1,SELLER,00T24@0,0,29,-1,-1,0
621,OTHER,T24,29,1,10,12,-1,-1,SELLER,01T24@0,0,29,-1,-1,0
653,T34,OTHER,30,1,39,13,-1,-1,05T34@2,BUYER,0,30,-1,-1,3
662,T34,OTHER,30,2,39,-1,-1,-1,05T34@2,BUYER,0,-1,-1,-1,3
661,T34,OTHER,30,1,39,-1,-1,-1,05T34@2,BUYER,0,-1,-1,-1,3
660,T34,OTHER,30,1,39,-1,-1,-1,05T34@2,BUYER,0,-1,-1,-1,3
659,T24,OTHER,30,2,39,-1,-1,-1,04T24@2,BUYER,0,-1,-1,-1,3
658,T24,OTHER,30,2,39,-1,-1,-1,04T24@2,BUYER,0,-1,-1,-1,3
657,T24,OTHER,30,2,39,-1,-1,-1,04T24@2,BUYER,0,-1,-1,-1,3
656,OTHER,T24,30,1,10,13,-1,-1,SELLER,01T24@0,0,30,-1,-1,0
655,OTHER,T24,30,2,10,13,-1,-1,SELLER,01T24@0,0,30,-1,-1,0
652,OTHER,T24,30,4,10,13,-1,-1,SELLER,00T24@0,0,30,-1,-1,0
654,OTHER,T24,30,2,10,13,-1,-1,SELLER,00T24@0,0,30,-1,-1,0
650,OTHER,T24,30,2,10,13,-1,-1,SELLER,01T24@0,0,30,-1,-1,0
641,OTHER,T24,30,1,10,13,-1,-1,SELLER,00T24@0,0,30,-1,-1,0
642,T24,OTHER,30,2,39,13,-1,-1,04T24@2,BUYER,0,30,-1,-1,3
643,T24,OTHER,30,1,39,13,-1,-1,04T24@2,BUYER,0,30,-1,-1,3
644,OTHER,T24,30,1,10,13,-1,-1,SELLER,00T24@0,0,30,-1,-1,0
645,OTHER,T24,30,1,10,13,-1,-1,SELLER,01T24@0,0,30,-1,-1,0
651,T34,OTHER,30,2,39,13,-1,-1,05T34@2,BUYER,0,30,-1,-1,3
647,OTHER,T24,30,1,10,13,-1,-1,SELLER,00T24@0,0,30,-1,-1,0
648,OTHER,T24,30,3,10,13,-1,-1,SELLER,01T24@0,0,30,-1,-1,0
639,OTHER,T24,30,1,10,13,-1,-1,SELLER,00T24@0,0,30,-1,-1,0
649,OTHER,T24,30,1,10,13,-1,-1,SELLER,01T24@0,0,30,-1,-1,0
646,T24,OTHER,30,3,39,13,-1,-1,04T24@2,BUYER,0,30,-1,-1,3
640,T34,OTHER,30,1,39,13,-1,-1,05T34@2,BUYER,0,30,-1,-1,3
676,OTHER,T24,31,3,10,14,-1,-1,SELLER,01T24@0,0,31,-1,-1,0
685,T24,OTHER,31,3,39,-1,-1,-1,04T24@2,BUYER,0,-1,-1,-1,3
684,T34,OTHER,31,1,39,-1,-1,-1,05T34@2,BUYER,0,-1,-1,-1,3
683,T24,OTHER,31,1,39,-1,-1,-1,04T24@2,BUYER,0,-1,-1,-1,3
682,T24,OTHER,31,2,39,-1,-1,-1,04T24@2,BUYER,0,-1,-1,-1,3
681,T34,OTHER,31,2,39,-1,-1,-1,05T34@2,BUYER,0,-1,-1,-1,3
680,T34,OTHER,31,1,39,-1,-1,-1,05T34@2,BUYER,0,-1,-1,-1,3
679,T24,OTHER,31,1,39,-1,-1,-1,04T24@2,BUYER,0,-1,-1,-1,3
678,T24,OTHER,31,1,39,-1,-1,-1,04T24@2,BUYER,0,-1,-1,-1,3
677,OTHER,T24,31,3,10,14,-1,-1,SELLER,00T24@0,0,31,-1,-1,0
686,T24,OTHER,31,1,39,-1,-1,-1,04T24@2,BUYER,0,-1,-1,-1,3
673,OTHER,T24,31,2,10,14,-1,-1,SELLER,01T24@0,0,31,-1,-1,0
663,T34,OTHER,31,3,39,14,-1,-1,05T34@2,BUYER,0,31,-1,-1,3
664,OTHER,T24,31,4,10,14,-1,-1,SELLER,00T24@0,0,31,-1,-1,0
665,T24,OTHER,31,1,39,14,-1,-1,04T24@2,BUYER,0,31,-1,-1,3
666,OTHER,T24,31,2,10,14,-1,-1,SELLER,01T24@0,0,31,-1,-1,0
667,OTHER,T24,31,1,10,14,-1,-1,SELLER,01T24@0,0,31,-1,-1,0
675,OTHER,T24,31,1,10,14,-1,-1,SELLER,01T24@0,0,31,-1,-1,0
669,OTHER,T24,31,2,10,14,-1,-1,SELLER,00T24@0,0,31,-1,-1,0
670,OTHER,T24,31,1,10,14,-1,-1,SELLER,01T24@0,0,31,-1,-1,0
671,T34,OTHER,31,2,39,14,-1,-1,05T34@2,BUYER,0,31,-1,-1,3
672,OTHER,T24,31,1,10,14,-1,-1,SELLER,01T24@0,0,31,-1,-1,0
668,T34,OTHER,31,1,39,14,-1,-1,05T34@2,BUYER,0,31,-1,-1,3
699,OTHER,T24,32,1,10,15,-1,-1,SELLER,00T24@0,0,32,-1,-1,0
709,T24,OTHER,32,3,39,-1,-1,-1,04T24@2,BUYER,0,-1,-1,-1,3
708,T34,OTHER,32,4,39,-1,-1,-1,05T34@2,BUYER,0,-1,-1,-1,3
707,T24,OTHER,32,2,39,-1,-1,-1,04T24@2,BUYER,0,-1,-1,-1,3
706,OTHER,T24,32,2,10,15,-1,-1,SELLER,01T24@0,0,32,-1,-1,0
704,OTHER,T24,32,3,10,15,-1,-1,SELLER,00T24@0,0,32,-1,-1,0
703,T34,OTHER,32,1,39,15,-1,-1,05T34@2,BUYER,0,32,-1,-1,3
702,T24,OTHER,32,1,39,15,-1,-1,04T24@2,BUYER,0,32,-1,-1,3
701,OTHER,T24,32,2,10,15,-1,-1,SELLER,00T24@0,0,32,-1,-1,0
700,OTHER,T24,32,1,10,15,-1,-1,SELLER,01T24@0,0,32,-1,-1,0
710,T34,OTHER,32,1,39,-1,-1,-1,05T34@2,BUYER,0,-1,-1,-1,3
698,OTHER,T24,32,1,10,15,-1,-1,SELLER,01T24@0,0,32,-1,-1,0
696,T24,OTHER,32,1,39,15,-1,-1,04T24@2,BUYER,0,32,-1,-1,3
697,T34,OTHER,32,1,39,15,-1,-1,05T34@2,BUYER,0,32,-1,-1,3
688,OTHER,T24,32,3,10,15,-1,-1,SELLER,00T24@0,0,32,-1,-1,0
689,OTHER,T24,32,1,10,15,-1,-1,SELLER,00T24@0,0,32,-1,-1,0
690,OTHER,T24,32,1,10,15,-1,-1,SELLER,00T24@0,0,32,-1,-1,0
691,T24,OTHER,32,1,39,15,-1,-1,04T24@2,BUYER,0,32,-1,-1,3
687,OTHER,T24,32,2,10,15,-1,-1,SELLER,01T24@0,0,32,-1,-1,0
692,OTHER,T24,32,2,10,15,-1,-1,SELLER,00T24@0,0,32,-1,-1,0
693,T24,OTHER,32,2,39,15,-1,-1,04T24@2,BUYER,0,32,-1,-1,3
694,T34,OTHER,32,3,39,15,-1,-1,05T34@2,BUYER,0,32,-1,-1,3
695,OTHER,T24,32,1,10,15,-1,-1,SELLER,00T24@0,0,32,-1,-1,0
731,T34,OTHER,33,2,39,-1,-1,-1,05T34@2,BUYER,0,-1,-1,-1,3
730,T34,OTHER,33,1,39,-1,-1,-1,05T34@2,BUYER,0,-1,-1,-1,3
729,T34,OTHER,33,2,39,-1,-1,-1,05T34@2,BUYER,0,-1,-1,-1,3
728,OTHER,T24,33,1,10,16,-1,-1,SELLER,00T24@0,0,33,-1,-1,0
727,T24,OTHER,33,1,39,16,-1,-1,04T24@2,BUYER,0,33,-1,-1,3
726,T24,OTHER,33,1,39,16,-1,-1,04T24@2,BUYER,0,33,-1,-1,3
725,T24,OTHER,33,2,39,16,-1,-1,04T24@2,BUYER,0,33,-1,-1,3
732,T34,OTHER,33,1,39,-1,-1,-1,05T34@2,BUYER,0,-1,-1,-1,3
723,OTHER,T24,33,2,10,16,-1,-1,SELLER,01T24@0,0,33,-1,-1,0
722,OTHER,T24,33,2,10,16,-1,-1,SELLER,00T24@0,0,33,-1,-1,0
724,T24,OTHER,33,2,39,16,-1,-1,04T24@2,BUYER,0,33,-1,-1,3
720,T24,OTHER,33,1,39,16,-1,-1,04T24@2,BUYER,0,33,-1,-1,3
711,OTHER,T24,33,1,10,16,-1,-1,SELLER,00T24@0,0,33,-1,-1,0
712,T34,OTHER,33,3,39,16,-1,-1,05T34@2,BUYER,0,33,-1,-1,3
713,OTHER,T24,33,4,10,16,-1,-1,SELLER,01T24@0,0,33,-1,-1,0
714,OTHER,T24,33,3,10,16,-1,-1,SELLER,01T24@0,0,33,-1,-1,0
721,T24,OTHER,33,2,39,16,-1,-1,04T24@2,BUYER,0,33,-1,-1,3
716,OTHER,T24,33,3,10,16,-1,-1,SELLER,00T24@0,0,33,-1,-1,0
717,OTHER,T24,33,2,10,16,-1,-1,SELLER,00T24@0,0,33,-1,-1,0
718,T34,OTHER,33,2,39,16,-1,-1,05T34@2,BUYER,0,33,-1,-1,3
719,OTHER,T24,33,1,10,16,-1,-1,SELLER,00T24@0,0,33,-1,-1,0
715,OTHER,T24,33,1,10,16,-1,-1,SELLER,01T24@0,0,33,-1,-1,0
754,T24,OTHER,34,3,39,-1,-1,-1,04T24@2,BUYER,0,-1,-1,-1,3
753,T34,OTHER,34,2,39,-1,-1,-1,05T34@2,BUYER,0,-1,-1,-1,3
752,T34,OTHER,34,3,39,-1,-1,-1,05T34@2,BUYER,0,-1,-1,-1,3
751,T24,OTHER,34,3,39,-1,-1,-1,04T24@2,BUYER,0,-1,-1,-1,3
750,OTHER,T24,34,1,10,17,-1,-1,SELLER,00T24@0,0,34,-1,-1,0
749,OTHER,T24,34,2,10,17,-1,-1,SELLER,00T24@0,0,34,-1,-1,0
748,OTHER,T24,34,2,10,17,-1,-1,SELLER,00T24@0,0,34,-1,-1,0
747,OTHER,T24,34,2,10,17,-1,-1,SELLER,01T24@0,0,34,-1,-1,0
745,T24,OTHER,34,1,39,17,-1,-1,04T24@2,BUYER,0,34,-1,-1,3
744,T34,OTHER,34,3,39,17,-1,-1,05T34@2,BUYER,0,34,-1,-1,3
746,OTHER,T24,34,1,10,17,-1,-1,SELLER,01T24@0,0,34,-1,-1,0
742,OTHER,T24,34,3,10,17,-1,-1,SELLER,01T24@0,0,34,-1,-1,0
743,OTHER,T24,34,1,10,17,-1,-1,SELLER,01T24@0,0,34,-1,-1,0
734,OTHER,T24,34,2,10,17,-1,-1,SELLER,00T24@0,0,34,-1,-1,0
735,T24,OTHER,34,1,39,17,-1,-1,04T24@2,BUYER,0,34,-1,-1,3
736,T24,OTHER,34,2,39,17,-1,-1,04T24@2,BUYER,0,34,-1,-1,3
737,T24,OTHER,34,1,39,17,-1,-1,04T24@2,BUYER,0,34,-1,-1,3
733,OTHER,T24,34,1,10,17,-1,-1,SELLER,00T24@0,0,34,-1,-1,0
739,OTHER,T24,34,2,10,17,-1,-1,SELLER,00T24@0,0,34,-1,-1,0
740,T34,OTHER,34,1,39,17,-1,-1,05T34@2,BUYER,0,34,-1,-1,3
741,OTHER,T24,34,2,10,17,-1,-1,SELLER,01T24@0,0,34,-1,-1,0
738,OTHER,T24,34,1,10,17,-1,-1,SELLER,01T24@0,0,34,-1,-1,0
768,OTHER,T24,35,2,10,18,-1,-1,SELLER,00T24@0,0,35,-1,-1,0
777,T24,OTHER,35,3,39,-1,-1,-1,04T24@2,BUYER,0,-1,-1,-1,3
776,T34,OTHER,35,2,39,-1,-1,-1,05T34@2,BUYER,0,-1,-1,-1,3
775,T24,OTHER,35,3,39,-1,-1,-1,04T24@2,BUYER,0,-1,-1,-1,3
774,T24,OTHER,35,1,39,-1,-1,-1,04T24@2,BUYER,0,-1,-1,-1,3
773,OTHER,T24,35,2,10,18,-1,-1,SELLER,00T24@0,0,35,-1,-1,0
772,OTHER,T24,35,1,10,18,-1,-1,SELLER,01T24@0,0,35,-1,-1,0
771,OTHER,T24,35,1,10,18,-1,-1,SELLER,00T24@0,0,35,-1,-1,0
770,T34,OTHER,35,2,39,18,-1,-1,05T34@2,BUYER,0,35,-1,-1,3
769,OTHER,T24,35,3,10,18,-1,-1,SELLER,01T24@0,0,35,-1,-1,0
767,T34,OTHER,35,3,39,18,-1,-1,05T34@2,BUYER,0,35,-1,-1,3
757,T24,OTHER,35,2,39,18,-1,-1,04T24@2,BUYER,0,35,-1,-1,3
765,T24,OTHER,35,1,39,18,-1,-1,04T24@2,BUYER,0,35,-1,-1,3
766,OTHER,T24,35,2,10,18,-1,-1,SELLER,01T24@0,0,35,-1,-1,0
756,OTHER,T24,35,2,10,18,-1,-1,SELLER,00T24@0,0,35,-1,-1,0
758,T24,OTHER,35,2,39,18,-1,-1,04T24@2,BUYER,0,35,-1,-1,3
759,OTHER,T24,35,2,10,18,-1,-1,SELLER,00T24@0,0,35,-1,-1,0
755,OTHER,T24,35,1,10,18,-1,-1,SELLER,00T24@0,0,35,-1,-1,0
761,OTHER,T24,35,1,10,18,-1,-1,SELLER,00T24@0,0,35,-1,-1,0
762,OTHER,T24,35,1,10,18,-1,-1,SELLER,00T24@0,0,35,-1,-1,0
763,OTHER,T24,35,1,10,18,-1,-1,SELLER,01T24@0,0,35,-1,-1,0
764,OTHER,T24,35,1,10,18,-1,-1,SELLER,00T24@0,0,35,-1,-1,0
760,T24,OTHER,35,1,39,18,-1,-1,04T24@2,BUYER,0,35,-1,-1,3
790,T34,OTHER,36,1,39,19,-1,-1,05T34@2,BUYER,0,36,-1,-1,3
799,T34,OTHER,36,3,39,-1,-1,-1,05T34@2,BUYER,0,-1,-1,-1,3
798,T24,OTHER,36,6,39,-1,-1,-1,04T24@2,BUYER,0,-1,-1,-1,3
797,OTHER,T24,36,3,10,19,-1,-1,SELLER,01T24@0,0,36,-1,-1,0
796,T34,OTHER,36,1,39,19,-1,-1,05T34@2,BUYER,0,36,-1,-1,3
795,OTHER,T24,36,2,10,19,-1,-1,SELLER,01T24@0,0,36,-1,-1,0
800,T34,OTHER,36,1,39,-1,-1,-1,05T34@2,BUYER,0,-1,-1,-1,3
793,T24,OTHER,36,1,39,19,-1,-1,04T24@2,BUYER,0,36,-1,-1,3
792,OTHER,T24,36,1,10,19,-1,-1,SELLER,01T24@0,0,36,-1,-1,0
789,OTHER,T24,36,1,10,19,-1,-1,SELLER,01T24@0,0,36,-1,-1,0
794,OTHER,T24,36,4,10,19,-1,-1,SELLER,00T24@0,0,36,-1,-1,0
787,T24,OTHER,36,1,39,19,-1,-1,04T24@2,BUYER,0,36,-1,-1,3
788,T34,OTHER,36,2,39,19,-1,-1,05T34@2,BUYER,0,36,-1,-1,3
778,OTHER,T24,36,1,10,19,-1,-1,SELLER,01T24@0,0,36,-1,-1,0
779,T24,OTHER,36,1,39,19,-1,-1,04T24@2,BUYER,0,36,-1,-1,3
780,T24,OTHER,36,1,39,19,-1,-1,04T24@2,BUYER,0,36,-1,-1,3
781,T34,OTHER,36,1,39,19,-1,-1,05T34@2,BUYER,0,36,-1,-1,3
791,OTHER,T24,36,3,10,19,-1,-1,SELLER,00T24@0,0,36,-1,-1,0
783,T34,OTHER,36,1,39,19,-1,-1,05T34@2,BUYER,0,36,-1,-1,3
784,OTHER,T24,36,1,10,19,-1,-1,SELLER,01T24@0,0,36,-1,-1,0
785,OTHER,T24,36,2,10,19,-1,-1,SELLER,01T24@0,0,36,-1,-1,0
782,OTHER,T24,36,1,10,19,-1,-1,SELLER,01T24@0,0,36,-1,-1,0
786,OTHER,T24,36,1,10,19,-1,-1,SELLER,01T24@0,0,36,-1,-1,0
815,OTHER,T24,37,1,10,20,-1,-1,SELLER,00T24@0,0,37,-1,-1,0
816,T24,OTHER,37,3,39,20,-1,-1,04T24@2,BUYER,0,37,-1,-1,3
817,T34,OTHER,37,3,39,-1,-1,-1,05T34@2,BUYER,0,-1,-1,-1,3
818,T34,OTHER,37,1,39,-1,-1,-1,05T34@2,BUYER,0,-1,-1,-1,3
819,T34,OTHER,37,1,39,-1,-1,-1,05T34@2,BUYER,0,-1,-1,-1,3
821,T34,OTHER,37,1,39,-1,-1,-1,05T34@2,BUYER,0,-1,-1,-1,3
814,OTHER,T24,37,3,10,20,-1,-1,SELLER,00T24@0,0,37,-1,-1,0
822,T34,OTHER,37,1,39,-1,-1,-1,05T34@2,BUYER,0,-1,-1,-1,3
823,T34,OTHER,37,2,39,-1,-1,-1,05T34@2,BUYER,0,-1,-1,-1,3
825,T34,OTHER,37,2,39,-1,-1,-1,05T34@2,BUYER,0,-1,-1,-1,3
820,T24,OTHER,37,2,39,-1,-1,-1,04T24@2,BUYER,0,-1,-1,-1,3
813,T24,OTHER,37,2,39,20,-1,-1,04T24@2,BUYER,0,37,-1,-1,3
824,T24,OTHER,37,1,39,-1,-1,-1,04T24@2,BUYER,0,-1,-1,-1,3
811,OTHER,T24,37,2,10,20,-1,-1,SELLER,00T24@0,0,37,-1,-1,0
801,T24,OTHER,37,1,39,20,-1,-1,04T24@2,BUYER,0,37,-1,-1,3
802,OTHER,T24,37,1,10,20,-1,-1,SELLER,00T24@0,0,37,-1,-1,0
803,OTHER,T24,37,2,10,20,-1,-1,SELLER,01T24@0,0,37,-1,-1,0
804,OTHER,T24,37,2,10,20,-1,-1,SELLER,01T24@0,0,37,-1,-1,0
805,OTHER,T24,37,1,10,20,-1,-1,SELLER,01T24@0,0,37,-1,-1,0
812,OTHER,T24,37,2,10,20,-1,-1,SELLER,00T24@0,0,37,-1,-1,0
807,OTHER,T24,37,2,10,20,-1,-1,SELLER,01T24@0,0,37,-1,-1,0
808,OTHER,T24,37,1,10,20,-1,-1,SELLER,00T24@0,0,37,-1,-1,0
809,OTHER,T24,37,1,10,20,-1,-1,SELLER,00T24@0,0,37,-1,-1,0
810,OTHER,T24,37,1,10,20,-1,-1,SELLER,01T24@0,0,37,-1,-1,0
806,OTHER,T24,37,1,10,20,-1,-1,SELLER,01T24@0,0,37,-1,-1,0
839,T34,OTHER,38,1,39,-1,-1,-1,05T34@2,BUYER,0,-1,-1,-1,3
840,T34,OTHER,38,1,39,-1,-1,-1,05T34@2,BUYER,0,-1,-1,-1,3
841,T34,OTHER,38,2,39,-1,-1,-1,05T34@2,BUYER,0,-1,-1,-1,3
842,T34,OTHER,38,1,39,-1,-1,-1,05T34@2,BUYER,0,-1,-1,-1,3
843,T34,OTHER,38,2,39,-1,-1,-1,05T34@2,BUYER,0,-1,-1,-1,3
845,T34,OTHER,38,3,39,-1,-1,-1,05T34@2,BUYER,0,-1,-1,-1,3
846,T34,OTHER,38,2,39,-1,-1,-1,05T34@2,BUYER,0,-1,-1,-1,3
847,T24,OTHER,38,1,39,-1,-1,-1,04T24@2,BUYER,0,-1,-1,-1,3
848,T34,OTHER,38,3,39,-1,-1,-1,05T34@2,BUYER,0,-1,-1,-1,3
838,T24,OTHER,38,1,39,-1,-1,-1,04T24@2,BUYER,0,-1,-1,-1,3
844,T24,OTHER,38,1,39,-1,-1,-1,04T24@2,BUYER,0,-1,-1,-1,3
1111,T34,T24,38,5,56,33,-1,33,02T34@1,04T24@2,2,38,-1,-1,2
837,T24,OTHER,38,2,39,-1,-1,-1,04T24@2,BUYER,0,-1,-1,-1,3
835,OTHER,T24,38,1,10,21,-1,-1,SELLER,01T24@0,0,38,-1,-1,0
836,OTHER,T24,38,2,10,21,-1,-1,SELLER,01T24@0,0,38,-1,-1,0
826,OTHER,T24,38,1,10,21,-1,-1,SELLER,01T24@0,0,38,-1,-1,0
827,OTHER,T24,38,2,10,21,-1,-1,SELLER,00T24@0,0,38,-1,-1,0
829,OTHER,T24,38,3,10,21,-1,-1,SELLER,01T24@0,0,38,-1,-1,0
828,OTHER,T24,38,1,10,21,-1,-1,SELLER,01T24@0,0,38,-1,-1,0
831,OTHER,T24,38,1,10,21,-1,-1,SELLER,00T24@0,0,38,-1,-1,0
832,OTHER,T24,38,2,10,21,-1,-1,SELLER,01T24@0,0,38,-1,-1,0
833,OTHER,T24,38,2,10,21,-1,-1,SELLER,00T24@0,0,38,-1,-1,0
834,OTHER,T24,38,2,10,21,-1,-1,SELLER,00T24@0,0,38,-1,-1,0
830,OTHER,T24,38,3,10,21,-1,-1,SELLER,00T24@0,0,38,-1,-1,0
863,OTHER,T24,39,2,10,22,-1,-1,SELLER,01T24@0,0,39,-1,-1,0
872,T24,OTHER,39,2,39,-1,-1,-1,04T24@2,BUYER,0,-1,-1,-1,3
871,T24,OTHER,39,2,39,-1,-1,-1,04T24@2,BUYER,0,-1,-1,-1,3
870,T24,OTHER,39,1,39,-1,-1,-1,04T24@2,BUYER,0,-1,-1,-1,3
869,T24,OTHER,39,1,39,-1,-1,-1,04T24@2,BUYER,0,-1,-1,-1,3
868,T24,OTHER,39,2,39,-1,-1,-1,04T24@2,BUYER,0,-1,-1,-1,3
867,T24,OTHER,39,2,39,-1,-1,-1,04T24@2,BUYER,0,-1,-1,-1,3
866,T34,OTHER,39,3,39,22,-1,-1,05T34@2,BUYER,0,39,-1,-1,3
865,OTHER,T24,39,1,10,22,-1,-1,SELLER,00T24@0,0,39,-1,-1,0
864,OTHER,T24,39,1,10,22,-1,-1,SELLER,00T24@0,0,39,-1,-1,0
1128,T34,T24,39,5,56,34,-1,34,03T34@1,04T24@2,2,39,-1,-1,2
862,T34,OTHER,39,3,39,22,-1,-1,05T34@2,BUYER,0,39,-1,-1,3
860,OTHER,T24,39,1,10,22,-1,-1,SELLER,00T24@0,0,39,-1,-1,0
849,OTHER,T24,39,2,10,22,-1,-1,SELLER,01T24@0,0,39,-1,-1,0
861,OTHER,T24,39,2,10,22,-1,-1,SELLER,01T24@0,0,39,-1,-1,0
851,OTHER,T24,39,1,10,22,-1,-1,SELLER,01T24@0,0,39,-1,-1,0
852,T34,OTHER,39,1,39,22,-1,-1,05T34@2,BUYER,0,39,-1,-1,3
853,T24,OTHER,39,1,39,22,-1,-1,04T24@2,BUYER,0,39,-1,-1,3
850,OTHER,T24,39,2,10,22,-1,-1,SELLER,01T24@0,0,39,-1,-1,0
855,OTHER,T24,39,1,10,22,-1,-1,SELLER,01T24@0,0,39,-1,-1,0
856,T34,OTHER,39,2,39,22,-1,-1,05T34@2,BUYER,0,39,-1,-1,3
857,OTHER,T24,39,1,10,22,-1,-1,SELLER,00T24@0,0,39,-1,-1,0
858,OTHER,T24,39,1,10,22,-1,-1,SELLER,00T24@0,0,39,-1,-1,0
859,OTHER,T24,39,1,10,22,-1,-1,SELLER,01T24@0,0,39,-1,-1,0
854,OTHER,T24,39,4,10,22,-1,-1,SELLER,00T24@0,0,39,-1,-1,0
886,OTHER,T24,40,1,10,23,-1,-1,SELLER,00T24@0,0,40,-1,-1,0
893,T24,OTHER,40,2,39,-1,-1,-1,04T24@2,BUYER,0,-1,-1,-1,3
892,T24,OTHER,40,2,39,-1,-1,-1,04T24@2,BUYER,0,-1,-1,-1,3
891,T24,OTHER,40,1,39,-1,-1,-1,04T24@2,BUYER,0,-1,-1,-1,3
890,T24,OTHER,40,1,39,-1,-1,-1,04T24@2,BUYER,0,-1,-1,-1,3
889,OTHER,T24,40,1,10,23,-1,-1,SELLER,01T24@0,0,40,-1,-1,0
888,OTHER,T24,40,3,10,23,-1,-1,SELLER,01T24@0,0,40,-1,-1,0
887,OTHER,T24,40,1,10,23,-1,-1,SELLER,01T24@0,0,40,-1,-1,0
885,OTHER,T24,40,1,10,23,-1,-1,SELLER,00T24@0,0,40,-1,-1,0
883,OTHER,T24,40,4,10,23,-1,-1,SELLER,00T24@0,0,40,-1,-1,0
873,T34,OTHER,40,1,39,23,-1,-1,05T34@2,BUYER,0,40,-1,-1,3
882,T34,OTHER,40,1,39,23,-1,-1,05T34@2,BUYER,0,40,-1,-1,3
881,OTHER,T24,40,3,10,23,-1,-1,SELLER,01T24@0,0,40,-1,-1,0
880,OTHER,T24,40,2,10,23,-1,-1,SELLER,00T24@0,0,40,-1,-1,0
879,T24,OTHER,40,1,39,23,-1,-1,04T24@2,BUYER,0,40,-1,-1,3
878,T24,OTHER,40,1,39,23,-1,-1,04T24@2,BUYER,0,40,-1,-1,3
877,OTHER,T24,40,1,10,23,-1,-1,SELLER,00T24@0,0,40,-1,-1,0
876,T24,OTHER,40,2,39,23,-1,-1,04T24@2,BUYER,0,40,-1,-1,3
875,T24,OTHER,40,4,39,23,-1,-1,04T24@2,BUYER,0,40,-1,-1,3
874,T34,OTHER,40,4,39,23,-1,-1,05T34@2,BUYER,0,40,-1,-1,3
884,OTHER,T24,40,3,10,23,-1,-1,SELLER,00T24@0,0,40,-1,-1,0
909,T34,OTHER,41,2,39,24,-1,-1,05T34@2,BUYER,0,41,-1,-1,3
910,OTHER,T24,41,1,10,24,-1,-1,SELLER,01T24@0,0,41,-1,-1,0
911,T34,OTHER,41,1,39,24,-1,-1,05T34@2,BUYER,0,41,-1,-1,3
912,T34,OTHER,41,1,39,24,-1,-1,05T34@2,BUYER,0,41,-1,-1,3
908,OTHER,T24,41,3,10,24,-1,-1,SELLER,00T24@0,0,41,-1,-1,0
914,OTHER,T24,41,1,10,24,-1,-1,SELLER,00T24@0,0,41,-1,-1,0
915,T24,OTHER,41,1,39,24,-1,-1,04T24@2,BUYER,0,41,-1,-1,3
916,T24,OTHER,41,2,39,-1,-1,-1,04T24@2,BUYER,0,-1,-1,-1,3
913,T24,OTHER,41,2,39,24,-1,-1,04T24@2,BUYER,0,41,-1,-1,3
907,T24,OTHER,41,1,39,24,-1,-1,04T24@2,BUYER,0,41,-1,-1,3
895,OTHER,T24,41,2,10,24,-1,-1,SELLER,01T24@0,0,41,-1,-1,0
905,T34,OTHER,41,2,39,24,-1,-1,05T34@2,BUYER,0,41,-1,-1,3
906,T34,OTHER,41,2,39,24,-1,-1,05T34@2,BUYER,0,41,-1,-1,3
896,OTHER,T24,41,3,10,24,-1,-1,SELLER,01T24@0,0,41,-1,-1,0
897,OTHER,T24,41,3,10,24,-1,-1,SELLER,01T24@0,0,41,-1,-1,0
898,OTHER,T24,41,1,10,24,-1,-1,SELLER,01T24@0,0,41,-1,-1,0
899,OTHER,T24,41,1,10,24,-1,-1,SELLER,01T24@0,0,41,-1,-1,0
894,T24,OTHER,41,1,39,24,-1,-1,04T24@2,BUYER,0,41,-1,-1,3
901,OTHER,T24,41,1,10,24,-1,-1,SELLER,01T24@0,0,41,-1,-1,0
902,OTHER,T24,41,2,10,24,-1,-1,SELLER,00T24@0,0,41,-1,-1,0
903,OTHER,T24,41,2,10,24,-1,-1,SELLER,00T24@0,0,41,-1,-1,0
904,T24,OTHER,41,2,39,24,-1,-1,04T24@2,BUYER,0,41,-1,-1,3
900,T24,OTHER,41,3,39,24,-1,-1,04T24@2,BUYER,0,41,-1,-1,3
932,OTHER,T24,42,1,10,25,-1,-1,SELLER,00T24@0,0,42,-1,-1,0
941,T24,OTHER,42,1,39,-1,-1,-1,04T24@2,BUYER,0,-1,-1,-1,3
940,T24,OTHER,42,2,39,-1,-1,-1,04T24@2,BUYER,0,-1,-1,-1,3
939,T24,OTHER,42,3,39,-1,-1,-1,04T24@2,BUYER,0,-1,-1,-1,3
938,T34,OTHER,42,3,39,-1,-1,-1,05T34@2,BUYER,0,-1,-1,-1,3
937,T24,OTHER,42,1,39,-1,-1,-1,04T24@2,BUYER,0,-1,-1,-1,3
936,T24,OTHER,42,1,39,-1,-1,-1,04T24@2,BUYER,0,-1,-1,-1,3
935,T24,OTHER,42,1,39,-1,-1,-1,04T24@2,BUYER,0,-1,-1,-1,3
934,OTHER,T24,42,3,10,25,-1,-1,SELLER,01T24@0,0,42,-1,-1,0
933,OTHER,T24,42,1,10,25,-1,-1,SELLER,01T24@0,0,42,-1,-1,0
931,OTHER,T24,42,2,10,25,-1,-1,SELLER,00T24@0,0,42,-1,-1,0
929,OTHER,T24,42,2,10,25,-1,-1,SELLER,01T24@0,0,42,-1,-1,0
917,OTHER,T24,42,1,10,25,-1,-1,SELLER,00T24@0,0,42,-1,-1,0
930,OTHER,T24,42,2,10,25,-1,-1,SELLER,01T24@0,0,42,-1,-1,0
918,T24,OTHER,42,1,39,25,-1,-1,04T24@2,BUYER,0,42,-1,-1,3
919,T24,OTHER,42,1,39,25,-1,-1,04T24@2,BUYER,0,42,-1,-1,3
920,OTHER,T24,42,3,10,25,-1,-1,SELLER,00T24@0,0,42,-1,-1,0
922,OTHER,T24,42,2,10,25,-1,-1,SELLER,01T24@0,0,42,-1,-1,0
921,T24,OTHER,42,3,39,25,-1,-1,04T24@2,BUYER,0,42,-1,-1,3
924,T34,OTHER,42,1,39,25,-1,-1,05T34@2,BUYER,0,42,-1,-1,3
925,T34,OTHER,42,1,39,25,-1,-1,05T34@2,BUYER,0,42,-1,-1,3
926,T34,OTHER,42,1,39,25,-1,-1,05T34@2,BUYER,0,42,-1,-1,3
927,OTHER,T24,42,1,10,25,-1,-1,SELLER,00T24@0,0,42,-1,-1,0
928,OTHER,T24,42,1,10,25,-1,-1,SELLER,01T24@0,0,42,-1,-1,0
923,OTHER,T24,42,1,10,25,-1,-1,SELLER,00T24@0,0,42,-1,-1,0
959,OTHER,T24,43,3,10,26,-1,-1,SELLER,01T24@0,0,43,-1,-1,0
957,OTHER,T24,43,1,10,26,-1,-1,SELLER,00T24@0,0,43,-1,-1,0
958,OTHER,T24,43,2,10,26,-1,-1,SELLER,01T24@0,0,43,-1,-1,0
961,OTHER,T24,43,1,10,26,-1,-1,SELLER,00T24@0,0,43,-1,-1,0
964,T24,OTHER,43,3,39,-1,-1,-1,04T24@2,BUYER,0,-1,-1,-1,3
963,T24,OTHER,43,1,39,-1,-1,-1,04T24@2,BUYER,0,-1,-1,-1,3
965,T24,OTHER,43,1,39,-1,-1,-1,04T24@2,BUYER,0,-1,-1,-1,3
956,OTHER,T24,43,2,10,26,-1,-1,SELLER,00T24@0,0,43,-1,-1,0
962,OTHER,T24,43,3,10,26,-1,-1,SELLER,00T24@0,0,43,-1,-1,0
955,OTHER,T24,43,1,10,26,-1,-1,SELLER,01T24@0,0,43,-1,-1,0
960,OTHER,T24,43,1,10,26,-1,-1,SELLER,00T24@0,0,43,-1,-1,0
953,T34,OTHER,43,1,39,26,-1,-1,05T34@2,BUYER,0,43,-1,-1,3
954,T34,OTHER,43,4,39,26,-1,-1,05T34@2,BUYER,0,43,-1,-1,3
943,T34,OTHER,43,2,39,26,-1,-1,05T34@2,BUYER,0,43,-1,-1,3
945,OTHER,T24,43,1,10,26,-1,-1,SELLER,00T24@0,0,43,-1,-1,0
946,T24,OTHER,43,1,39,26,-1,-1,04T24@2,BUYER,0,43,-1,-1,3
947,T24,OTHER,43,1,39,26,-1,-1,04T24@2,BUYER,0,43,-1,-1,3
944,OTHER,T24,43,2,10,26,-1,-1,SELLER,00T24@0,0,43,-1,-1,0
942,OTHER,T24,43,1,10,26,-1,-1,SELLER,00T24@0,0,43,-1,-1,0
949,T24,OTHER,43,3,39,26,-1,-1,04T24@2,BUYER,0,43,-1,-1,3
950,T34,OTHER,43,1,39,26,-1,-1,05T34@2,BUYER,0,43,-1,-1,3
951,OTHER,T24,43,2,10,26,-1,-1,SELLER,01T24@0,0,43,-1,-1,0
952,T34,OTHER,43,1,39,26,-1,-1,05T34@2,BUYER,0,43,-1,-1,3
948,T24,OTHER,43,1,39,26,-1,-1,04T24@2,BUYER,0,43,-1,-1,3
978,T24,OTHER,44,1,39,27,-1,-1,04T24@2,BUYER,0,44,-1,-1,3
985,T24,OTHER,44,3,39,-1,-1,-1,04T24@2,BUYER,0,-1,-1,-1,3
984,T34,OTHER,44,1,39,-1,-1,-1,05T34@2,BUYER,0,-1,-1,-1,3
983,T24,OTHER,44,3,39,-1,-1,-1,04T24@2,BUYER,0,-1,-1,-1,3
982,T24,OTHER,44,2,39,-1,-1,-1,04T24@2,BUYER,0,-1,-1,-1,3
981,T34,OTHER,44,2,39,-1,-1,-1,05T34@2,BUYER,0,-1,-1,-1,3
980,OTHER,T24,44,2,10,27,-1,-1,SELLER,01T24@0,0,44,-1,-1,0
979,OTHER,T24,44,1,10,27,-1,-1,SELLER,00T24@0,0,44,-1,-1,0
977,OTHER,T24,44,5,10,27,-1,-1,SELLER,00T24@0,0,44,-1,-1,0
972,OTHER,T24,44,1,10,27,-1,-1,SELLER,00T24@0,0,44,-1,-1,0
975,OTHER,T24,44,3,10,27,-1,-1,SELLER,00T24@0,0,44,-1,-1,0
974,OTHER,T24,44,1,10,27,-1,-1,SELLER,00T24@0,0,44,-1,-1,0
973,T34,OTHER,44,2,39,27,-1,-1,05T34@2,BUYER,0,44,-1,-1,3
971,OTHER,T24,44,2,10,27,-1,-1,SELLER,01T24@0,0,44,-1,-1,0
970,OTHER,T24,44,1,10,27,-1,-1,SELLER,00T24@0,0,44,-1,-1,0
969,T24,OTHER,44,3,39,27,-1,-1,04T24@2,BUYER,0,44,-1,-1,3
968,T34,OTHER,44,1,39,27,-1,-1,05T34@2,BUYER,0,44,-1,-1,3
967,OTHER,T24,44,2,10,27,-1,-1,SELLER,01T24@0,0,44,-1,-1,0
966,T34,OTHER,44,2,39,27,-1,-1,05T34@2,BUYER,0,44,-1,-1,3
976,OTHER,T24,44,2,10,27,-1,-1,SELLER,01T24@0,0,44,-1,-1,0
1001,T24,OTHER,45,1,39,28,-1,-1,04T24@2,BUYER,0,45,-1,-1,3
1003,OTHER,T24,45,1,10,28,-1,-1,SELLER,00T24@0,0,45,-1,-1,0
1004,OTHER,T24,45,1,10,28,-1,-1,SELLER,01T24@0,0,45,-1,-1,0
1000,OTHER,T24,45,2,10,28,-1,-1,SELLER,01T24@0,0,45,-1,-1,0
1006,T24,OTHER,45,2,39,-1,-1,-1,04T24@2,BUYER,0,-1,-1,-1,3
1007,T24,OTHER,45,3,39,-1,-1,-1,04T24@2,BUYER,0,-1,-1,-1,3
1008,T24,OTHER,45,1,39,-1,-1,-1,04T24@2,BUYER,0,-1,-1,-1,3
1009,T34,OTHER,45,1,39,-1,-1,-1,05T34@2,BUYER,0,-1,-1,-1,3
1005,T34,OTHER,45,2,39,-1,-1,-1,05T34@2,BUYER,0,-1,-1,-1,3
999,OTHER,T24,45,2,10,28,-1,-1,SELLER,00T24@0,0,45,-1,-1,0
1002,OTHER,T24,45,1,10,28,-1,-1,SELLER,01T24@0,0,45,-1,-1,0
997,T34,OTHER,45,2,39,28,-1,-1,05T34@2,BUYER,0,45,-1,-1,3
986,OTHER,T24,45,1,10,28,-1,-1,SELLER,01T24@0,0,45,-1,-1,0
987,OTHER,T24,45,1,10,28,-1,-1,SELLER,01T24@0,0,45,-1,-1,0
988,OTHER,T24,45,2,10,28,-1,-1,SELLER,01T24@0,0,45,-1,-1,0
989,OTHER,T24,45,1,10,28,-1,-1,SELLER,00T24@0,0,45,-1,-1,0
990,T24,OTHER,45,2,39,28,-1,-1,04T24@2,BUYER,0,45,-1,-1,3
998,OTHER,T24,45,1,10,28,-1,-1,SELLER,00T24@0,0,45,-1,-1,0
992,T34,OTHER,45,1,39,28,-1,-1,05T34@2,BUYER,0,45,-1,-1,3
993,OTHER,T24,45,2,10,28,-1,-1,SELLER,01T24@0,0,45,-1,-1,0
994,OTHER,T24,45,3,10,28,-1,-1,SELLER,01T24@0,0,45,-1,-1,0
995,T34,OTHER,45,2,39,28,-1,-1,05T34@2,BUYER,0,45,-1,-1,3
991,OTHER,T24,45,2,10,28,-1,-1,SELLER,00T24@0,0,45,-1,-1,0
996,T24,OTHER,45,3,39,28,-1,-1,04T24@2,BUYER,0,45,-1,-1,3
1032,T34,OTHER,46,2,39,-1,-1,-1,05T34@2,BUYER,0,-1,-1,-1,3
1031,T34,OTHER,46,1,39,-1,-1,-1,05T34@2,BUYER,0,-1,-1,-1,3
1030,T34,OTHER,46,1,39,-1,-1,-1,05T34@2,BUYER,0,-1,-1,-1,3
1029,T34,OTHER,46,2,39,-1,-1,-1,05T34@2,BUYER,0,-1,-1,-1,3
1028,T24,OTHER,46,2,39,-1,-1,-1,04T24@2,BUYER,0,-1,-1,-1,3
1027,T34,OTHER,46,2,39,-1,-1,-1,05T34@2,BUYER,0,-1,-1,-1,3
1025,OTHER,T24,46,3,10,29,-1,-1,SELLER,00T24@0,0,46,-1,-1,0
1024,T24,OTHER,46,1,39,29,-1,-1,04T24@2,BUYER,0,46,-1,-1,3
1023,OTHER,T24,46,2,10,29,-1,-1,SELLER,00T24@0,0,46,-1,-1,0
1022,OTHER,T24,46,1,10,29,-1,-1,SELLER,00T24@0,0,46,-1,-1,0
1026,OTHER,T24,46,3,10,29,-1,-1,SELLER,01T24@0,0,46,-1,-1,0
1020,OTHER,T24,46,1,10,29,-1,-1,SELLER,00T24@0,0,46,-1,-1,0
1021,T34,OTHER,46,1,39,29,-1,-1,05T34@2,BUYER,0,46,-1,-1,3
1011,T24,OTHER,46,1,39,29,-1,-1,04T24@2,BUYER,0,46,-1,-1,3
1012,T34,OTHER,46,3,39,29,-1,-1,05T34@2,BUYER,0,46,-1,-1,3
1010,OTHER,T24,46,1,10,29,-1,-1,SELLER,00T24@0,0,46,-1,-1,0
1014,OTHER,T24,46,2,10,29,-1,-1,SELLER,01T24@0,0,46,-1,-1,0
1013,T34,OTHER,46,1,39,29,-1,-1,05T34@2,BUYER,0,46,-1,-1,3
1016,OTHER,T24,46,2,10,29,-1,-1,SELLER,01T24@0,0,46,-1,-1,0
1017,OTHER,T24,46,1,10,29,-1,-1,SELLER,01T24@0,0,46,-1,-1,0
1018,OTHER,T24,46,2,10,29,-1,-1,SELLER,01T24@0,0,46,-1,-1,0
1019,OTHER,T24,46,2,10,29,-1,-1,SELLER,00T24@0,0,46,-1,-1,0
1015,T24,OTHER,46,3,39,29,-1,-1,04T24@2,BUYER,0,46,-1,-1,3
1050,OTHER,T24,47,1,10,30,-1,-1,SELLER,01T24@0,0,47,-1,-1,0
1051,OTHER,T24,47,1,10,30,-1,-1,SELLER,01T24@0,0,47,-1,-1,0
1052,OTHER,T24,47,1,10,30,-1,-1,SELLER,00T24@0,0,47,-1,-1,0
1053,OTHER,T24,47,1,10,30,-1,-1,SELLER,00T24@0,0,47,-1,-1,0
1054,T24,OTHER,47,3,39,-1,-1,-1,04T24@2,BUYER,0,-1,-1,-1,3
1059,T24,OTHER,47,2,39,-1,-1,-1,04T24@2,BUYER,0,-1,-1,-1,3
1056,T24,OTHER,47,2,39,-1,-1,-1,04T24@2,BUYER,0,-1,-1,-1,3
1057,T24,OTHER,47,1,39,-1,-1,-1,04T24@2,BUYER,0,-1,-1,-1,3
1058,T34,OTHER,47,3,39,-1,-1,-1,05T34@2,BUYER,0,-1,-1,-1,3
1049,T24,OTHER,47,1,39,30,-1,-1,04T24@2,BUYER,0,47,-1,-1,3
1055,T34,OTHER,47,2,39,-1,-1,-1,05T34@2,BUYER,0,-1,-1,-1,3
1048,OTHER,T24,47,1,10,30,-1,-1,SELLER,00T24@0,0,47,-1,-1,0
1038,OTHER,T24,47,1,10,30,-1,-1,SELLER,00T24@0,0,47,-1,-1,0
1046,T34,OTHER,47,1,39,30,-1,-1,05T34@2,BUYER,0,47,-1,-1,3
1033,T24,OTHER,47,1,39,30,-1,-1,04T24@2,BUYER,0,47,-1,-1,3
1047,OTHER,T24,47,1,10,30,-1,-1,SELLER,01T24@0,0,47,-1,-1,0
1036,T24,OTHER,47,1,39,30,-1,-1,04T24@2,BUYER,0,47,-1,-1,3
1037,T34,OTHER,47,2,39,30,-1,-1,05T34@2,BUYER,0,47,-1,-1,3
1039,OTHER,T24,47,1,10,30,-1,-1,SELLER,00T24@0,0,47,-1,-1,0
1034,OTHER,T24,47,2,10,30,-1,-1,SELLER,00T24@0,0,47,-1,-1,0
1041,OTHER,T24,47,2,10,30,-1,-1,SELLER,00T24@0,0,47,-1,-1,0
1040,OTHER,T24,47,2,10,30,-1,-1,SELLER,01T24@0,0,47,-1,-1,0
1045,OTHER,T24,47,2,10,30,-1,-1,SELLER,00T24@0,0,47,-1,-1,0
1044,OTHER,T24,47,1,10,30,-1,-1,SELLER,00T24@0,0,47,-1,-1,0
1035,T34,OTHER,47,1,39,30,-1,-1,05T34@2,BUYER,0,47,-1,-1,3
1043,OTHER,T24,47,2,10,30,-1,-1,SELLER,01T24@0,0,47,-1,-1,0
1042,OTHER,T24,47,1,10,30,-1,-1,SELLER,00T24@0,0,47,-1,-1,0
1082,T24,OTHER,48,1,39,-1,-1,-1,04T24@2,BUYER,0,-1,-1,-1,3
1081,T24,OTHER,48,2,39,-1,-1,-1,04T24@2,BUYER,0,-1,-1,-1,3
1079,T24,OTHER,48,1,39,-1,-1,-1,04T24@2,BUYER,0,-1,-1,-1,3
1078,T34,OTHER,48,1,39,-1,-1,-1,05T34@2,BUYER,0,-1,-1,-1,3
1077,T24,OTHER,48,1,39,-1,-1,-1,04T24@2,BUYER,0,-1,-1,-1,3
1076,T24,OTHER,48,2,39,-1,-1,-1,04T24@2,BUYER,0,-1,-1,-1,3
1075,OTHER,T24,48,1,10,31,-1,-1,SELLER,01T24@0,0,48,-1,-1,0
1074,OTHER,T24,48,3,10,31,-1,-1,SELLER,00T24@0,0,48,-1,-1,0
1073,OTHER,T24,48,1,10,31,-1,-1,SELLER,01T24@0,0,48,-1,-1,0
1080,T34,OTHER,48,1,39,-1,-1,-1,05T34@2,BUYER,0,-1,-1,-1,3
1071,OTHER,T24,48,1,10,31,-1,-1,SELLER,01T24@0,0,48,-1,-1,0
1070,OTHER,T24,48,3,10,31,-1,-1,SELLER,00T24@0,0,48,-1,-1,0
1060,T34,OTHER,48,3,39,31,-1,-1,05T34@2,BUYER,0,48,-1,-1,3
1061,T24,OTHER,48,2,39,31,-1,-1,04T24@2,BUYER,0,48,-1,-1,3
1062,T24,OTHER,48,2,39,31,-1,-1,04T24@2,BUYER,0,48,-1,-1,3
1063,T24,OTHER,48,2,39,31,-1,-1,04T24@2,BUYER,0,48,-1,-1,3
1064,T34,OTHER,48,2,39,31,-1,-1,05T34@2,BUYER,0,48,-1,-1,3
1072,OTHER,T24,48,1,10,31,-1,-1,SELLER,00T24@0,0,48,-1,-1,0
1066,OTHER,T24,48,1,10,31,-1,-1,SELLER,01T24@0,0,48,-1,-1,0
1067,OTHER,T24,48,3,10,31,-1,-1,SELLER,01T24@0,0,48,-1,-1,0
1068,OTHER,T24,48,3,10,31,-1,-1,SELLER,01T24@0,0,48,-1,-1,0
1069,OTHER,T24,48,1,10,31,-1,-1,SELLER,00T24@0,0,48,-1,-1,0
1065,OTHER,T24,48,2,10,31,-1,-1,SELLER,00T24@0,0,48,-1,-1,0
1098,T24,OTHER,49,1,39,-1,-1,-1,04T24@2,BUYER,0,-1,-1,-1,3
1107,T34,OTHER,49,1,39,-1,-1,-1,05T34@2,BUYER,0,-1,-1,-1,3
1106,T24,OTHER,49,1,39,-1,-1,-1,04T24@2,BUYER,0,-1,-1,-1,3
1105,OTHER,T24,49,2,10,-1,-1,-1,SELLER,01T24@0,0,-1,-1,-1,0
1104,T34,OTHER,49,2,39,-1,-1,-1,05T34@2,BUYER,0,-1,-1,-1,3
1103,T34,OTHER,49,1,39,-1,-1,-1,05T34@2,BUYER,0,-1,-1,-1,3
1102,T34,OTHER,49,2,39,-1,-1,-1,05T34@2,BUYER,0,-1,-1,-1,3
1101,T24,OTHER,49,2,39,-1,-1,-1,04T24@2,BUYER,0,-1,-1,-1,3
1100,T24,OTHER,49,2,39,-1,-1,-1,04T24@2,BUYER,0,-1,-1,-1,3
1099,T24,OTHER,49,1,39,-1,-1,-1,04T24@2,BUYER,0,-1,-1,-1,3
1097,OTHER,T24,49,1,10,32,-1,-1,SELLER,01T24@0,0,49,-1,-1,0
1094,OTHER,T24,49,2,10,32,-1,-1,SELLER,00T24@0,0,49,-1,-1,0
1095,OTHER,T24,49,1,10,32,-1,-1,SELLER,00T24@0,0,49,-1,-1,0
1083,T24,OTHER,49,1,39,32,-1,-1,04T24@2,BUYER,0,49,-1,-1,3
1084,T34,OTHER,49,1,39,32,-1,-1,05T34@2,BUYER,0,49,-1,-1,3
1085,OTHER,T24,49,1,10,32,-1,-1,SELLER,01T24@0,0,49,-1,-1,0
1096,OTHER,T24,49,3,10,32,-1,-1,SELLER,01T24@0,0,49,-1,-1,0
1087,OTHER,T24,49,1,10,32,-1,-1,SELLER,00T24@0,0,49,-1,-1,0
1088,OTHER,T24,49,2,10,32,-1,-1,SELLER,01T24@0,0,49,-1,-1,0
1086,OTHER,T24,49,3,10,32,-1,-1,SELLER,00T24@0,0,49,-1,-1,0
1090,T34,OTHER,49,2,39,32,-1,-1,05T34@2,BUYER,0,49,-1,-1,3
1091,T34,OTHER,49,3,39,32,-1,-1,05T34@2,BUYER,0,49,-1,-1,3
1092,OTHER,T24,49,1,10,32,-1,-1,SELLER,01T24@0,0,49,-1,-1,0
1093,OTHER,T24,49,2,10,32,-1,-1,SELLER,00T24@0,0,49,-1,-1,0
1089,OTHER,T24,49,1,10,32,-1,-1,SELLER,01T24@0,0,49,-1,-1,0
1141,T34,T24,50,5,56,45,-1,45,03T34@1,04T24@2,2,50,-1,-1,2
1120,T24,OTHER,50,1,39,-1,-1,-1,04T24@2,BUYER,0,-1,-1,-1,3
1117,T24,OTHER,50,1,39,-1,-1,-1,04T24@2,BUYER,0,-1,-1,-1,3
1119,T24,OTHER,50,1,39,-1,-1,-1,04T24@2,BUYER,0,-1,-1,-1,3
1118,T24,OTHER,50,1,39,-1,-1,-1,04T24@2,BUYER,0,-1,-1,-1,3
1116,T34,OTHER,50,2,39,-1,-1,-1,05T34@2,BUYER,0,-1,-1,-1,3
1108,T34,OTHER,50,1,39,33,-1,-1,05T34@2,BUYER,0,50,-1,-1,3
1114,T24,OTHER,50,1,39,-1,-1,-1,04T24@2,BUYER,0,-1,-1,-1,3
1113,T24,OTHER,50,2,39,-1,-1,-1,04T24@2,BUYER,0,-1,-1,-1,3
1112,T24,OTHER,50,3,39,-1,-1,-1,04T24@2,BUYER,0,-1,-1,-1,3
1110,T34,OTHER,50,2,39,33,-1,-1,05T34@2,BUYER,0,50,-1,-1,3
1109,T34,OTHER,50,2,39,33,-1,-1,05T34@2,BUYER,0,50,-1,-1,3
1115,T34,OTHER,50,3,39,-1,-1,-1,05T34@2,BUYER,0,-1,-1,-1,3
1131,T34,OTHER,51,3,39,-1,-1,-1,05T34@2,BUYER,0,-1,-1,-1,3
1129,T34,OTHER,51,2,39,-1,-1,-1,05T34@2,BUYER,0,-1,-1,-1,3
1142,T24,T34,51,5,0,-1,-1,46,00T24@0,03T34@1,2,-1,-1,-1,1
1127,T24,OTHER,51,1,39,34,-1,-1,04T24@2,BUYER,0,51,-1,-1,3
1130,T34,OTHER,51,3,39,-1,-1,-1,05T34@2,BUYER,0,-1,-1,-1,3
1125,T24,OTHER,51,5,39,34,-1,-1,04T24@2,BUYER,0,51,-1,-1,3
1124,T34,OTHER,51,1,39,34,-1,-1,05T34@2,BUYER,0,51,-1,-1,3
1123,T34,OTHER,51,2,39,34,-1,-1,05T34@2,BUYER,0,51,-1,-1,3
1122,T34,OTHER,51,1,39,34,-1,-1,05T34@2,BUYER,0,51,-1,-1,3
1121,T24,OTHER,51,1,39,34,-1,-1,04T24@2,BUYER,0,51,-1,-1,3
1126,T34,OTHER,51,1,39,34,-1,-1,05T34@2,BUYER,0,51,-1,-1,3
1143,T24,T34,51,5,0,-1,-1,46,01T24@0,02T34@1,2,-1,-1,-1,1
1132,T34,OTHER,52,2,39,35,-1,-1,05T34@2,BUYER,0,52,-1,-1,3
1133,T34,OTHER,52,2,39,35,-1,-1,05T34@2,BUYER,0,52,-1,-1,3
1134,T24,OTHER,52,3,39,35,-1,-1,04T24@2,BUYER,0,52,-1,-1,3
1135,T24,OTHER,52,1,39,35,-1,-1,04T24@2,BUYER,0,52,-1,-1,3
1136,T24,OTHER,52,1,39,35,-1,-1,04T24@2,BUYER,0,52,-1,-1,3
1137,T24,OTHER,52,6,39,35,-1,-1,04T24@2,BUYER,0,52,-1,-1,3
1138,T34,OTHER,52,1,39,-1,-1,-1,05T34@2,BUYER,0,-1,-1,-1,3
1139,T34,OTHER,52,2,39,-1,-1,-1,05T34@2,BUYER,0,-1,-1,-1,3
1140,T24,OTHER,52,2,39,-1,-1,-1,04T24@2,BUYER,0,-1,-1,-1,3
