index,seller_type,buyer_type,delivery_time,quantity,unit_price,signed_at,nullified_at,concluded_at,seller,buyer,n_neg_steps,executed_at,erred_at,dropped_at,product
85,OTHER,T22,0,5,10,0,-1,-1,SELLER,00T22@0,0,0,-1,-1,0
141,OTHER,T23,0,3,10,0,-1,-1,SELLER,01T23@0,0,0,-1,-1,0
17,OTHER,T23,0,3,10,0,-1,-1,SELLER,01T23@0,0,0,-1,-1,0
75,OTHER,T22,0,4,10,0,-1,-1,SELLER,00T22@0,0,0,-1,-1,0
155,OTHER,T23,0,5,10,0,-1,-1,SELLER,01T23@0,0,0,-1,-1,0
245,T23,T35,1,5,7,1,-1,1,03T23@1,05T35@2,15,1,-1,-1,2
248,T23,T35,1,4,6,1,-1,1,03T23@1,05T35@2,13,1,-1,-1,2
290,T23,T07,1,5,2,-1,-1,1,01T23@0,02T07@1,11,-1,-1,-1,1
288,T23,T07,1,4,4,-1,-1,1,01T23@0,02T07@1,14,-1,-1,-1,1
287,T23,T07,1,3,2,-1,-1,1,01T23@0,02T07@1,12,-1,-1,-1,1
243,T23,T35,1,9,5,1,-1,1,03T23@1,05T35@2,18,1,-1,-1,2
285,T23,T07,1,4,2,-1,-1,1,01T23@0,02T07@1,12,-1,-1,-1,1
31,OTHER,T22,1,4,10,0,-1,-1,SELLER,00T22@0,0,1,-1,-1,0
76,OTHER,T23,1,2,10,0,-1,-1,SELLER,01T23@0,0,1,-1,-1,0
293,T07,T35,1,4,46,-1,-1,1,02T07@1,05T35@2,17,-1,-1,-1,2
151,OTHER,T22,1,7,10,0,-1,-1,SELLER,00T22@0,0,1,-1,-1,0
297,T23,T07,1,5,2,-1,-1,1,01T23@0,02T07@1,10,-1,-1,-1,1
143,OTHER,T23,1,5,10,0,-1,-1,SELLER,01T23@0,0,1,-1,-1,0
295,T23,T35,1,13,5,-1,-1,1,03T23@1,05T35@2,13,-1,-1,-1,2
77,OTHER,T22,1,2,10,0,-1,-1,SELLER,00T22@0,0,1,-1,-1,0
262,T23,T35,2,8,1,1,-1,1,03T23@1,05T35@2,9,2,-1,-1,2
58,OTHER,T23,2,4,10,0,-1,-1,SELLER,01T23@0,0,2,-1,-1,0
267,T23,T07,2,5,1,1,-1,1,01T23@0,02T07@1,8,2,-1,-1,1
36,OTHER,T22,2,4,10,0,-1,-1,SELLER,00T22@0,0,2,-1,-1,0
327,T23,T07,2,3,2,-1,-1,2,01T23@0,02T07@1,11,-1,-1,-1,1
281,T23,T35,2,5,3,1,-1,1,03T23@1,05T35@2,12,2,-1,-1,2
325,T23,T23,2,13,1,-1,-1,2,01T23@0,03T23@1,13,-1,-1,-1,1
269,T23,T35,2,2,3,1,-1,1,03T23@1,05T35@2,11,2,-1,-1,2
29,OTHER,T22,2,4,10,0,-1,-1,SELLER,00T22@0,0,2,-1,-1,0
323,T23,T23,2,21,8,-1,-1,2,01T23@0,03T23@1,14,-1,-1,-1,1
330,T23,T07,2,7,2,-1,-1,2,01T23@0,02T07@1,2,-1,-1,-1,1
289,T07,T35,2,4,46,-1,-1,1,02T07@1,05T35@2,17,-1,-1,-1,2
173,OTHER,T22,2,5,10,0,-1,-1,SELLER,00T22@0,0,2,-1,-1,0
324,T23,T07,2,4,1,-1,-1,2,01T23@0,02T07@1,6,-1,-1,-1,1
308,T23,T23,2,4,1,2,-1,2,01T23@0,03T23@1,12,2,-1,-1,1
329,T23,T07,2,1,2,-1,-1,2,01T23@0,02T07@1,12,-1,-1,-1,1
279,T23,T35,2,9,4,1,-1,1,03T23@1,05T35@2,13,2,-1,-1,2
177,OTHER,T23,2,3,10,0,-1,-1,SELLER,01T23@0,0,2,-1,-1,0
328,T23,T07,2,5,2,-1,-1,2,01T23@0,02T07@1,11,-1,-1,-1,1
274,T23,T35,2,3,1,1,-1,1,03T23@1,05T35@2,10,2,-1,-1,2
333,T22,T23,2,9,33,-1,-1,2,00T22@0,03T23@1,12,-1,-1,-1,1
56,T24,OTHER,3,4,44,0,-1,-1,04T24@2,BUYER,0,3,-1,-1,3
182,OTHER,T23,3,3,10,0,-1,-1,SELLER,01T23@0,0,3,-1,-1,0
180,T35,OTHER,3,2,44,0,-1,-1,05T35@2,BUYER,0,3,-1,-1,3
96,T24,OTHER,3,4,44,0,-1,-1,04T24@2,BUYER,0,3,-1,-1,3
72,T35,OTHER,3,6,44,0,-1,-1,05T35@2,BUYER,0,3,-1,-1,3
353,T23,T07,3,7,13,-1,-1,3,01T23@0,02T07@1,2,-1,-1,-1,1
296,T22,T23,3,18,34,-1,-1,1,00T22@0,03T23@1,9,-1,-1,-1,1
275,T23,T35,3,6,4,1,-1,1,03T23@1,05T35@2,16,3,-1,-1,2
198,OTHER,T22,3,5,10,0,-1,-1,SELLER,00T22@0,0,3,-1,-1,0
286,T22,T23,3,17,30,-1,-1,1,00T22@0,03T23@1,15,-1,-1,-1,1
315,T23,T23,3,6,14,2,-1,2,01T23@0,03T23@1,10,3,-1,-1,1
291,T07,T35,3,4,46,-1,-1,1,02T07@1,05T35@2,17,-1,-1,-1,2
163,OTHER,T22,3,3,10,0,-1,-1,SELLER,00T22@0,0,3,-1,-1,0
26,T24,OTHER,3,4,44,0,-1,-1,04T24@2,BUYER,0,3,-1,-1,3
306,T23,T23,3,8,17,2,-1,2,01T23@0,03T23@1,11,3,-1,-1,1
41,OTHER,T23,3,2,10,0,-1,-1,SELLER,01T23@0,0,3,-1,-1,0
284,T23,T35,3,12,1,1,-1,1,03T23@1,05T35@2,6,3,-1,-1,2
305,T23,T23,3,3,4,2,-1,2,01T23@0,03T23@1,12,3,-1,-1,1
283,T23,T35,3,5,1,1,-1,1,03T23@1,05T35@2,12,3,-1,-1,2
240,T23,T35,3,9,8,1,-1,1,03T23@1,05T35@2,15,3,-1,-1,2
43,OTHER,T23,3,7,10,0,-1,-1,SELLER,01T23@0,0,3,-1,-1,0
146,OTHER,T23,4,1,10,0,-1,-1,SELLER,01T23@0,0,4,-1,-1,0
5,OTHER,T22,4,3,10,0,-1,-1,SELLER,00T22@0,0,4,-1,-1,0
227,T24,OTHER,4,4,44,-1,-1,-1,04T24@2,BUYER,0,-1,-1,-1,3
374,T22,T23,4,18,32,-1,-1,4,00T22@0,03T23@1,2,-1,-1,-1,1
373,T23,T35,4,11,5,-1,-1,4,03T23@1,05T35@2,13,-1,-1,-1,2
172,T35,OTHER,4,6,44,0,-1,-1,05T35@2,BUYER,0,4,-1,-1,3
194,T24,OTHER,4,1,44,0,-1,-1,04T24@2,BUYER,0,4,-1,-1,3
48,OTHER,T23,4,6,10,0,-1,-1,SELLER,01T23@0,0,4,-1,-1,0
32,T24,OTHER,4,6,44,0,-1,-1,04T24@2,BUYER,0,4,-1,-1,3
280,T23,T07,4,3,2,1,-1,1,01T23@0,02T07@1,13,4,-1,-1,1
349,T23,T23,4,8,15,3,-1,3,01T23@0,03T23@1,10,4,-1,-1,1
83,OTHER,T23,4,4,10,0,-1,-1,SELLER,01T23@0,0,4,-1,-1,0
52,T35,OTHER,4,3,44,0,-1,-1,05T35@2,BUYER,0,4,-1,-1,3
319,T23,T23,4,20,6,2,-1,2,01T23@0,03T23@1,13,4,-1,-1,1
187,OTHER,T22,4,6,10,0,-1,-1,SELLER,00T22@0,0,4,-1,-1,0
254,T23,T35,4,2,3,1,-1,1,03T23@1,05T35@2,11,4,-1,-1,2
119,OTHER,T23,5,3,10,0,-1,-1,SELLER,01T23@0,0,5,-1,-1,0
317,T23,T35,5,11,2,2,-1,2,03T23@1,05T35@2,15,5,-1,-1,2
132,OTHER,T22,5,5,10,0,-1,-1,SELLER,00T22@0,0,5,-1,-1,0
150,OTHER,T23,5,4,10,0,-1,-1,SELLER,01T23@0,0,5,-1,-1,0
294,T22,T23,5,5,34,-1,-1,1,00T22@0,03T23@1,11,-1,-1,-1,1
145,OTHER,T23,5,4,10,0,-1,-1,SELLER,01T23@0,0,5,-1,-1,0
106,T35,OTHER,5,4,44,0,-1,-1,05T35@2,BUYER,0,5,-1,-1,3
339,T23,T23,5,6,17,3,-1,3,01T23@0,03T23@1,13,5,-1,-1,1
18,T35,OTHER,5,6,44,0,-1,-1,05T35@2,BUYER,0,5,-1,-1,3
257,T22,T07,5,11,25,1,-1,1,00T22@0,02T07@1,17,5,-1,-1,1
74,OTHER,T23,5,4,10,0,-1,-1,SELLER,01T23@0,0,5,-1,-1,0
71,T24,OTHER,5,5,44,0,-1,-1,04T24@2,BUYER,0,5,-1,-1,3
255,T07,T35,5,4,46,1,-1,1,02T07@1,05T35@2,17,5,-1,-1,2
383,T23,T23,5,3,12,5,-1,5,01T23@0,03T23@1,15,5,-1,-1,1
67,T35,OTHER,5,2,44,0,-1,-1,05T35@2,BUYER,0,5,-1,-1,3
235,T24,OTHER,5,3,44,-1,-1,-1,04T24@2,BUYER,0,-1,-1,-1,3
261,T23,T35,5,6,1,1,-1,1,03T23@1,05T35@2,9,5,-1,-1,2
355,T23,T24,5,6,0,4,-1,4,03T23@1,04T24@2,2,5,-1,-1,2
393,T23,T35,5,12,5,-1,-1,5,03T23@1,05T35@2,12,-1,-1,-1,2
81,T24,OTHER,6,3,44,0,-1,-1,04T24@2,BUYER,0,6,-1,-1,3
38,OTHER,T22,6,4,10,0,-1,-1,SELLER,00T22@0,0,6,-1,-1,0
419,T23,T07,6,5,2,-1,-1,6,01T23@0,02T07@1,2,-1,-1,-1,1
197,OTHER,T23,6,4,10,0,-1,-1,SELLER,01T23@0,0,6,-1,-1,0
33,T35,OTHER,6,4,44,0,-1,-1,05T35@2,BUYER,0,6,-1,-1,3
247,T23,T35,6,6,1,1,-1,1,03T23@1,05T35@2,14,6,-1,-1,2
242,T23,T35,6,9,17,1,-1,1,03T23@1,05T35@2,18,6,-1,-1,2
134,T35,OTHER,6,5,44,0,-1,-1,05T35@2,BUYER,0,6,-1,-1,3
382,T23,T07,6,1,9,5,-1,5,01T23@0,02T07@1,2,6,-1,-1,1
137,OTHER,T23,6,2,10,0,-1,-1,SELLER,01T23@0,0,6,-1,-1,0
299,T22,T07,6,9,25,2,-1,2,00T22@0,02T07@1,17,6,-1,-1,1
310,T23,T07,6,3,1,2,-1,2,01T23@0,02T07@1,10,6,-1,-1,1
223,T24,OTHER,6,4,44,-1,-1,-1,04T24@2,BUYER,0,-1,-1,-1,3
404,T23,T23,6,4,6,6,-1,6,01T23@0,03T23@1,15,6,-1,-1,1
320,T23,T23,6,3,1,2,-1,2,01T23@0,03T23@1,12,6,-1,-1,1
342,T23,T07,6,24,6,3,-1,3,01T23@0,02T07@1,2,6,-1,-1,1
343,T23,T35,6,3,5,3,-1,3,03T23@1,05T35@2,13,6,-1,-1,2
62,T35,OTHER,6,4,44,0,-1,-1,05T35@2,BUYER,0,6,-1,-1,3
423,T22,T23,6,41,19,-1,-1,6,00T22@0,03T23@1,2,-1,-1,-1,1
264,T22,T23,6,10,31,1,-1,1,00T22@0,03T23@1,13,6,-1,-1,1
101,OTHER,T22,6,4,10,0,-1,-1,SELLER,00T22@0,0,6,-1,-1,0
326,T22,T23,6,10,34,-1,-1,2,00T22@0,03T23@1,14,-1,-1,-1,1
322,T22,T23,6,10,27,2,-1,2,00T22@0,03T23@1,17,6,-1,-1,1
424,T23,T23,6,24,11,-1,-1,6,01T23@0,03T23@1,5,-1,-1,-1,1
53,OTHER,T23,6,6,10,0,-1,-1,SELLER,01T23@0,0,6,-1,-1,0
35,OTHER,T23,7,2,10,0,-1,-1,SELLER,01T23@0,0,7,-1,-1,0
298,T22,T07,7,11,25,2,-1,2,00T22@0,02T07@1,17,7,-1,-1,1
441,T23,T23,7,4,10,7,-1,7,01T23@0,03T23@1,9,7,-1,-1,1
321,T07,T35,7,4,46,2,-1,2,02T07@1,05T35@2,17,7,-1,-1,2
406,T23,T07,7,17,13,6,-1,6,01T23@0,02T07@1,2,7,-1,-1,1
68,T35,OTHER,7,6,44,0,-1,-1,05T35@2,BUYER,0,7,-1,-1,3
171,OTHER,T23,7,4,10,0,-1,-1,SELLER,01T23@0,0,7,-1,-1,0
346,T23,T35,7,9,1,3,-1,3,03T23@1,05T35@2,7,7,-1,-1,2
412,T23,T07,7,4,5,6,-1,6,01T23@0,02T07@1,2,7,-1,-1,1
302,T22,T23,7,12,33,2,-1,2,00T22@0,03T23@1,12,7,-1,-1,1
13,T35,OTHER,7,3,44,0,-1,-1,05T35@2,BUYER,0,7,-1,-1,3
405,T23,T07,7,3,7,6,-1,6,01T23@0,02T07@1,2,7,-1,-1,1
3,OTHER,T22,7,5,10,0,-1,-1,SELLER,00T22@0,0,7,-1,-1,0
22,OTHER,T22,7,2,10,0,-1,-1,SELLER,00T22@0,0,7,-1,-1,0
215,T24,OTHER,7,6,44,-1,-1,-1,04T24@2,BUYER,0,-1,-1,-1,3
99,T24,OTHER,7,3,44,0,-1,-1,04T24@2,BUYER,0,7,-1,-1,3
55,OTHER,T22,7,3,10,0,-1,-1,SELLER,00T22@0,0,7,-1,-1,0
357,T22,T23,7,16,16,4,-1,4,00T22@0,03T23@1,14,7,-1,-1,1
154,T24,OTHER,7,2,44,0,-1,-1,04T24@2,BUYER,0,7,-1,-1,3
7,OTHER,T23,7,4,10,0,-1,-1,SELLER,01T23@0,0,7,-1,-1,0
278,T23,T35,8,13,6,1,-1,1,03T23@1,05T35@2,13,8,-1,-1,2
249,T22,T07,8,18,24,1,-1,1,00T22@0,02T07@1,17,8,-1,-1,1
165,T24,OTHER,8,3,44,0,-1,-1,04T24@2,BUYER,0,8,-1,-1,3
193,OTHER,T22,8,5,10,0,-1,-1,SELLER,00T22@0,0,8,-1,-1,0
241,T22,T23,8,13,33,1,-1,1,00T22@0,03T23@1,11,8,-1,-1,1
196,T24,OTHER,8,5,44,0,-1,-1,04T24@2,BUYER,0,8,-1,-1,3
110,OTHER,T22,8,3,10,0,-1,-1,SELLER,00T22@0,0,8,-1,-1,0
445,T22,T23,8,27,26,-1,-1,7,00T22@0,03T23@1,2,-1,-1,-1,1
44,OTHER,T23,8,3,10,0,-1,-1,SELLER,01T23@0,0,8,-1,-1,0
435,T23,T07,8,2,3,7,-1,7,01T23@0,02T07@1,2,8,-1,-1,1
100,OTHER,T23,8,8,10,0,-1,-1,SELLER,01T23@0,0,8,-1,-1,0
465,T07,T35,8,6,46,-1,-1,8,02T07@1,05T35@2,17,-1,-1,-1,2
371,T22,T07,8,25,17,4,-1,4,00T22@0,02T07@1,2,8,-1,-1,1
361,T23,T23,8,23,16,4,-1,4,01T23@0,03T23@1,11,8,-1,-1,1
124,T35,OTHER,8,3,44,0,-1,-1,05T35@2,BUYER,0,8,-1,-1,3
466,T22,T23,8,22,21,-1,-1,8,00T22@0,03T23@1,2,-1,-1,-1,1
378,T23,T07,8,2,12,5,-1,5,01T23@0,02T07@1,2,8,-1,-1,1
93,OTHER,T23,8,1,10,0,-1,-1,SELLER,01T23@0,0,8,-1,-1,0
92,T35,OTHER,8,5,44,0,-1,-1,05T35@2,BUYER,0,8,-1,-1,3
136,T35,OTHER,8,4,44,0,-1,-1,05T35@2,BUYER,0,8,-1,-1,3
438,T23,T07,8,2,14,7,-1,7,01T23@0,02T07@1,2,8,-1,-1,1
347,T22,T23,9,2,28,3,-1,3,00T22@0,03T23@1,16,9,-1,-1,1
179,OTHER,T22,9,2,10,0,-1,-1,SELLER,00T22@0,0,9,-1,-1,0
422,T22,T23,9,27,13,-1,-1,6,00T22@0,03T23@1,15,-1,-1,-1,1
140,T35,OTHER,9,5,44,0,-1,-1,05T35@2,BUYER,0,9,-1,-1,3
444,T22,T23,9,2,17,-1,-1,7,00T22@0,03T23@1,8,-1,-1,-1,1
252,T23,T35,9,8,2,1,-1,1,03T23@1,05T35@2,10,9,-1,-1,2
250,T07,T35,9,4,47,1,-1,1,02T07@1,05T35@2,17,9,-1,-1,2
413,T23,T35,9,8,3,6,-1,6,03T23@1,05T35@2,11,9,-1,-1,2
4,OTHER,T23,9,3,10,0,-1,-1,SELLER,01T23@0,0,9,-1,-1,0
217,T24,OTHER,9,2,44,-1,-1,-1,04T24@2,BUYER,0,-1,-1,-1,3
224,T24,OTHER,9,7,44,-1,-1,-1,04T24@2,BUYER,0,-1,-1,-1,3
260,T23,T35,9,13,6,1,-1,1,03T23@1,05T35@2,14,9,-1,-1,2
421,T22,T23,9,11,33,-1,-1,6,00T22@0,03T23@1,12,-1,-1,-1,1
222,T24,OTHER,9,2,44,-1,-1,-1,04T24@2,BUYER,0,-1,-1,-1,3
115,T24,OTHER,9,4,44,0,-1,-1,04T24@2,BUYER,0,9,-1,-1,3
91,OTHER,T22,9,6,10,0,-1,-1,SELLER,00T22@0,0,9,-1,-1,0
164,OTHER,T23,9,6,10,0,-1,-1,SELLER,01T23@0,0,9,-1,-1,0
453,T23,T23,9,18,16,8,-1,8,01T23@0,03T23@1,14,9,-1,-1,1
113,OTHER,T22,9,3,10,0,-1,-1,SELLER,00T22@0,0,9,-1,-1,0
307,T22,T07,9,11,26,2,-1,2,00T22@0,02T07@1,17,9,-1,-1,1
318,T23,T23,9,4,17,2,-1,2,01T23@0,03T23@1,12,9,-1,-1,1
506,T07,T35,10,6,46,-1,-1,10,02T07@1,05T35@2,17,-1,-1,-1,2
89,OTHER,T22,10,2,10,0,-1,-1,SELLER,00T22@0,0,10,-1,-1,0
118,OTHER,T23,10,4,10,0,-1,-1,SELLER,01T23@0,0,10,-1,-1,0
495,T23,T23,10,4,16,10,-1,10,01T23@0,03T23@1,11,10,-1,-1,1
27,T35,OTHER,10,2,44,0,-1,-1,05T35@2,BUYER,0,10,-1,-1,3
238,T24,OTHER,10,6,44,-1,-1,-1,04T24@2,BUYER,0,-1,-1,-1,3
123,T35,OTHER,10,5,44,0,-1,-1,05T35@2,BUYER,0,10,-1,-1,3
372,T22,T23,10,13,32,4,-1,4,00T22@0,03T23@1,12,10,-1,-1,1
375,T22,T23,10,13,32,5,-1,5,00T22@0,03T23@1,12,10,-1,-1,1
380,T23,T07,10,18,3,5,-1,5,01T23@0,02T07@1,2,10,-1,-1,1
462,T23,T35,10,7,1,8,-1,8,03T23@1,05T35@2,7,10,-1,-1,2
377,T22,T23,10,14,33,5,-1,5,00T22@0,03T23@1,12,10,-1,-1,1
42,OTHER,T23,10,1,10,0,-1,-1,SELLER,01T23@0,0,10,-1,-1,0
256,T23,T35,10,8,3,1,-1,1,03T23@1,05T35@2,12,10,-1,-1,2
259,T22,T23,10,10,33,1,-1,1,00T22@0,03T23@1,10,10,-1,-1,1
50,OTHER,T22,10,6,10,0,-1,-1,SELLER,00T22@0,0,10,-1,-1,0
144,OTHER,T23,10,5,10,0,-1,-1,SELLER,01T23@0,0,10,-1,-1,0
98,T35,OTHER,10,4,44,0,-1,-1,05T35@2,BUYER,0,10,-1,-1,3
439,T23,T23,10,7,15,7,-1,7,01T23@0,03T23@1,13,10,-1,-1,1
78,OTHER,T22,10,2,10,0,-1,-1,SELLER,00T22@0,0,10,-1,-1,0
135,T24,OTHER,10,3,44,0,-1,-1,04T24@2,BUYER,0,10,-1,-1,3
471,T23,T35,11,1,3,9,-1,9,03T23@1,05T35@2,15,11,-1,-1,2
469,T23,T07,11,2,8,9,-1,9,01T23@0,02T07@1,2,11,-1,-1,1
509,T22,T23,11,1,17,11,-1,11,00T22@0,03T23@1,9,11,-1,-1,1
468,T07,T35,11,19,45,-1,-1,8,02T07@1,05T35@2,17,-1,-1,-1,2
396,T07,T35,11,16,45,-1,-1,5,02T07@1,05T35@2,17,-1,-1,-1,2
443,T07,T35,11,16,45,-1,-1,7,02T07@1,05T35@2,17,-1,-1,-1,2
369,T07,T35,11,19,45,4,-1,4,02T07@1,05T35@2,17,11,-1,-1,2
414,T22,T23,11,13,34,6,-1,6,00T22@0,03T23@1,9,11,-1,-1,1
463,T22,T23,11,46,29,-1,-1,8,00T22@0,03T23@1,2,-1,-1,-1,1
417,T07,T35,11,16,45,-1,-1,6,02T07@1,05T35@2,17,-1,-1,-1,2
418,T07,T35,11,19,45,-1,-1,6,02T07@1,05T35@2,17,-1,-1,-1,2
362,T07,T35,11,16,45,4,-1,4,02T07@1,05T35@2,17,11,-1,-1,2
472,T23,T23,11,2,16,9,-1,9,01T23@0,03T23@1,11,11,-1,-1,1
270,T23,T35,11,17,2,1,-1,1,03T23@1,05T35@2,10,11,-1,-1,2
442,T23,T35,11,13,1,7,-1,7,03T23@1,05T35@2,8,11,-1,-1,2
244,T07,T35,11,4,47,1,-1,1,02T07@1,05T35@2,17,11,-1,-1,2
348,T07,T35,11,16,45,3,-1,3,02T07@1,05T35@2,17,11,-1,-1,2
394,T07,T35,11,19,45,-1,-1,5,02T07@1,05T35@2,17,-1,-1,-1,2
59,OTHER,T23,11,3,10,0,-1,-1,SELLER,01T23@0,0,11,-1,-1,0
186,OTHER,T23,11,6,10,0,-1,-1,SELLER,01T23@0,0,11,-1,-1,0
15,T35,OTHER,11,7,44,0,-1,-1,05T35@2,BUYER,0,11,-1,-1,3
102,T24,OTHER,11,5,44,0,-1,-1,04T24@2,BUYER,0,11,-1,-1,3
16,OTHER,T22,11,3,10,0,-1,-1,SELLER,00T22@0,0,11,-1,-1,0
34,T35,OTHER,11,3,44,0,-1,-1,05T35@2,BUYER,0,11,-1,-1,3
30,T35,OTHER,11,2,44,0,-1,-1,05T35@2,BUYER,0,11,-1,-1,3
181,T24,OTHER,11,3,44,0,-1,-1,04T24@2,BUYER,0,11,-1,-1,3
129,OTHER,T23,11,4,10,0,-1,-1,SELLER,01T23@0,0,11,-1,-1,0
23,OTHER,T22,11,4,10,0,-1,-1,SELLER,00T22@0,0,11,-1,-1,0
521,T23,T35,11,14,1,-1,-1,11,03T23@1,05T35@2,8,-1,-1,-1,2
487,T07,T35,12,16,48,-1,-1,9,02T07@1,05T35@2,17,-1,-1,-1,2
266,T23,T35,12,11,4,1,-1,1,03T23@1,05T35@2,12,12,-1,-1,2
170,OTHER,T22,12,5,10,0,-1,-1,SELLER,00T22@0,0,12,-1,-1,0
147,OTHER,T22,12,4,10,0,-1,-1,SELLER,00T22@0,0,12,-1,-1,0
152,OTHER,T23,12,6,10,0,-1,-1,SELLER,01T23@0,0,12,-1,-1,0
10,OTHER,T22,12,2,10,0,-1,-1,SELLER,00T22@0,0,12,-1,-1,0
131,T35,OTHER,12,4,44,0,-1,-1,05T35@2,BUYER,0,12,-1,-1,3
367,T23,T35,12,9,6,4,-1,4,03T23@1,05T35@2,13,12,-1,-1,2
40,T35,OTHER,12,1,44,0,-1,-1,05T35@2,BUYER,0,12,-1,-1,3
88,T35,OTHER,12,5,44,0,-1,-1,05T35@2,BUYER,0,12,-1,-1,3
447,T07,T35,12,16,48,-1,-1,7,02T07@1,05T35@2,17,-1,-1,-1,2
446,T07,T35,12,19,48,-1,-1,7,02T07@1,05T35@2,17,-1,-1,-1,2
426,T07,T35,12,4,46,7,-1,7,02T07@1,05T35@2,17,12,-1,-1,2
166,T24,OTHER,12,4,44,0,-1,-1,04T24@2,BUYER,0,12,-1,-1,3
201,OTHER,T23,12,3,10,0,-1,-1,SELLER,01T23@0,0,12,-1,-1,0
513,T23,T23,12,6,9,11,-1,11,01T23@0,03T23@1,11,12,-1,-1,1
229,T24,OTHER,12,6,44,-1,-1,-1,04T24@2,BUYER,0,-1,-1,-1,3
402,T23,T07,12,3,15,6,-1,6,01T23@0,02T07@1,2,12,-1,-1,1
246,T23,T35,12,10,4,1,-1,1,03T23@1,05T35@2,13,12,-1,-1,2
276,T23,T35,13,9,13,1,-1,1,03T23@1,05T35@2,17,13,-1,-1,2
167,OTHER,T22,13,4,10,0,-1,-1,SELLER,00T22@0,0,13,-1,-1,0
159,T35,OTHER,13,4,44,0,-1,-1,05T35@2,BUYER,0,13,-1,-1,3
158,OTHER,T23,13,3,10,0,-1,-1,SELLER,01T23@0,0,13,-1,-1,0
156,OTHER,T23,13,2,10,0,-1,-1,SELLER,01T23@0,0,13,-1,-1,0
425,T07,T35,13,16,45,-1,-1,6,02T07@1,05T35@2,17,-1,-1,-1,2
340,T22,T07,13,12,26,3,-1,3,00T22@0,02T07@1,17,13,-1,-1,1
139,T35,OTHER,13,3,44,0,-1,-1,05T35@2,BUYER,0,13,-1,-1,3
440,T23,T07,13,5,1,7,-1,7,01T23@0,02T07@1,9,13,-1,-1,1
19,T35,OTHER,13,6,44,0,-1,-1,05T35@2,BUYER,0,13,-1,-1,3
467,T07,T35,13,16,45,-1,-1,8,02T07@1,05T35@2,17,-1,-1,-1,2
233,T24,OTHER,13,6,44,-1,-1,-1,04T24@2,BUYER,0,-1,-1,-1,3
387,T07,T35,13,16,45,5,-1,5,02T07@1,05T35@2,17,13,-1,-1,2
510,T23,T35,13,7,2,11,-1,11,03T23@1,05T35@2,10,13,-1,-1,2
109,T24,OTHER,13,1,44,0,-1,-1,04T24@2,BUYER,0,13,-1,-1,3
111,OTHER,T23,13,6,10,0,-1,-1,SELLER,01T23@0,0,13,-1,-1,0
60,OTHER,T23,13,3,10,0,-1,-1,SELLER,01T23@0,0,13,-1,-1,0
532,T22,T23,13,2,17,12,-1,12,00T22@0,03T23@1,7,13,-1,-1,1
105,OTHER,T22,13,2,10,0,-1,-1,SELLER,00T22@0,0,13,-1,-1,0
400,T22,T07,14,11,26,6,-1,6,00T22@0,02T07@1,17,14,-1,-1,1
107,OTHER,T22,14,3,10,0,-1,-1,SELLER,00T22@0,0,14,-1,-1,0
148,OTHER,T23,14,5,10,0,-1,-1,SELLER,01T23@0,0,14,-1,-1,0
94,OTHER,T23,14,2,10,0,-1,-1,SELLER,01T23@0,0,14,-1,-1,0
120,T24,OTHER,14,5,44,0,-1,-1,04T24@2,BUYER,0,14,-1,-1,3
112,T35,OTHER,14,4,44,0,-1,-1,05T35@2,BUYER,0,14,-1,-1,3
533,T23,T07,14,3,13,12,-1,12,01T23@0,02T07@1,2,14,-1,-1,1
160,OTHER,T22,14,3,10,0,-1,-1,SELLER,00T22@0,0,14,-1,-1,0
87,T35,OTHER,14,5,44,0,-1,-1,05T35@2,BUYER,0,14,-1,-1,3
12,T24,OTHER,14,2,44,0,-1,-1,04T24@2,BUYER,0,14,-1,-1,3
486,T07,T35,14,6,47,-1,-1,9,02T07@1,05T35@2,17,-1,-1,-1,2
219,T24,OTHER,14,4,44,-1,-1,-1,04T24@2,BUYER,0,-1,-1,-1,3
545,T23,T07,14,5,3,13,-1,13,01T23@0,02T07@1,13,14,-1,-1,1
386,T23,T35,14,9,3,5,-1,5,03T23@1,05T35@2,11,14,-1,-1,2
492,T23,T35,14,7,3,10,-1,10,03T23@1,05T35@2,11,14,-1,-1,2
586,T07,T35,14,6,46,-1,-1,14,02T07@1,05T35@2,17,-1,-1,-1,2
485,T22,T23,14,11,27,9,-1,9,00T22@0,03T23@1,17,14,-1,-1,1
544,T23,T23,14,11,6,13,-1,13,01T23@0,03T23@1,14,14,-1,-1,1
541,T23,T35,14,5,7,12,-1,12,03T23@1,05T35@2,14,14,-1,-1,2
64,OTHER,T23,14,6,10,0,-1,-1,SELLER,01T23@0,0,14,-1,-1,0
61,OTHER,T23,14,1,10,0,-1,-1,SELLER,01T23@0,0,14,-1,-1,0
273,T23,T35,14,9,2,1,-1,1,03T23@1,05T35@2,14,14,-1,-1,2
528,T23,T23,14,2,8,12,-1,12,01T23@0,03T23@1,11,14,-1,-1,1
47,OTHER,T23,15,6,10,0,-1,-1,SELLER,01T23@0,0,15,-1,-1,0
126,T35,OTHER,15,3,44,0,-1,-1,05T35@2,BUYER,0,15,-1,-1,3
104,OTHER,T23,15,4,10,0,-1,-1,SELLER,01T23@0,0,15,-1,-1,0
456,T22,T23,15,8,34,8,-1,8,00T22@0,03T23@1,11,15,-1,-1,1
97,OTHER,T22,15,3,10,0,-1,-1,SELLER,00T22@0,0,15,-1,-1,0
149,OTHER,T23,15,2,10,0,-1,-1,SELLER,01T23@0,0,15,-1,-1,0
79,T24,OTHER,15,3,44,0,-1,-1,04T24@2,BUYER,0,15,-1,-1,3
607,T07,T35,15,6,46,-1,-1,15,02T07@1,05T35@2,17,-1,-1,-1,2
605,T23,T07,15,4,1,-1,-1,15,01T23@0,02T07@1,6,-1,-1,-1,1
161,T35,OTHER,15,5,44,0,-1,-1,05T35@2,BUYER,0,15,-1,-1,3
162,OTHER,T22,15,5,10,0,-1,-1,SELLER,00T22@0,0,15,-1,-1,0
237,T24,OTHER,15,4,44,-1,-1,-1,04T24@2,BUYER,0,-1,-1,-1,3
549,T23,T07,15,3,3,13,-1,13,01T23@0,02T07@1,13,15,-1,-1,1
498,T22,T07,15,10,25,10,-1,10,00T22@0,02T07@1,17,15,-1,-1,1
391,T22,T07,15,12,26,5,-1,5,00T22@0,02T07@1,17,15,-1,-1,1
168,T24,OTHER,15,5,44,0,-1,-1,04T24@2,BUYER,0,15,-1,-1,3
95,OTHER,T23,16,6,10,0,-1,-1,SELLER,01T23@0,0,16,-1,-1,0
599,T23,T07,16,5,3,15,-1,15,01T23@0,02T07@1,13,16,-1,-1,1
46,T35,OTHER,16,4,44,0,-1,-1,05T35@2,BUYER,0,16,-1,-1,3
431,T23,T35,16,12,3,7,-1,7,03T23@1,05T35@2,11,16,-1,-1,2
86,OTHER,T22,16,2,10,0,-1,-1,SELLER,00T22@0,0,16,-1,-1,0
133,OTHER,T22,16,5,10,0,-1,-1,SELLER,00T22@0,0,16,-1,-1,0
189,OTHER,T23,16,3,10,0,-1,-1,SELLER,01T23@0,0,16,-1,-1,0
200,T24,OTHER,16,3,44,0,-1,-1,04T24@2,BUYER,0,16,-1,-1,3
174,OTHER,T23,16,4,10,0,-1,-1,SELLER,01T23@0,0,16,-1,-1,0
415,T22,T07,16,12,26,6,-1,6,00T22@0,02T07@1,17,16,-1,-1,1
138,T35,OTHER,16,5,44,0,-1,-1,05T35@2,BUYER,0,16,-1,-1,3
408,T23,T35,16,9,2,6,-1,6,03T23@1,05T35@2,10,16,-1,-1,2
571,T23,T07,16,2,4,14,-1,14,01T23@0,02T07@1,14,16,-1,-1,1
213,T24,OTHER,16,6,44,-1,-1,-1,04T24@2,BUYER,0,-1,-1,-1,3
188,T35,OTHER,16,2,44,0,-1,-1,05T35@2,BUYER,0,16,-1,-1,3
526,T23,T35,16,13,1,12,-1,12,03T23@1,05T35@2,7,16,-1,-1,2
477,T23,T35,17,11,1,9,-1,9,03T23@1,05T35@2,9,17,-1,-1,2
637,T23,T35,17,7,1,17,-1,17,03T23@1,05T35@2,8,17,-1,-1,2
525,T07,T35,17,17,45,12,-1,12,02T07@1,05T35@2,17,17,-1,-1,2
39,OTHER,T22,17,2,10,0,-1,-1,SELLER,00T22@0,0,17,-1,-1,0
529,T07,T35,17,16,48,12,-1,12,02T07@1,05T35@2,17,17,-1,-1,2
63,T35,OTHER,17,3,44,0,-1,-1,05T35@2,BUYER,0,17,-1,-1,3
9,OTHER,T22,17,5,10,0,-1,-1,SELLER,00T22@0,0,17,-1,-1,0
65,T24,OTHER,17,7,44,0,-1,-1,04T24@2,BUYER,0,17,-1,-1,3
584,T07,T35,17,16,48,-1,-1,14,02T07@1,05T35@2,17,-1,-1,-1,2
551,T23,T35,17,9,8,13,-1,13,03T23@1,05T35@2,14,17,-1,-1,2
474,T07,T35,17,17,45,9,-1,9,02T07@1,05T35@2,17,17,-1,-1,2
523,T07,T35,17,16,48,-1,-1,11,02T07@1,05T35@2,17,-1,-1,-1,2
436,T22,T23,17,10,34,7,-1,7,00T22@0,03T23@1,13,17,-1,-1,1
25,OTHER,T23,17,4,10,0,-1,-1,SELLER,01T23@0,0,17,-1,-1,0
503,T07,T35,17,16,48,-1,-1,10,02T07@1,05T35@2,17,-1,-1,-1,2
142,OTHER,T23,17,4,10,0,-1,-1,SELLER,01T23@0,0,17,-1,-1,0
228,T24,OTHER,17,2,44,-1,-1,-1,04T24@2,BUYER,0,-1,-1,-1,3
504,T07,T35,17,17,45,-1,-1,10,02T07@1,05T35@2,17,-1,-1,-1,2
562,T07,T35,17,17,45,-1,-1,13,02T07@1,05T35@2,17,-1,-1,-1,2
520,T07,T35,17,17,45,-1,-1,11,02T07@1,05T35@2,17,-1,-1,-1,2
568,T23,T07,17,7,14,14,-1,14,01T23@0,02T07@1,2,17,-1,-1,1
2,T35,OTHER,17,7,44,0,-1,-1,05T35@2,BUYER,0,17,-1,-1,3
51,OTHER,T23,17,5,10,0,-1,-1,SELLER,01T23@0,0,17,-1,-1,0
8,T35,OTHER,17,1,44,0,-1,-1,05T35@2,BUYER,0,17,-1,-1,3
11,OTHER,T22,18,2,10,0,-1,-1,SELLER,00T22@0,0,18,-1,-1,0
564,T07,T35,18,16,45,-1,-1,13,02T07@1,05T35@2,17,-1,-1,-1,2
558,T22,T07,18,10,25,13,-1,13,00T22@0,02T07@1,17,18,-1,-1,1
202,OTHER,T22,18,5,10,-1,-1,-1,SELLER,00T22@0,0,-1,-1,-1,0
538,T22,T23,18,12,32,12,-1,12,00T22@0,03T23@1,13,18,-1,-1,1
184,OTHER,T23,18,6,10,0,-1,-1,SELLER,01T23@0,0,18,-1,-1,0
547,T22,T23,18,10,25,13,-1,13,00T22@0,03T23@1,18,18,-1,-1,1
593,T23,T07,18,3,1,15,-1,15,01T23@0,02T07@1,10,18,-1,-1,1
157,OTHER,T23,18,3,10,0,-1,-1,SELLER,01T23@0,0,18,-1,-1,0
130,T35,OTHER,18,6,44,0,-1,-1,05T35@2,BUYER,0,18,-1,-1,3
561,T07,T35,18,4,46,-1,-1,13,02T07@1,05T35@2,17,-1,-1,-1,2
566,T23,T35,18,9,8,14,-1,14,03T23@1,05T35@2,15,18,-1,-1,2
210,OTHER,T22,18,4,10,-1,-1,-1,SELLER,00T22@0,0,-1,-1,-1,0
114,T35,OTHER,18,4,44,0,-1,-1,05T35@2,BUYER,0,18,-1,-1,3
218,T24,OTHER,18,3,44,-1,-1,-1,04T24@2,BUYER,0,-1,-1,-1,3
577,T23,T07,18,3,1,14,-1,14,01T23@0,02T07@1,10,18,-1,-1,1
578,T23,T23,18,9,6,14,-1,14,01T23@0,03T23@1,9,18,-1,-1,1
90,T24,OTHER,18,4,44,0,-1,-1,04T24@2,BUYER,0,18,-1,-1,3
455,T23,T35,18,2,1,8,-1,8,03T23@1,05T35@2,15,18,-1,-1,2
581,T23,T35,18,10,1,14,-1,14,03T23@1,05T35@2,8,18,-1,-1,2
73,T35,OTHER,18,3,44,0,-1,-1,05T35@2,BUYER,0,18,-1,-1,3
37,T24,OTHER,19,4,44,0,-1,-1,04T24@2,BUYER,0,19,-1,-1,3
69,T35,OTHER,19,5,44,0,-1,-1,05T35@2,BUYER,0,19,-1,-1,3
494,T22,T23,19,8,33,10,-1,10,00T22@0,03T23@1,11,19,-1,-1,1
195,OTHER,T23,19,5,10,0,-1,-1,SELLER,01T23@0,0,19,-1,-1,0
489,T23,T35,19,11,3,10,-1,10,03T23@1,05T35@2,12,19,-1,-1,2
232,OTHER,T22,19,6,10,-1,-1,-1,SELLER,00T22@0,0,-1,-1,-1,0
230,T24,OTHER,19,4,44,-1,-1,-1,04T24@2,BUYER,0,-1,-1,-1,3
20,T35,OTHER,19,4,44,0,-1,-1,05T35@2,BUYER,0,19,-1,-1,3
169,OTHER,T23,19,3,10,0,-1,-1,SELLER,01T23@0,0,19,-1,-1,0
514,T22,T23,19,4,33,11,-1,11,00T22@0,03T23@1,12,19,-1,-1,1
209,T24,OTHER,19,3,44,-1,-1,-1,04T24@2,BUYER,0,-1,-1,-1,3
226,OTHER,T22,19,3,10,-1,-1,-1,SELLER,00T22@0,0,-1,-1,-1,0
14,OTHER,T23,19,3,10,0,-1,-1,SELLER,01T23@0,0,19,-1,-1,0
595,T23,T35,19,2,5,15,-1,15,03T23@1,05T35@2,14,19,-1,-1,2
621,T23,T35,20,2,8,16,-1,16,03T23@1,05T35@2,16,20,-1,-1,2
642,T07,T35,20,15,48,-1,-1,17,02T07@1,05T35@2,17,-1,-1,-1,2
557,T22,T23,20,11,32,13,-1,13,00T22@0,03T23@1,13,20,-1,-1,1
654,T23,T35,20,4,5,18,-1,18,03T23@1,05T35@2,15,20,-1,-1,2
569,T07,T35,20,15,48,14,-1,14,02T07@1,05T35@2,17,20,-1,-1,2
606,T07,T35,20,15,48,-1,-1,15,02T07@1,05T35@2,17,-1,-1,-1,2
669,T23,T35,20,6,1,19,-1,19,03T23@1,05T35@2,12,20,-1,-1,2
546,T23,T35,20,3,2,13,-1,13,03T23@1,05T35@2,14,20,-1,-1,2
311,T23,T35,20,10,5,2,-1,2,03T23@1,05T35@2,13,20,-1,-1,2
623,T07,T35,20,15,48,-1,-1,16,02T07@1,05T35@2,17,-1,-1,-1,2
225,OTHER,T22,20,2,10,-1,-1,-1,SELLER,00T22@0,0,-1,-1,-1,0
239,T24,OTHER,20,4,44,-1,-1,-1,04T24@2,BUYER,0,-1,-1,-1,3
84,T35,OTHER,20,5,44,0,-1,-1,05T35@2,BUYER,0,20,-1,-1,3
153,OTHER,T23,20,5,10,0,-1,-1,SELLER,01T23@0,0,20,-1,-1,0
183,T35,OTHER,20,4,44,0,-1,-1,05T35@2,BUYER,0,20,-1,-1,3
54,T24,OTHER,20,2,44,0,-1,-1,04T24@2,BUYER,0,20,-1,-1,3
204,OTHER,T22,20,5,10,-1,-1,-1,SELLER,00T22@0,0,-1,-1,-1,0
199,OTHER,T23,20,4,10,0,-1,-1,SELLER,01T23@0,0,20,-1,-1,0
21,OTHER,T23,20,4,10,0,-1,-1,SELLER,01T23@0,0,20,-1,-1,0
121,T24,OTHER,20,5,44,0,-1,-1,04T24@2,BUYER,0,20,-1,-1,3
208,OTHER,T22,21,4,10,-1,-1,-1,SELLER,00T22@0,0,-1,-1,-1,0
122,OTHER,T23,21,3,10,0,-1,-1,SELLER,01T23@0,0,21,-1,-1,0
190,T35,OTHER,21,8,44,0,-1,-1,05T35@2,BUYER,0,21,-1,-1,3
522,T07,T35,21,24,48,-1,-1,11,02T07@1,05T35@2,17,-1,-1,-1,2
710,T23,T35,21,10,1,21,-1,21,03T23@1,05T35@2,13,21,-1,-1,2
517,T22,T07,21,11,26,11,-1,11,00T22@0,02T07@1,17,21,-1,-1,1
220,T24,OTHER,21,2,44,-1,-1,-1,04T24@2,BUYER,0,-1,-1,-1,3
221,T24,OTHER,21,6,44,-1,-1,-1,04T24@2,BUYER,0,-1,-1,-1,3
205,OTHER,T22,21,5,10,-1,-1,-1,SELLER,00T22@0,0,-1,-1,-1,0
125,OTHER,T23,21,5,10,0,-1,-1,SELLER,01T23@0,0,21,-1,-1,0
575,T22,T23,21,1,32,14,-1,14,00T22@0,03T23@1,13,21,-1,-1,1
686,T23,T35,21,3,2,20,-1,20,03T23@1,05T35@2,11,21,-1,-1,2
582,T23,T07,21,5,9,14,-1,14,01T23@0,02T07@1,2,21,-1,-1,1
675,T23,T07,21,4,16,19,-1,19,01T23@0,02T07@1,2,21,-1,-1,1
1,T24,OTHER,21,4,44,0,-1,-1,04T24@2,BUYER,0,21,-1,-1,3
6,OTHER,T23,21,3,10,0,-1,-1,SELLER,01T23@0,0,21,-1,-1,0
615,T23,T35,21,10,8,16,-1,16,03T23@1,05T35@2,15,21,-1,-1,2
670,T23,T07,21,3,1,19,-1,19,01T23@0,02T07@1,2,21,-1,-1,1
600,T23,T35,21,5,3,15,-1,15,03T23@1,05T35@2,11,21,-1,-1,2
604,T22,T23,21,5,34,15,-1,15,00T22@0,03T23@1,8,21,-1,-1,1
640,T23,T35,21,15,8,17,-1,17,03T23@1,05T35@2,14,21,-1,-1,2
646,T23,T35,21,7,6,18,-1,18,03T23@1,05T35@2,14,21,-1,-1,2
116,T35,OTHER,22,3,44,0,-1,-1,05T35@2,BUYER,0,22,-1,-1,3
214,T24,OTHER,22,5,44,-1,-1,-1,04T24@2,BUYER,0,-1,-1,-1,3
212,OTHER,T22,22,4,10,-1,-1,-1,SELLER,00T22@0,0,-1,-1,-1,0
611,T22,T23,22,5,32,16,-1,16,00T22@0,03T23@1,13,-1,-1,-1,1
731,T07,T35,22,6,46,-1,-1,22,02T07@1,05T35@2,17,-1,-1,-1,2
28,T24,OTHER,22,3,44,0,-1,-1,04T24@2,BUYER,0,22,-1,-1,3
203,OTHER,T22,22,1,10,-1,-1,-1,SELLER,00T22@0,0,-1,-1,-1,0
117,OTHER,T23,22,3,10,0,-1,-1,SELLER,01T23@0,0,22,-1,-1,0
185,T35,OTHER,22,2,44,0,-1,-1,05T35@2,BUYER,0,22,-1,-1,3
178,OTHER,T23,22,5,10,0,-1,-1,SELLER,01T23@0,0,22,-1,-1,0
550,T22,T07,22,10,26,13,-1,13,00T22@0,02T07@1,17,22,-1,-1,1
176,T35,OTHER,22,7,44,0,-1,-1,05T35@2,BUYER,0,22,-1,-1,3
207,OTHER,T22,22,5,10,-1,-1,-1,SELLER,00T22@0,0,-1,-1,-1,0
625,T22,T23,22,4,33,17,-1,17,00T22@0,03T23@1,11,-1,-1,-1,1
0,OTHER,T23,22,2,10,0,-1,-1,SELLER,01T23@0,0,22,-1,-1,0
108,OTHER,T23,23,2,10,0,-1,-1,SELLER,01T23@0,0,23,-1,-1,0
45,T35,OTHER,23,4,44,0,-1,-1,05T35@2,BUYER,0,23,-1,-1,3
175,T35,OTHER,23,5,44,0,-1,-1,05T35@2,BUYER,0,23,-1,-1,3
231,OTHER,T22,23,3,10,-1,-1,-1,SELLER,00T22@0,0,-1,-1,-1,0
707,T22,T23,23,7,24,21,-1,21,00T22@0,03T23@1,2,-1,-1,-1,1
49,T35,OTHER,23,5,44,0,-1,-1,05T35@2,BUYER,0,23,-1,-1,3
696,T22,T23,23,15,32,-1,-1,20,00T22@0,03T23@1,2,-1,-1,-1,1
234,OTHER,T22,23,2,10,-1,-1,-1,SELLER,00T22@0,0,-1,-1,-1,0
80,OTHER,T23,23,3,10,0,-1,-1,SELLER,01T23@0,0,23,-1,-1,0
591,T23,T07,23,6,13,15,-1,15,01T23@0,02T07@1,2,23,-1,-1,1
103,OTHER,T23,23,5,10,0,-1,-1,SELLER,01T23@0,0,23,-1,-1,0
211,OTHER,T22,23,5,10,-1,-1,-1,SELLER,00T22@0,0,-1,-1,-1,0
192,T24,OTHER,23,3,44,0,-1,-1,04T24@2,BUYER,0,23,-1,-1,3
658,T07,T35,23,15,45,18,-1,18,02T07@1,05T35@2,17,23,-1,-1,2
57,T35,OTHER,23,3,44,0,-1,-1,05T35@2,BUYER,0,23,-1,-1,3
664,T23,T35,23,5,2,19,-1,19,03T23@1,05T35@2,10,-1,-1,-1,2
573,T22,T07,23,7,26,14,-1,14,00T22@0,02T07@1,17,23,-1,-1,1
671,T23,T07,23,1,16,19,-1,19,01T23@0,02T07@1,2,23,-1,-1,1
771,T22,T07,24,1,9,-1,-1,24,00T22@0,02T07@1,17,-1,-1,-1,1
70,T35,OTHER,24,5,44,0,-1,-1,05T35@2,BUYER,0,24,-1,-1,3
236,OTHER,T22,24,4,10,-1,-1,-1,SELLER,00T22@0,0,-1,-1,-1,0
66,T35,OTHER,24,2,44,0,-1,-1,05T35@2,BUYER,0,24,-1,-1,3
191,OTHER,T23,24,7,10,0,-1,-1,SELLER,01T23@0,0,24,-1,-1,0
691,T23,T35,24,9,8,20,-1,20,03T23@1,05T35@2,15,-1,-1,-1,2
206,OTHER,T22,24,4,10,-1,-1,-1,SELLER,00T22@0,0,-1,-1,-1,0
634,T07,T35,24,16,48,17,-1,17,02T07@1,05T35@2,17,24,-1,-1,2
681,T22,T23,24,4,33,20,-1,20,00T22@0,03T23@1,11,-1,-1,-1,1
699,T07,T35,24,16,48,-1,-1,20,02T07@1,05T35@2,17,-1,-1,-1,2
680,T07,T35,24,15,48,-1,-1,19,02T07@1,05T35@2,17,-1,-1,-1,2
82,T24,OTHER,24,8,44,0,-1,-1,04T24@2,BUYER,0,24,-1,-1,3
629,T22,T23,24,5,31,17,-1,17,00T22@0,03T23@1,14,-1,-1,-1,1
216,OTHER,T22,24,3,10,-1,-1,-1,SELLER,00T22@0,0,-1,-1,-1,0
636,T22,T07,24,5,25,17,-1,17,00T22@0,02T07@1,17,24,-1,-1,1
660,T07,T35,24,16,48,-1,-1,18,02T07@1,05T35@2,17,-1,-1,-1,2
128,T35,OTHER,24,4,44,0,-1,-1,05T35@2,BUYER,0,24,-1,-1,3
649,T07,T35,24,15,48,18,-1,18,02T07@1,05T35@2,17,24,-1,-1,2
24,OTHER,T23,24,2,10,0,-1,-1,SELLER,01T23@0,0,24,-1,-1,0
702,T23,T35,24,7,1,21,-1,21,03T23@1,05T35@2,12,-1,-1,-1,2
677,T07,T35,24,6,47,-1,-1,19,02T07@1,05T35@2,17,-1,-1,-1,2
127,T24,OTHER,24,1,44,0,-1,-1,04T24@2,BUYER,0,24,-1,-1,3
679,T07,T35,25,16,45,-1,-1,19,02T07@1,05T35@2,17,-1,-1,-1,2
748,T23,T35,25,1,1,23,-1,23,03T23@1,05T35@2,10,-1,-1,-1,2
251,T35,OTHER,25,3,44,1,-1,-1,05T35@2,BUYER,0,25,-1,-1,3
253,OTHER,T23,25,4,10,1,-1,-1,SELLER,01T23@0,0,25,-1,-1,0
597,T23,T07,25,6,4,15,-1,15,01T23@0,02T07@1,2,25,-1,-1,1
258,OTHER,T23,25,2,10,1,-1,-1,SELLER,01T23@0,0,25,-1,-1,0
271,T35,OTHER,25,4,44,1,-1,-1,05T35@2,BUYER,0,25,-1,-1,3
272,OTHER,T22,25,7,10,1,-1,-1,SELLER,00T22@0,0,25,-1,-1,0
697,T07,T35,25,6,46,-1,-1,20,02T07@1,05T35@2,17,-1,-1,-1,2
265,OTHER,T22,25,4,10,1,-1,-1,SELLER,00T22@0,0,25,-1,-1,0
268,T35,OTHER,25,3,44,1,-1,-1,05T35@2,BUYER,0,25,-1,-1,3
263,T24,OTHER,25,4,44,1,-1,-1,04T24@2,BUYER,0,25,-1,-1,3
715,T07,T35,25,16,45,-1,-1,21,02T07@1,05T35@2,17,-1,-1,-1,2
612,T22,T23,25,5,33,16,-1,16,00T22@0,03T23@1,10,-1,-1,-1,1
292,T24,OTHER,25,6,44,-1,-1,-1,04T24@2,BUYER,0,-1,-1,-1,3
655,T22,T23,25,4,30,18,-1,18,00T22@0,03T23@1,16,-1,-1,-1,1
277,OTHER,T22,25,1,10,1,-1,-1,SELLER,00T22@0,0,25,-1,-1,0
282,OTHER,T22,25,2,10,1,-1,-1,SELLER,00T22@0,0,25,-1,-1,0
309,OTHER,T23,26,3,10,2,-1,-1,SELLER,01T23@0,0,26,-1,-1,0
312,T24,OTHER,26,2,44,2,-1,-1,04T24@2,BUYER,0,26,-1,-1,3
313,T35,OTHER,26,4,44,2,-1,-1,05T35@2,BUYER,0,26,-1,-1,3
785,T23,T07,26,1,1,25,-1,25,01T23@0,02T07@1,11,26,-1,-1,1
304,OTHER,T23,26,3,10,2,-1,-1,SELLER,01T23@0,0,26,-1,-1,0
316,T35,OTHER,26,1,44,2,-1,-1,05T35@2,BUYER,0,26,-1,-1,3
616,T07,T35,26,4,47,16,-1,16,02T07@1,05T35@2,17,26,-1,-1,2
331,T24,OTHER,26,5,44,-1,-1,-1,04T24@2,BUYER,0,-1,-1,-1,3
332,T24,OTHER,26,3,44,-1,-1,-1,04T24@2,BUYER,0,-1,-1,-1,3
314,OTHER,T22,26,5,10,2,-1,-1,SELLER,00T22@0,0,26,-1,-1,0
303,T35,OTHER,26,5,44,2,-1,-1,05T35@2,BUYER,0,26,-1,-1,3
301,OTHER,T23,26,7,10,2,-1,-1,SELLER,01T23@0,0,26,-1,-1,0
727,T23,T35,26,9,8,22,-1,22,03T23@1,05T35@2,14,-1,-1,-1,2
762,T23,T07,26,4,1,24,-1,24,01T23@0,02T07@1,12,26,-1,-1,1
300,OTHER,T23,26,2,10,2,-1,-1,SELLER,01T23@0,0,26,-1,-1,0
694,T22,T07,26,5,25,20,-1,20,00T22@0,02T07@1,17,26,-1,-1,1
656,T22,T07,26,5,26,18,-1,18,00T22@0,02T07@1,17,26,-1,-1,1
714,T22,T07,26,19,27,-1,-1,21,00T22@0,02T07@1,17,-1,-1,-1,1
725,T23,T07,26,1,14,22,-1,22,01T23@0,02T07@1,2,26,-1,-1,1
337,OTHER,T23,27,3,10,3,-1,-1,SELLER,01T23@0,0,27,-1,-1,0
732,T07,T35,27,1,46,-1,-1,22,02T07@1,05T35@2,17,-1,-1,-1,2
690,T22,T07,27,5,25,20,-1,20,00T22@0,02T07@1,17,27,-1,-1,1
739,T23,T07,27,4,2,23,-1,23,01T23@0,02T07@1,11,27,-1,-1,1
726,T23,T07,27,16,11,22,-1,22,01T23@0,02T07@1,2,27,-1,-1,1
720,T22,T23,27,9,33,22,-1,22,00T22@0,03T23@1,11,-1,-1,-1,1
352,T24,OTHER,27,2,44,-1,-1,-1,04T24@2,BUYER,0,-1,-1,-1,3
737,T23,T07,27,4,2,23,-1,23,01T23@0,02T07@1,11,27,-1,-1,1
336,T35,OTHER,27,6,44,3,-1,-1,05T35@2,BUYER,0,27,-1,-1,3
765,T22,T07,27,10,17,24,-1,24,00T22@0,02T07@1,2,27,-1,-1,1
351,T24,OTHER,27,3,44,-1,-1,-1,04T24@2,BUYER,0,-1,-1,-1,3
350,T24,OTHER,27,5,44,-1,-1,-1,04T24@2,BUYER,0,-1,-1,-1,3
345,OTHER,T23,27,4,10,3,-1,-1,SELLER,01T23@0,0,27,-1,-1,0
335,OTHER,T23,27,5,10,3,-1,-1,SELLER,01T23@0,0,27,-1,-1,0
334,OTHER,T22,27,2,10,3,-1,-1,SELLER,00T22@0,0,27,-1,-1,0
812,T07,T35,27,6,46,-1,-1,27,02T07@1,05T35@2,17,-1,-1,-1,2
344,T35,OTHER,27,1,44,3,-1,-1,05T35@2,BUYER,0,27,-1,-1,3
802,T07,T35,27,1,46,-1,-1,26,02T07@1,05T35@2,17,-1,-1,-1,2
666,T22,T23,27,5,30,19,-1,19,00T22@0,03T23@1,15,-1,-1,-1,1
341,OTHER,T22,27,6,10,3,-1,-1,SELLER,00T22@0,0,27,-1,-1,0
338,T35,OTHER,27,3,44,3,-1,-1,05T35@2,BUYER,0,27,-1,-1,3
787,T07,T35,27,1,46,-1,-1,25,02T07@1,05T35@2,17,-1,-1,-1,2
793,T23,T07,28,1,3,26,-1,26,01T23@0,02T07@1,14,28,-1,-1,1
370,T35,OTHER,28,7,44,4,-1,-1,05T35@2,BUYER,0,28,-1,-1,3
364,T24,OTHER,28,4,44,4,-1,-1,04T24@2,BUYER,0,28,-1,-1,3
365,T24,OTHER,28,3,44,4,-1,-1,04T24@2,BUYER,0,28,-1,-1,3
366,OTHER,T22,28,4,10,4,-1,-1,SELLER,00T22@0,0,28,-1,-1,0
363,OTHER,T23,28,2,10,4,-1,-1,SELLER,01T23@0,0,28,-1,-1,0
360,T24,OTHER,28,4,44,4,-1,-1,04T24@2,BUYER,0,28,-1,-1,3
359,OTHER,T22,28,5,10,4,-1,-1,SELLER,00T22@0,0,28,-1,-1,0
791,T23,T07,28,2,1,26,-1,26,01T23@0,02T07@1,12,28,-1,-1,1
749,T22,T07,28,11,25,23,-1,23,00T22@0,02T07@1,17,28,-1,-1,1
757,T22,T07,28,13,17,24,-1,24,00T22@0,02T07@1,2,28,-1,-1,1
683,T22,T23,28,1,33,20,-1,20,00T22@0,03T23@1,12,-1,-1,-1,1
760,T23,T07,28,1,6,24,-1,24,01T23@0,02T07@1,2,28,-1,-1,1
786,T07,T35,28,15,48,-1,-1,25,02T07@1,05T35@2,17,-1,-1,-1,2
368,T35,OTHER,28,2,44,4,-1,-1,05T35@2,BUYER,0,28,-1,-1,3
354,OTHER,T23,28,3,10,4,-1,-1,SELLER,01T23@0,0,28,-1,-1,0
356,OTHER,T22,28,1,10,4,-1,-1,SELLER,00T22@0,0,28,-1,-1,0
358,OTHER,T23,28,5,10,4,-1,-1,SELLER,01T23@0,0,28,-1,-1,0
790,T23,T07,28,1,14,26,-1,26,01T23@0,02T07@1,2,28,-1,-1,1
385,OTHER,T22,29,8,10,5,-1,-1,SELLER,00T22@0,0,29,-1,-1,0
384,OTHER,T22,29,1,10,5,-1,-1,SELLER,00T22@0,0,29,-1,-1,0
376,OTHER,T23,29,6,10,5,-1,-1,SELLER,01T23@0,0,29,-1,-1,0
389,T35,OTHER,29,5,44,5,-1,-1,05T35@2,BUYER,0,29,-1,-1,3
390,OTHER,T23,29,2,10,5,-1,-1,SELLER,01T23@0,0,29,-1,-1,0
379,T35,OTHER,29,4,44,5,-1,-1,05T35@2,BUYER,0,29,-1,-1,3
381,OTHER,T23,29,3,10,5,-1,-1,SELLER,01T23@0,0,29,-1,-1,0
388,T24,OTHER,29,6,44,5,-1,-1,04T24@2,BUYER,0,29,-1,-1,3
392,T24,OTHER,29,1,44,5,-1,-1,04T24@2,BUYER,0,29,-1,-1,3
798,T23,T07,29,5,6,26,-1,26,01T23@0,02T07@1,15,29,-1,-1,1
775,T23,T07,29,9,9,25,-1,25,01T23@0,02T07@1,2,29,-1,-1,1
395,T24,OTHER,29,4,44,-1,-1,-1,04T24@2,BUYER,0,-1,-1,-1,3
742,T23,T07,29,1,8,23,-1,23,01T23@0,02T07@1,5,29,-1,-1,1
794,T23,T07,29,1,13,26,-1,26,01T23@0,02T07@1,2,29,-1,-1,1
407,OTHER,T22,30,4,10,6,-1,-1,SELLER,00T22@0,0,30,-1,-1,0
778,T23,T07,30,5,2,25,-1,25,01T23@0,02T07@1,12,30,-1,-1,1
416,OTHER,T22,30,2,10,6,-1,-1,SELLER,00T22@0,0,30,-1,-1,0
774,T07,T35,30,1,47,-1,-1,24,02T07@1,05T35@2,17,-1,-1,-1,2
807,T23,T07,30,4,3,27,-1,27,01T23@0,02T07@1,13,30,-1,-1,1
753,T07,T35,30,1,47,-1,-1,23,02T07@1,05T35@2,17,-1,-1,-1,2
409,OTHER,T23,30,3,10,6,-1,-1,SELLER,01T23@0,0,30,-1,-1,0
403,T35,OTHER,30,4,44,6,-1,-1,05T35@2,BUYER,0,30,-1,-1,3
818,T23,T07,30,1,6,29,-1,29,01T23@0,02T07@1,2,30,-1,-1,1
777,T07,T35,30,4,46,25,-1,25,02T07@1,05T35@2,17,30,-1,-1,2
401,T24,OTHER,30,4,44,6,-1,-1,04T24@2,BUYER,0,30,-1,-1,3
410,OTHER,T23,30,3,10,6,-1,-1,SELLER,01T23@0,0,30,-1,-1,0
411,OTHER,T23,30,4,10,6,-1,-1,SELLER,01T23@0,0,30,-1,-1,0
399,OTHER,T22,30,4,10,6,-1,-1,SELLER,00T22@0,0,30,-1,-1,0
420,T24,OTHER,30,4,44,-1,-1,-1,04T24@2,BUYER,0,-1,-1,-1,3
740,T22,T07,30,14,17,23,-1,23,00T22@0,02T07@1,2,30,-1,-1,1
830,T23,T07,30,4,1,-1,-1,30,01T23@0,02T07@1,11,-1,-1,-1,1
398,T35,OTHER,30,6,44,6,-1,-1,05T35@2,BUYER,0,30,-1,-1,3
746,T23,T07,30,3,7,23,-1,23,01T23@0,02T07@1,2,30,-1,-1,1
711,T07,T35,30,1,47,21,-1,21,02T07@1,05T35@2,17,30,-1,-1,2
397,T35,OTHER,30,2,44,6,-1,-1,05T35@2,BUYER,0,30,-1,-1,3
799,T07,T35,31,15,45,-1,-1,26,02T07@1,05T35@2,17,-1,-1,-1,2
806,T07,T35,31,16,48,27,-1,27,02T07@1,05T35@2,17,31,-1,-1,2
449,T24,OTHER,31,4,44,-1,-1,-1,04T24@2,BUYER,0,-1,-1,-1,3
817,T07,T35,31,16,48,-1,-1,28,02T07@1,05T35@2,17,-1,-1,-1,2
448,T24,OTHER,31,3,44,-1,-1,-1,04T24@2,BUYER,0,-1,-1,-1,3
825,T23,T07,31,5,1,30,-1,30,01T23@0,02T07@1,12,31,-1,-1,1
708,T22,T23,31,19,24,21,-1,21,00T22@0,03T23@1,18,-1,-1,-1,1
433,OTHER,T22,31,5,10,7,-1,-1,SELLER,00T22@0,0,31,-1,-1,0
718,T07,T35,31,15,45,22,-1,22,02T07@1,05T35@2,17,31,-1,-1,2
427,T35,OTHER,31,3,44,7,-1,-1,05T35@2,BUYER,0,31,-1,-1,3
428,OTHER,T23,31,3,10,7,-1,-1,SELLER,01T23@0,0,31,-1,-1,0
430,OTHER,T23,31,4,10,7,-1,-1,SELLER,01T23@0,0,31,-1,-1,0
432,T35,OTHER,31,5,44,7,-1,-1,05T35@2,BUYER,0,31,-1,-1,3
797,T22,T07,31,41,26,26,-1,26,00T22@0,02T07@1,17,31,-1,-1,1
434,OTHER,T23,31,4,10,7,-1,-1,SELLER,01T23@0,0,31,-1,-1,0
429,OTHER,T23,31,4,10,7,-1,-1,SELLER,01T23@0,0,31,-1,-1,0
437,T24,OTHER,31,5,44,7,-1,-1,04T24@2,BUYER,0,31,-1,-1,3
751,T07,T35,31,15,45,-1,-1,23,02T07@1,05T35@2,17,-1,-1,-1,2
770,T07,T35,31,16,48,-1,-1,24,02T07@1,05T35@2,17,-1,-1,-1,2
773,T07,T35,31,15,45,-1,-1,24,02T07@1,05T35@2,17,-1,-1,-1,2
747,T22,T23,31,11,30,23,-1,23,00T22@0,03T23@1,16,-1,-1,-1,1
826,T07,T35,32,30,45,-1,-1,30,02T07@1,05T35@2,17,-1,-1,-1,2
816,T07,T35,32,30,45,-1,-1,28,02T07@1,05T35@2,17,-1,-1,-1,2
810,T22,T07,32,9,25,27,-1,27,00T22@0,02T07@1,17,32,-1,-1,1
843,T07,T35,32,6,46,-1,-1,32,02T07@1,05T35@2,17,-1,-1,-1,2
730,T22,T07,32,9,26,22,-1,22,00T22@0,02T07@1,17,32,-1,-1,1
801,T07,T35,32,16,45,-1,-1,26,02T07@1,05T35@2,17,-1,-1,-1,2
781,T07,T35,32,16,45,25,-1,25,02T07@1,05T35@2,17,32,-1,-1,2
461,T35,OTHER,32,2,44,8,-1,-1,05T35@2,BUYER,0,32,-1,-1,3
464,T24,OTHER,32,6,44,-1,-1,-1,04T24@2,BUYER,0,-1,-1,-1,3
450,T24,OTHER,32,3,44,8,-1,-1,04T24@2,BUYER,0,32,-1,-1,3
460,OTHER,T22,32,3,10,8,-1,-1,SELLER,00T22@0,0,32,-1,-1,0
459,OTHER,T23,32,3,10,8,-1,-1,SELLER,01T23@0,0,32,-1,-1,0
452,OTHER,T22,32,5,10,8,-1,-1,SELLER,00T22@0,0,32,-1,-1,0
457,OTHER,T23,32,5,10,8,-1,-1,SELLER,01T23@0,0,32,-1,-1,0
451,OTHER,T22,32,4,10,8,-1,-1,SELLER,00T22@0,0,32,-1,-1,0
454,T35,OTHER,32,5,44,8,-1,-1,05T35@2,BUYER,0,32,-1,-1,3
458,T35,OTHER,32,4,44,8,-1,-1,05T35@2,BUYER,0,32,-1,-1,3
813,T22,T07,33,13,25,28,-1,28,00T22@0,02T07@1,17,33,-1,-1,1
478,OTHER,T22,33,3,10,9,-1,-1,SELLER,00T22@0,0,33,-1,-1,0
470,OTHER,T23,33,7,10,9,-1,-1,SELLER,01T23@0,0,33,-1,-1,0
836,T07,T35,33,20,45,-1,-1,31,02T07@1,05T35@2,17,-1,-1,-1,2
473,T24,OTHER,33,3,44,9,-1,-1,04T24@2,BUYER,0,33,-1,-1,3
475,T35,OTHER,33,3,44,9,-1,-1,05T35@2,BUYER,0,33,-1,-1,3
476,T35,OTHER,33,5,44,9,-1,-1,05T35@2,BUYER,0,33,-1,-1,3
842,T23,T07,33,2,3,32,-1,32,01T23@0,02T07@1,13,33,-1,-1,1
752,T07,T35,33,6,47,-1,-1,23,02T07@1,05T35@2,17,-1,-1,-1,2
479,OTHER,T22,33,3,10,9,-1,-1,SELLER,00T22@0,0,33,-1,-1,0
481,OTHER,T23,33,3,10,9,-1,-1,SELLER,01T23@0,0,33,-1,-1,0
480,OTHER,T23,33,1,10,9,-1,-1,SELLER,01T23@0,0,33,-1,-1,0
852,T23,T07,33,5,5,-1,-1,33,01T23@0,02T07@1,15,-1,-1,-1,1
484,T24,OTHER,33,6,44,9,-1,-1,04T24@2,BUYER,0,33,-1,-1,3
827,T07,T35,33,23,45,-1,-1,30,02T07@1,05T35@2,17,-1,-1,-1,2
849,T23,T07,33,5,5,-1,-1,33,01T23@0,02T07@1,15,-1,-1,-1,1
482,OTHER,T23,33,3,10,9,-1,-1,SELLER,01T23@0,0,33,-1,-1,0
483,T35,OTHER,33,3,44,9,-1,-1,05T35@2,BUYER,0,33,-1,-1,3
488,OTHER,T23,34,2,10,10,-1,-1,SELLER,01T23@0,0,34,-1,-1,0
490,OTHER,T22,34,7,10,10,-1,-1,SELLER,00T22@0,0,34,-1,-1,0
491,T24,OTHER,34,2,44,10,-1,-1,04T24@2,BUYER,0,34,-1,-1,3
493,T35,OTHER,34,4,44,10,-1,-1,05T35@2,BUYER,0,34,-1,-1,3
497,OTHER,T23,34,6,10,10,-1,-1,SELLER,01T23@0,0,34,-1,-1,0
500,OTHER,T22,34,2,10,10,-1,-1,SELLER,00T22@0,0,34,-1,-1,0
501,OTHER,T23,34,3,10,10,-1,-1,SELLER,01T23@0,0,34,-1,-1,0
502,T35,OTHER,34,2,44,10,-1,-1,05T35@2,BUYER,0,34,-1,-1,3
820,T22,T07,34,10,25,29,-1,29,00T22@0,02T07@1,17,34,-1,-1,1
821,T07,T35,34,6,47,29,-1,29,02T07@1,05T35@2,17,34,-1,-1,2
505,T24,OTHER,34,4,44,-1,-1,-1,04T24@2,BUYER,0,-1,-1,-1,3
758,T22,T07,34,12,26,24,-1,24,00T22@0,02T07@1,17,34,-1,-1,1
496,T35,OTHER,34,3,44,10,-1,-1,05T35@2,BUYER,0,34,-1,-1,3
499,T35,OTHER,34,5,44,10,-1,-1,05T35@2,BUYER,0,34,-1,-1,3
845,T07,T35,34,20,45,-1,-1,32,02T07@1,05T35@2,17,-1,-1,-1,2
853,T07,T35,34,12,48,-1,-1,33,02T07@1,05T35@2,17,-1,-1,-1,2
795,T07,T35,35,4,47,26,-1,26,02T07@1,05T35@2,17,35,-1,-1,2
861,T07,T35,35,6,46,-1,-1,35,02T07@1,05T35@2,17,-1,-1,-1,2
835,T07,T35,35,23,45,-1,-1,31,02T07@1,05T35@2,17,-1,-1,-1,2
831,T23,T07,35,2,1,31,-1,31,01T23@0,02T07@1,8,35,-1,-1,1
507,T35,OTHER,35,3,44,11,-1,-1,05T35@2,BUYER,0,35,-1,-1,3
515,OTHER,T22,35,3,10,11,-1,-1,SELLER,00T22@0,0,35,-1,-1,0
508,T24,OTHER,35,5,44,11,-1,-1,04T24@2,BUYER,0,35,-1,-1,3
848,T23,T07,35,1,3,33,-1,33,01T23@0,02T07@1,14,35,-1,-1,1
511,OTHER,T22,35,7,10,11,-1,-1,SELLER,00T22@0,0,35,-1,-1,0
524,T24,OTHER,35,5,44,-1,-1,-1,04T24@2,BUYER,0,-1,-1,-1,3
519,T24,OTHER,35,2,44,-1,-1,-1,04T24@2,BUYER,0,-1,-1,-1,3
518,T35,OTHER,35,5,44,11,-1,-1,05T35@2,BUYER,0,35,-1,-1,3
516,OTHER,T23,35,5,10,11,-1,-1,SELLER,01T23@0,0,35,-1,-1,0
512,OTHER,T22,35,5,10,11,-1,-1,SELLER,00T22@0,0,35,-1,-1,0
844,T07,T35,35,23,45,-1,-1,32,02T07@1,05T35@2,17,-1,-1,-1,2
542,T24,OTHER,36,4,44,12,-1,-1,04T24@2,BUYER,0,36,-1,-1,3
540,T24,OTHER,36,5,44,12,-1,-1,04T24@2,BUYER,0,36,-1,-1,3
539,T35,OTHER,36,1,44,12,-1,-1,05T35@2,BUYER,0,36,-1,-1,3
857,T07,T35,36,20,45,-1,-1,34,02T07@1,05T35@2,17,-1,-1,-1,2
814,T23,T07,36,3,5,28,-1,28,01T23@0,02T07@1,2,36,-1,-1,1
536,T35,OTHER,36,5,44,12,-1,-1,05T35@2,BUYER,0,36,-1,-1,3
535,OTHER,T22,36,4,10,12,-1,-1,SELLER,00T22@0,0,36,-1,-1,0
534,OTHER,T22,36,4,10,12,-1,-1,SELLER,00T22@0,0,36,-1,-1,0
531,T35,OTHER,36,5,44,12,-1,-1,05T35@2,BUYER,0,36,-1,-1,3
829,T07,T35,36,18,45,-1,-1,30,02T07@1,05T35@2,17,-1,-1,-1,2
530,OTHER,T22,36,3,10,12,-1,-1,SELLER,00T22@0,0,36,-1,-1,0
537,OTHER,T23,36,3,10,12,-1,-1,SELLER,01T23@0,0,36,-1,-1,0
527,OTHER,T23,36,6,10,12,-1,-1,SELLER,01T23@0,0,36,-1,-1,0
555,OTHER,T23,37,4,10,13,-1,-1,SELLER,01T23@0,0,37,-1,-1,0
553,T24,OTHER,37,3,44,13,-1,-1,04T24@2,BUYER,0,37,-1,-1,3
556,T35,OTHER,37,4,44,13,-1,-1,05T35@2,BUYER,0,37,-1,-1,3
559,OTHER,T22,37,3,10,13,-1,-1,SELLER,00T22@0,0,37,-1,-1,0
822,T07,T35,37,30,48,-1,-1,29,02T07@1,05T35@2,17,-1,-1,-1,2
552,OTHER,T23,37,2,10,13,-1,-1,SELLER,01T23@0,0,37,-1,-1,0
803,T07,T35,37,30,48,27,-1,27,02T07@1,05T35@2,17,37,-1,-1,2
548,T35,OTHER,37,2,44,13,-1,-1,05T35@2,BUYER,0,37,-1,-1,3
563,T24,OTHER,37,5,44,-1,-1,-1,04T24@2,BUYER,0,-1,-1,-1,3
565,T24,OTHER,37,2,44,-1,-1,-1,04T24@2,BUYER,0,-1,-1,-1,3
834,T22,T07,37,20,27,31,-1,31,00T22@0,02T07@1,17,37,-1,-1,1
543,OTHER,T23,37,6,10,13,-1,-1,SELLER,01T23@0,0,37,-1,-1,0
819,T07,T35,37,18,48,29,-1,29,02T07@1,05T35@2,17,37,-1,-1,2
554,T35,OTHER,37,4,44,13,-1,-1,05T35@2,BUYER,0,37,-1,-1,3
560,OTHER,T22,37,5,10,13,-1,-1,SELLER,00T22@0,0,37,-1,-1,0
851,T07,T35,38,6,47,-1,-1,33,02T07@1,05T35@2,17,-1,-1,-1,2
847,T23,T07,38,1,4,33,-1,33,01T23@0,02T07@1,2,38,-1,-1,1
815,T07,T35,38,23,48,28,-1,28,02T07@1,05T35@2,17,38,-1,-1,2
587,T24,OTHER,38,5,44,-1,-1,-1,04T24@2,BUYER,0,-1,-1,-1,3
580,OTHER,T23,38,5,10,14,-1,-1,SELLER,01T23@0,0,38,-1,-1,0
576,OTHER,T22,38,4,10,14,-1,-1,SELLER,00T22@0,0,38,-1,-1,0
583,T24,OTHER,38,3,44,-1,-1,-1,04T24@2,BUYER,0,-1,-1,-1,3
574,T35,OTHER,38,5,44,14,-1,-1,05T35@2,BUYER,0,38,-1,-1,3
572,T35,OTHER,38,2,44,14,-1,-1,05T35@2,BUYER,0,38,-1,-1,3
585,T24,OTHER,38,5,44,-1,-1,-1,04T24@2,BUYER,0,-1,-1,-1,3
579,OTHER,T22,38,3,10,14,-1,-1,SELLER,00T22@0,0,38,-1,-1,0
570,OTHER,T23,38,3,10,14,-1,-1,SELLER,01T23@0,0,38,-1,-1,0
567,OTHER,T22,38,5,10,14,-1,-1,SELLER,00T22@0,0,38,-1,-1,0
838,T07,T35,38,23,48,-1,-1,31,02T07@1,05T35@2,17,-1,-1,-1,2
823,T07,T35,38,23,48,-1,-1,29,02T07@1,05T35@2,17,-1,-1,-1,2
588,OTHER,T22,39,1,10,15,-1,-1,SELLER,00T22@0,0,39,-1,-1,0
598,T35,OTHER,39,5,44,15,-1,-1,05T35@2,BUYER,0,39,-1,-1,3
862,T23,T07,39,3,1,36,-1,36,01T23@0,02T07@1,12,39,-1,-1,1
589,OTHER,T22,39,5,10,15,-1,-1,SELLER,00T22@0,0,39,-1,-1,0
590,T24,OTHER,39,3,44,15,-1,-1,04T24@2,BUYER,0,39,-1,-1,3
884,T23,T07,39,5,4,-1,-1,39,01T23@0,02T07@1,14,-1,-1,-1,1
592,OTHER,T22,39,5,10,15,-1,-1,SELLER,00T22@0,0,39,-1,-1,0
874,T23,T07,39,10,16,-1,-1,38,01T23@0,02T07@1,2,-1,-1,-1,1
596,T35,OTHER,39,3,44,15,-1,-1,05T35@2,BUYER,0,39,-1,-1,3
594,OTHER,T23,39,2,10,15,-1,-1,SELLER,01T23@0,0,39,-1,-1,0
601,OTHER,T23,39,7,10,15,-1,-1,SELLER,01T23@0,0,39,-1,-1,0
841,T07,T35,39,12,45,32,-1,32,02T07@1,05T35@2,17,39,-1,-1,2
602,T24,OTHER,39,4,44,15,-1,-1,04T24@2,BUYER,0,39,-1,-1,3
603,T35,OTHER,39,2,44,15,-1,-1,05T35@2,BUYER,0,39,-1,-1,3
856,T07,T35,39,6,47,-1,-1,34,02T07@1,05T35@2,17,-1,-1,-1,2
855,T07,T35,39,2,46,-1,-1,34,02T07@1,05T35@2,17,-1,-1,-1,2
854,T23,T07,39,8,1,34,-1,34,01T23@0,02T07@1,2,39,-1,-1,1
846,T07,T35,39,2,46,33,-1,33,02T07@1,05T35@2,17,39,-1,-1,2
608,T24,OTHER,39,3,44,-1,-1,-1,04T24@2,BUYER,0,-1,-1,-1,3
837,T07,T35,39,12,45,-1,-1,31,02T07@1,05T35@2,17,-1,-1,-1,2
828,T07,T35,40,23,48,-1,-1,30,02T07@1,05T35@2,17,-1,-1,-1,2
850,T07,T35,40,23,48,-1,-1,33,02T07@1,05T35@2,17,-1,-1,-1,2
891,T23,T07,40,5,1,-1,-1,40,01T23@0,02T07@1,12,-1,-1,-1,1
858,T23,T07,40,1,4,35,-1,35,01T23@0,02T07@1,2,40,-1,-1,1
833,T23,T07,40,2,5,31,-1,31,01T23@0,02T07@1,2,40,-1,-1,1
824,T22,T07,40,11,26,30,-1,30,00T22@0,02T07@1,17,40,-1,-1,1
624,T24,OTHER,40,4,44,-1,-1,-1,04T24@2,BUYER,0,-1,-1,-1,3
622,OTHER,T22,40,3,10,16,-1,-1,SELLER,00T22@0,0,40,-1,-1,0
609,OTHER,T22,40,4,10,16,-1,-1,SELLER,00T22@0,0,40,-1,-1,0
619,OTHER,T23,40,2,10,16,-1,-1,SELLER,01T23@0,0,40,-1,-1,0
618,T24,OTHER,40,1,44,16,-1,-1,04T24@2,BUYER,0,40,-1,-1,3
620,OTHER,T23,40,7,10,16,-1,-1,SELLER,01T23@0,0,40,-1,-1,0
610,T35,OTHER,40,5,44,16,-1,-1,05T35@2,BUYER,0,40,-1,-1,3
613,T24,OTHER,40,7,44,16,-1,-1,04T24@2,BUYER,0,40,-1,-1,3
614,OTHER,T22,40,4,10,16,-1,-1,SELLER,00T22@0,0,40,-1,-1,0
617,T35,OTHER,40,3,44,16,-1,-1,05T35@2,BUYER,0,40,-1,-1,3
635,OTHER,T22,41,2,10,17,-1,-1,SELLER,00T22@0,0,41,-1,-1,0
899,T07,T35,41,6,46,-1,-1,41,02T07@1,05T35@2,17,-1,-1,-1,2
898,T23,T07,41,5,5,-1,-1,41,01T23@0,02T07@1,16,-1,-1,-1,1
896,T23,T07,41,2,2,-1,-1,41,01T23@0,02T07@1,12,-1,-1,-1,1
633,T35,OTHER,41,1,44,17,-1,-1,05T35@2,BUYER,0,41,-1,-1,3
639,T35,OTHER,41,3,44,17,-1,-1,05T35@2,BUYER,0,41,-1,-1,3
643,T24,OTHER,41,4,44,-1,-1,-1,04T24@2,BUYER,0,-1,-1,-1,3
839,T23,T07,41,10,16,32,-1,32,01T23@0,02T07@1,2,41,-1,-1,1
627,T24,OTHER,41,3,44,17,-1,-1,04T24@2,BUYER,0,41,-1,-1,3
626,T35,OTHER,41,6,44,17,-1,-1,05T35@2,BUYER,0,41,-1,-1,3
832,T07,T35,41,4,47,31,-1,31,02T07@1,05T35@2,17,41,-1,-1,2
638,OTHER,T23,41,3,10,17,-1,-1,SELLER,01T23@0,0,41,-1,-1,0
632,OTHER,T22,41,3,10,17,-1,-1,SELLER,00T22@0,0,41,-1,-1,0
641,T24,OTHER,41,3,44,-1,-1,-1,04T24@2,BUYER,0,-1,-1,-1,3
628,OTHER,T23,41,3,10,17,-1,-1,SELLER,01T23@0,0,41,-1,-1,0
631,OTHER,T23,41,4,10,17,-1,-1,SELLER,01T23@0,0,41,-1,-1,0
630,OTHER,T22,41,5,10,17,-1,-1,SELLER,00T22@0,0,41,-1,-1,0
863,T22,T07,41,12,25,36,-1,36,00T22@0,02T07@1,17,41,-1,-1,1
875,T07,T35,41,12,48,-1,-1,38,02T07@1,05T35@2,17,-1,-1,-1,2
865,T07,T35,41,12,48,-1,-1,36,02T07@1,05T35@2,17,-1,-1,-1,2
873,T07,T35,42,2,47,-1,-1,38,02T07@1,05T35@2,17,-1,-1,-1,2
650,OTHER,T23,42,2,10,18,-1,-1,SELLER,01T23@0,0,42,-1,-1,0
651,T35,OTHER,42,6,44,18,-1,-1,05T35@2,BUYER,0,42,-1,-1,3
652,OTHER,T22,42,3,10,18,-1,-1,SELLER,00T22@0,0,42,-1,-1,0
657,OTHER,T22,42,3,10,18,-1,-1,SELLER,00T22@0,0,42,-1,-1,0
840,T22,T07,42,12,26,32,-1,32,00T22@0,02T07@1,17,42,-1,-1,1
659,OTHER,T23,42,4,10,18,-1,-1,SELLER,01T23@0,0,42,-1,-1,0
661,T24,OTHER,42,3,44,-1,-1,-1,04T24@2,BUYER,0,-1,-1,-1,3
887,T23,T07,42,1,3,40,-1,40,01T23@0,02T07@1,14,42,-1,-1,1
885,T23,T07,42,5,3,40,-1,40,01T23@0,02T07@1,13,42,-1,-1,1
653,T35,OTHER,42,3,44,18,-1,-1,05T35@2,BUYER,0,42,-1,-1,3
648,T24,OTHER,42,4,44,18,-1,-1,04T24@2,BUYER,0,42,-1,-1,3
860,T07,T35,42,2,47,-1,-1,35,02T07@1,05T35@2,17,-1,-1,-1,2
864,T07,T35,42,2,47,-1,-1,36,02T07@1,05T35@2,17,-1,-1,-1,2
645,OTHER,T23,42,4,10,18,-1,-1,SELLER,01T23@0,0,42,-1,-1,0
644,T24,OTHER,42,4,44,18,-1,-1,04T24@2,BUYER,0,42,-1,-1,3
868,T07,T35,42,2,47,-1,-1,37,02T07@1,05T35@2,17,-1,-1,-1,2
908,T07,T35,42,6,46,-1,-1,42,02T07@1,05T35@2,17,-1,-1,-1,2
647,OTHER,T22,42,4,10,18,-1,-1,SELLER,00T22@0,0,42,-1,-1,0
674,T35,OTHER,43,2,44,19,-1,-1,05T35@2,BUYER,0,43,-1,-1,3
673,T35,OTHER,43,6,44,19,-1,-1,05T35@2,BUYER,0,43,-1,-1,3
879,T23,T07,43,5,1,39,-1,39,01T23@0,02T07@1,9,43,-1,-1,1
672,OTHER,T23,43,4,10,19,-1,-1,SELLER,01T23@0,0,43,-1,-1,0
668,OTHER,T22,43,1,10,19,-1,-1,SELLER,00T22@0,0,43,-1,-1,0
667,T35,OTHER,43,3,44,19,-1,-1,05T35@2,BUYER,0,43,-1,-1,3
665,T24,OTHER,43,5,44,19,-1,-1,04T24@2,BUYER,0,43,-1,-1,3
663,OTHER,T22,43,5,10,19,-1,-1,SELLER,00T22@0,0,43,-1,-1,0
902,T23,T07,43,1,1,42,-1,42,01T23@0,02T07@1,11,43,-1,-1,1
916,T23,T07,43,5,5,-1,-1,43,01T23@0,02T07@1,15,-1,-1,-1,1
903,T23,T07,43,1,2,42,-1,42,01T23@0,02T07@1,12,43,-1,-1,1
889,T23,T07,43,5,6,-1,-1,40,01T23@0,02T07@1,16,-1,-1,-1,1
870,T23,T07,43,1,9,38,-1,38,01T23@0,02T07@1,2,43,-1,-1,1
912,T07,T35,43,6,46,-1,-1,43,02T07@1,05T35@2,17,-1,-1,-1,2
678,T24,OTHER,43,4,44,-1,-1,-1,04T24@2,BUYER,0,-1,-1,-1,3
914,T23,T07,43,2,1,-1,-1,43,01T23@0,02T07@1,12,-1,-1,-1,1
894,T23,T07,43,4,2,41,-1,41,01T23@0,02T07@1,15,43,-1,-1,1
871,T22,T07,43,12,25,38,-1,38,00T22@0,02T07@1,17,43,-1,-1,1
662,OTHER,T23,43,6,10,19,-1,-1,SELLER,01T23@0,0,43,-1,-1,0
676,OTHER,T22,43,4,10,19,-1,-1,SELLER,00T22@0,0,43,-1,-1,0
882,T07,T35,44,17,48,-1,-1,39,02T07@1,05T35@2,17,-1,-1,-1,2
685,OTHER,T23,44,3,10,20,-1,-1,SELLER,01T23@0,0,44,-1,-1,0
684,T35,OTHER,44,4,44,20,-1,-1,05T35@2,BUYER,0,44,-1,-1,3
901,T07,T35,44,17,48,-1,-1,41,02T07@1,05T35@2,17,-1,-1,-1,2
905,T23,T07,44,1,1,42,-1,42,01T23@0,02T07@1,2,44,-1,-1,1
910,T23,T07,44,5,3,43,-1,43,01T23@0,02T07@1,12,44,-1,-1,1
911,T23,T07,44,5,3,43,-1,43,01T23@0,02T07@1,13,44,-1,-1,1
682,T24,OTHER,44,1,44,20,-1,-1,04T24@2,BUYER,0,44,-1,-1,3
698,T24,OTHER,44,6,44,-1,-1,-1,04T24@2,BUYER,0,-1,-1,-1,3
695,OTHER,T22,44,3,10,20,-1,-1,SELLER,00T22@0,0,44,-1,-1,0
890,T22,T07,44,15,17,-1,-1,40,00T22@0,02T07@1,2,-1,-1,-1,1
921,T23,T07,44,5,5,-1,-1,44,01T23@0,02T07@1,14,-1,-1,-1,1
693,T35,OTHER,44,5,44,20,-1,-1,05T35@2,BUYER,0,44,-1,-1,3
692,OTHER,T23,44,5,10,20,-1,-1,SELLER,01T23@0,0,44,-1,-1,0
689,OTHER,T23,44,5,10,20,-1,-1,SELLER,01T23@0,0,44,-1,-1,0
688,OTHER,T22,44,4,10,20,-1,-1,SELLER,00T22@0,0,44,-1,-1,0
687,T35,OTHER,44,4,44,20,-1,-1,05T35@2,BUYER,0,44,-1,-1,3
920,T07,T35,44,6,46,-1,-1,44,02T07@1,05T35@2,17,-1,-1,-1,2
918,T23,T07,45,2,3,44,-1,44,01T23@0,02T07@1,14,45,-1,-1,1
872,T07,T35,45,17,45,38,-1,38,02T07@1,05T35@2,17,45,-1,-1,2
869,T07,T35,45,17,45,-1,-1,37,02T07@1,05T35@2,17,-1,-1,-1,2
883,T23,T07,45,18,16,-1,-1,39,01T23@0,02T07@1,2,-1,-1,-1,1
859,T07,T35,45,4,47,35,-1,35,02T07@1,05T35@2,17,45,-1,-1,2
716,T24,OTHER,45,5,44,-1,-1,-1,04T24@2,BUYER,0,-1,-1,-1,3
880,T07,T35,45,17,48,-1,-1,39,02T07@1,05T35@2,17,-1,-1,-1,2
701,OTHER,T23,45,7,10,21,-1,-1,SELLER,01T23@0,0,45,-1,-1,0
886,T07,T35,45,17,45,40,-1,40,02T07@1,05T35@2,17,45,-1,-1,2
706,T24,OTHER,45,6,44,21,-1,-1,04T24@2,BUYER,0,45,-1,-1,3
709,T35,OTHER,45,5,44,21,-1,-1,05T35@2,BUYER,0,45,-1,-1,3
705,OTHER,T22,45,4,10,21,-1,-1,SELLER,00T22@0,0,45,-1,-1,0
713,OTHER,T22,45,6,10,21,-1,-1,SELLER,00T22@0,0,45,-1,-1,0
700,T24,OTHER,45,3,44,21,-1,-1,04T24@2,BUYER,0,45,-1,-1,3
704,OTHER,T22,45,1,10,21,-1,-1,SELLER,00T22@0,0,45,-1,-1,0
712,OTHER,T23,45,2,10,21,-1,-1,SELLER,01T23@0,0,45,-1,-1,0
703,T24,OTHER,45,1,44,21,-1,-1,04T24@2,BUYER,0,45,-1,-1,3
717,T35,OTHER,46,4,44,22,-1,-1,05T35@2,BUYER,0,46,-1,-1,3
917,T23,T07,46,1,1,44,-1,44,01T23@0,02T07@1,10,46,-1,-1,1
888,T07,T35,46,17,48,-1,-1,40,02T07@1,05T35@2,17,-1,-1,-1,2
876,T07,T35,46,17,45,-1,-1,38,02T07@1,05T35@2,17,-1,-1,-1,2
877,T07,T35,46,12,45,39,-1,39,02T07@1,05T35@2,17,46,-1,-1,2
866,T07,T35,46,12,45,37,-1,37,02T07@1,05T35@2,17,46,-1,-1,2
907,T07,T35,46,17,48,-1,-1,42,02T07@1,05T35@2,17,-1,-1,-1,2
906,T07,T35,46,17,45,-1,-1,42,02T07@1,05T35@2,17,-1,-1,-1,2
892,T07,T35,46,17,45,-1,-1,40,02T07@1,05T35@2,17,-1,-1,-1,2
895,T23,T07,46,5,2,41,-1,41,01T23@0,02T07@1,11,46,-1,-1,1
719,T24,OTHER,46,2,44,22,-1,-1,04T24@2,BUYER,0,46,-1,-1,3
721,OTHER,T22,46,2,10,22,-1,-1,SELLER,00T22@0,0,46,-1,-1,0
722,OTHER,T22,46,3,10,22,-1,-1,SELLER,00T22@0,0,46,-1,-1,0
723,OTHER,T23,46,5,10,22,-1,-1,SELLER,01T23@0,0,46,-1,-1,0
900,T07,T35,46,17,48,-1,-1,41,02T07@1,05T35@2,17,-1,-1,-1,2
893,T07,T35,46,12,45,-1,-1,40,02T07@1,05T35@2,17,-1,-1,-1,2
724,OTHER,T22,46,7,10,22,-1,-1,SELLER,00T22@0,0,46,-1,-1,0
728,T35,OTHER,46,5,44,22,-1,-1,05T35@2,BUYER,0,46,-1,-1,3
729,OTHER,T23,46,3,10,22,-1,-1,SELLER,01T23@0,0,46,-1,-1,0
733,T24,OTHER,46,5,44,-1,-1,-1,04T24@2,BUYER,0,-1,-1,-1,3
734,T24,OTHER,46,4,44,-1,-1,-1,04T24@2,BUYER,0,-1,-1,-1,3
904,T23,T07,46,4,2,42,-1,42,01T23@0,02T07@1,12,46,-1,-1,1
897,T07,T35,46,17,45,-1,-1,41,02T07@1,05T35@2,17,-1,-1,-1,2
909,T23,T07,47,5,2,-1,-1,42,01T23@0,02T07@1,12,-1,-1,-1,1
915,T07,T35,47,17,45,-1,-1,43,02T07@1,05T35@2,17,-1,-1,-1,2
754,T24,OTHER,47,5,44,-1,-1,-1,04T24@2,BUYER,0,-1,-1,-1,3
878,T07,T35,47,17,45,39,-1,39,02T07@1,05T35@2,17,47,-1,-1,2
738,T24,OTHER,47,2,44,23,-1,-1,04T24@2,BUYER,0,47,-1,-1,3
741,OTHER,T22,47,5,10,23,-1,-1,SELLER,00T22@0,0,47,-1,-1,0
736,OTHER,T23,47,4,10,23,-1,-1,SELLER,01T23@0,0,47,-1,-1,0
743,OTHER,T22,47,2,10,23,-1,-1,SELLER,00T22@0,0,47,-1,-1,0
744,OTHER,T22,47,6,10,23,-1,-1,SELLER,00T22@0,0,47,-1,-1,0
735,OTHER,T23,47,3,10,23,-1,-1,SELLER,01T23@0,0,47,-1,-1,0
755,T24,OTHER,47,6,44,-1,-1,-1,04T24@2,BUYER,0,-1,-1,-1,3
750,T35,OTHER,47,3,44,23,-1,-1,05T35@2,BUYER,0,47,-1,-1,3
867,T22,T07,47,12,26,-1,-1,37,00T22@0,02T07@1,17,-1,-1,-1,1
745,T35,OTHER,47,4,44,23,-1,-1,05T35@2,BUYER,0,47,-1,-1,3
759,T35,OTHER,48,4,44,24,-1,-1,05T35@2,BUYER,0,48,-1,-1,3
756,T24,OTHER,48,2,44,24,-1,-1,04T24@2,BUYER,0,48,-1,-1,3
761,OTHER,T22,48,7,10,24,-1,-1,SELLER,00T22@0,0,48,-1,-1,0
763,OTHER,T23,48,4,10,24,-1,-1,SELLER,01T23@0,0,48,-1,-1,0
764,T35,OTHER,48,4,44,24,-1,-1,05T35@2,BUYER,0,48,-1,-1,3
766,T35,OTHER,48,3,44,24,-1,-1,05T35@2,BUYER,0,48,-1,-1,3
767,OTHER,T22,48,2,10,24,-1,-1,SELLER,00T22@0,0,48,-1,-1,0
768,OTHER,T23,48,3,10,24,-1,-1,SELLER,01T23@0,0,48,-1,-1,0
769,OTHER,T23,48,4,10,24,-1,-1,SELLER,01T23@0,0,48,-1,-1,0
913,T07,T35,48,3,46,-1,-1,43,02T07@1,05T35@2,17,-1,-1,-1,2
772,T24,OTHER,48,7,44,-1,-1,-1,04T24@2,BUYER,0,-1,-1,-1,3
776,T24,OTHER,49,2,44,25,-1,-1,04T24@2,BUYER,0,49,-1,-1,3
779,T24,OTHER,49,3,44,25,-1,-1,04T24@2,BUYER,0,49,-1,-1,3
780,T35,OTHER,49,2,44,25,-1,-1,05T35@2,BUYER,0,49,-1,-1,3
782,T35,OTHER,49,6,44,25,-1,-1,05T35@2,BUYER,0,49,-1,-1,3
783,T24,OTHER,49,5,44,25,-1,-1,04T24@2,BUYER,0,49,-1,-1,3
784,T35,OTHER,49,2,44,25,-1,-1,05T35@2,BUYER,0,49,-1,-1,3
919,T07,T35,49,3,46,-1,-1,44,02T07@1,05T35@2,17,-1,-1,-1,2
881,T22,T07,49,12,26,-1,-1,39,00T22@0,02T07@1,17,-1,-1,-1,1
922,T07,T35,50,2,46,-1,-1,45,02T07@1,05T35@2,17,-1,-1,-1,2
800,T24,OTHER,50,8,44,-1,-1,-1,04T24@2,BUYER,0,-1,-1,-1,3
796,T35,OTHER,50,4,44,26,-1,-1,05T35@2,BUYER,0,50,-1,-1,3
789,T24,OTHER,50,1,44,26,-1,-1,04T24@2,BUYER,0,50,-1,-1,3
788,T35,OTHER,50,3,44,26,-1,-1,05T35@2,BUYER,0,50,-1,-1,3
792,T35,OTHER,50,4,44,26,-1,-1,05T35@2,BUYER,0,50,-1,-1,3
804,T35,OTHER,51,4,44,27,-1,-1,05T35@2,BUYER,0,51,-1,-1,3
805,T24,OTHER,51,4,44,27,-1,-1,04T24@2,BUYER,0,51,-1,-1,3
808,T24,OTHER,51,4,44,27,-1,-1,04T24@2,BUYER,0,51,-1,-1,3
809,T35,OTHER,51,5,44,27,-1,-1,05T35@2,BUYER,0,51,-1,-1,3
811,T24,OTHER,51,3,44,-1,-1,-1,04T24@2,BUYER,0,-1,-1,-1,3
923,T07,T35,51,2,46,-1,-1,46,02T07@1,05T35@2,17,-1,-1,-1,2
