index,seller_type,buyer_type,delivery_time,quantity,unit_price,signed_at,nullified_at,concluded_at,seller,buyer,n_neg_steps,executed_at,erred_at,dropped_at,product
82,OTHER,T34,0,3,10,0,-1,-1,SELLER,00T34@0,0,0,-1,-1,0
190,OTHER,T34,0,4,10,0,-1,-1,SELLER,00T34@0,0,0,-1,-1,0
234,OTHER,T22,0,5,10,0,-1,-1,SELLER,01T22@0,0,0,-1,-1,0
154,OTHER,T22,0,2,10,0,-1,-1,SELLER,01T22@0,0,0,-1,-1,0
204,OTHER,T22,0,2,10,0,-1,-1,SELLER,01T22@0,0,0,-1,-1,0
16,OTHER,T34,0,4,10,0,-1,-1,SELLER,00T34@0,0,0,-1,-1,0
64,OTHER,T34,1,2,10,0,-1,-1,SELLER,00T34@0,0,1,-1,-1,0
222,OTHER,T34,1,5,10,0,-1,-1,SELLER,00T34@0,0,1,-1,-1,0
3,OTHER,T34,1,4,10,0,-1,-1,SELLER,00T34@0,0,1,-1,-1,0
169,OTHER,T22,1,2,10,0,-1,-1,SELLER,01T22@0,0,1,-1,-1,0
207,OTHER,T34,1,1,10,0,-1,-1,SELLER,00T34@0,0,1,-1,-1,0
217,OTHER,T22,1,6,10,0,-1,-1,SELLER,01T22@0,0,1,-1,-1,0
95,OTHER,T22,2,2,10,0,-1,-1,SELLER,01T22@0,0,2,-1,-1,0
172,OTHER,T34,2,3,10,0,-1,-1,SELLER,00T34@0,0,2,-1,-1,0
278,OTHER,T34,2,2,10,0,-1,-1,SELLER,00T34@0,0,2,-1,-1,0
257,OTHER,T22,2,7,10,0,-1,-1,SELLER,01T22@0,0,2,-1,-1,0
260,OTHER,T34,2,4,10,0,-1,-1,SELLER,00T34@0,0,2,-1,-1,0
149,OTHER,T22,2,2,10,0,-1,-1,SELLER,01T22@0,0,2,-1,-1,0
336,T22,T06,2,55,13,-1,-1,2,01T22@0,03T06@1,2,-1,-1,-1,1
250,OTHER,T22,3,4,10,0,-1,-1,SELLER,01T22@0,0,3,-1,-1,0
20,OTHER,T22,3,1,10,0,-1,-1,SELLER,01T22@0,0,3,-1,-1,0
253,OTHER,T34,3,3,10,0,-1,-1,SELLER,00T34@0,0,3,-1,-1,0
231,OTHER,T34,3,3,10,0,-1,-1,SELLER,00T34@0,0,3,-1,-1,0
71,OTHER,T22,3,6,10,0,-1,-1,SELLER,01T22@0,0,3,-1,-1,0
302,T22,T06,3,4,7,1,-1,1,01T22@0,02T06@1,17,3,-1,-1,1
6,OTHER,T34,3,3,10,0,-1,-1,SELLER,00T34@0,0,3,-1,-1,0
47,T34,OTHER,4,4,35,0,-1,-1,06T34@3,BUYER,0,4,-1,-1,4
113,T23,OTHER,4,4,35,0,-1,-1,07T23@3,BUYER,0,4,-1,-1,4
312,T34,T06,4,18,19,-1,-1,1,00T34@0,02T06@1,16,-1,-1,-1,1
268,OTHER,T22,4,2,10,0,-1,-1,SELLER,01T22@0,0,4,-1,-1,0
213,OTHER,T22,4,7,10,0,-1,-1,SELLER,01T22@0,0,4,-1,-1,0
310,T34,T06,4,18,19,-1,-1,1,00T34@0,03T06@1,16,-1,-1,-1,1
60,T34,OTHER,4,6,35,0,-1,-1,06T34@3,BUYER,0,4,-1,-1,4
160,T34,OTHER,4,2,35,0,-1,-1,06T34@3,BUYER,0,4,-1,-1,4
317,T22,T06,4,16,19,-1,-1,1,01T22@0,02T06@1,17,-1,-1,-1,1
150,OTHER,T22,4,1,10,0,-1,-1,SELLER,01T22@0,0,4,-1,-1,0
24,T23,OTHER,4,4,35,0,-1,-1,07T23@3,BUYER,0,4,-1,-1,4
182,OTHER,T34,4,3,10,0,-1,-1,SELLER,00T34@0,0,4,-1,-1,0
17,OTHER,T22,4,2,10,0,-1,-1,SELLER,01T22@0,0,4,-1,-1,0
44,OTHER,T34,4,5,10,0,-1,-1,SELLER,00T34@0,0,4,-1,-1,0
148,OTHER,T34,5,7,10,0,-1,-1,SELLER,00T34@0,0,5,-1,-1,0
127,OTHER,T22,5,4,10,0,-1,-1,SELLER,01T22@0,0,5,-1,-1,0
265,T34,OTHER,5,2,35,0,-1,-1,06T34@3,BUYER,0,5,-1,-1,4
225,T23,OTHER,5,5,35,0,-1,-1,07T23@3,BUYER,0,5,-1,-1,4
56,OTHER,T22,5,4,10,0,-1,-1,SELLER,01T22@0,0,5,-1,-1,0
88,T23,OTHER,5,1,35,0,-1,-1,07T23@3,BUYER,0,5,-1,-1,4
21,T34,OTHER,5,5,35,0,-1,-1,06T34@3,BUYER,0,5,-1,-1,4
242,T34,OTHER,5,3,35,0,-1,-1,06T34@3,BUYER,0,5,-1,-1,4
28,T23,OTHER,5,4,35,0,-1,-1,07T23@3,BUYER,0,5,-1,-1,4
140,OTHER,T22,5,1,10,0,-1,-1,SELLER,01T22@0,0,5,-1,-1,0
233,OTHER,T34,5,1,10,0,-1,-1,SELLER,00T34@0,0,5,-1,-1,0
130,OTHER,T34,5,3,10,0,-1,-1,SELLER,00T34@0,0,5,-1,-1,0
159,OTHER,T34,6,3,10,0,-1,-1,SELLER,00T34@0,0,6,-1,-1,0
12,T23,OTHER,6,4,35,0,-1,-1,07T23@3,BUYER,0,6,-1,-1,4
285,T34,OTHER,6,3,35,-1,-1,-1,06T34@3,BUYER,0,-1,-1,-1,4
87,T34,OTHER,6,3,35,0,-1,-1,06T34@3,BUYER,0,6,-1,-1,4
77,T34,OTHER,6,4,35,0,-1,-1,06T34@3,BUYER,0,6,-1,-1,4
332,T34,T06,6,14,19,-1,-1,2,00T34@0,02T06@1,17,-1,-1,-1,1
406,T06,T06,6,1,27,-1,-1,6,02T06@1,04T06@2,17,-1,-1,-1,2
274,OTHER,T22,6,3,10,0,-1,-1,SELLER,01T22@0,0,6,-1,-1,0
272,T23,OTHER,6,3,35,0,-1,-1,07T23@3,BUYER,0,6,-1,-1,4
84,OTHER,T34,6,4,10,0,-1,-1,SELLER,00T34@0,0,6,-1,-1,0
73,T23,OTHER,6,3,35,0,-1,-1,07T23@3,BUYER,0,6,-1,-1,4
125,OTHER,T22,6,4,10,0,-1,-1,SELLER,01T22@0,0,6,-1,-1,0
309,T22,T06,6,10,20,-1,-1,1,01T22@0,03T06@1,17,-1,-1,-1,1
42,OTHER,T34,6,3,10,0,-1,-1,SELLER,00T34@0,0,6,-1,-1,0
53,OTHER,T22,6,3,10,0,-1,-1,SELLER,01T22@0,0,6,-1,-1,0
131,T23,OTHER,7,5,35,0,-1,-1,07T23@3,BUYER,0,7,-1,-1,4
425,T06,T06,7,1,27,-1,-1,7,02T06@1,04T06@2,17,-1,-1,-1,2
256,T23,OTHER,7,1,35,0,-1,-1,07T23@3,BUYER,0,7,-1,-1,4
243,OTHER,T34,7,5,10,0,-1,-1,SELLER,00T34@0,0,7,-1,-1,0
48,T34,OTHER,7,4,35,0,-1,-1,06T34@3,BUYER,0,7,-1,-1,4
382,T34,T23,7,5,53,5,-1,5,05T34@2,07T23@3,12,7,-1,-1,3
89,OTHER,T34,7,2,10,0,-1,-1,SELLER,00T34@0,0,7,-1,-1,0
36,T23,OTHER,7,5,35,0,-1,-1,07T23@3,BUYER,0,7,-1,-1,4
267,OTHER,T22,7,5,10,0,-1,-1,SELLER,01T22@0,0,7,-1,-1,0
114,T34,OTHER,7,1,35,0,-1,-1,06T34@3,BUYER,0,7,-1,-1,4
315,T22,T06,7,16,20,-1,-1,1,01T22@0,03T06@1,17,-1,-1,-1,1
308,T22,T06,7,13,20,-1,-1,1,01T22@0,03T06@1,17,-1,-1,-1,1
13,OTHER,T22,7,1,10,0,-1,-1,SELLER,01T22@0,0,7,-1,-1,0
181,T23,OTHER,7,4,35,0,-1,-1,07T23@3,BUYER,0,7,-1,-1,4
311,T22,T06,7,13,20,-1,-1,1,01T22@0,02T06@1,17,-1,-1,-1,1
227,OTHER,T22,7,4,10,0,-1,-1,SELLER,01T22@0,0,7,-1,-1,0
254,OTHER,T22,7,3,10,0,-1,-1,SELLER,01T22@0,0,7,-1,-1,0
187,OTHER,T22,8,2,10,0,-1,-1,SELLER,01T22@0,0,8,-1,-1,0
209,OTHER,T34,8,7,10,0,-1,-1,SELLER,00T34@0,0,8,-1,-1,0
104,T23,OTHER,8,4,35,0,-1,-1,07T23@3,BUYER,0,8,-1,-1,4
111,OTHER,T34,8,2,10,0,-1,-1,SELLER,00T34@0,0,8,-1,-1,0
195,T34,OTHER,8,2,35,0,-1,-1,06T34@3,BUYER,0,8,-1,-1,4
331,T22,T06,8,16,20,-1,-1,2,01T22@0,03T06@1,17,-1,-1,-1,1
75,OTHER,T22,8,5,10,0,-1,-1,SELLER,01T22@0,0,8,-1,-1,0
334,T22,T06,8,15,19,-1,-1,2,01T22@0,02T06@1,17,-1,-1,-1,1
14,T23,OTHER,8,2,35,0,-1,-1,07T23@3,BUYER,0,8,-1,-1,4
239,OTHER,T34,8,1,10,0,-1,-1,SELLER,00T34@0,0,8,-1,-1,0
350,T34,T06,8,15,19,-1,-1,3,00T34@0,03T06@1,16,-1,-1,-1,1
85,T34,OTHER,8,2,35,0,-1,-1,06T34@3,BUYER,0,8,-1,-1,4
352,T22,T06,8,16,20,-1,-1,3,01T22@0,02T06@1,17,-1,-1,-1,1
281,T34,OTHER,8,5,35,-1,-1,-1,06T34@3,BUYER,0,-1,-1,-1,4
316,T22,T06,8,16,20,-1,-1,1,01T22@0,02T06@1,17,-1,-1,-1,1
223,OTHER,T34,8,3,10,0,-1,-1,SELLER,00T34@0,0,8,-1,-1,0
355,T22,T06,8,16,20,-1,-1,3,01T22@0,03T06@1,17,-1,-1,-1,1
363,T34,T23,8,2,48,4,-1,4,05T34@2,07T23@3,16,8,-1,-1,3
230,T23,OTHER,8,5,35,0,-1,-1,07T23@3,BUYER,0,8,-1,-1,4
189,OTHER,T22,9,2,10,0,-1,-1,SELLER,01T22@0,0,9,-1,-1,0
1,OTHER,T22,9,2,10,0,-1,-1,SELLER,01T22@0,0,9,-1,-1,0
117,T23,OTHER,9,4,35,0,-1,-1,07T23@3,BUYER,0,9,-1,-1,4
280,T34,OTHER,9,8,35,-1,-1,-1,06T34@3,BUYER,0,-1,-1,-1,4
9,T23,OTHER,9,2,35,0,-1,-1,07T23@3,BUYER,0,9,-1,-1,4
214,OTHER,T22,9,2,10,0,-1,-1,SELLER,01T22@0,0,9,-1,-1,0
22,OTHER,T22,9,4,10,0,-1,-1,SELLER,01T22@0,0,9,-1,-1,0
105,OTHER,T34,9,4,10,0,-1,-1,SELLER,00T34@0,0,9,-1,-1,0
134,OTHER,T22,9,6,10,0,-1,-1,SELLER,01T22@0,0,9,-1,-1,0
52,T23,OTHER,9,4,35,0,-1,-1,07T23@3,BUYER,0,9,-1,-1,4
241,T23,OTHER,9,2,35,0,-1,-1,07T23@3,BUYER,0,9,-1,-1,4
462,T06,T06,9,1,27,-1,-1,9,02T06@1,04T06@2,17,-1,-1,-1,2
279,OTHER,T34,10,2,10,0,-1,-1,SELLER,00T34@0,0,10,-1,-1,0
67,OTHER,T22,10,4,10,0,-1,-1,SELLER,01T22@0,0,10,-1,-1,0
112,OTHER,T34,10,2,10,0,-1,-1,SELLER,00T34@0,0,10,-1,-1,0
8,T34,OTHER,10,3,35,0,-1,-1,06T34@3,BUYER,0,10,-1,-1,4
454,T34,T23,10,4,49,9,-1,9,05T34@2,07T23@3,15,10,-1,-1,3
157,T23,OTHER,10,5,35,0,-1,-1,07T23@3,BUYER,0,10,-1,-1,4
152,OTHER,T34,10,6,10,0,-1,-1,SELLER,00T34@0,0,10,-1,-1,0
354,T22,T06,10,18,19,-1,-1,3,01T22@0,03T06@1,17,-1,-1,-1,1
475,T06,T06,10,1,27,-1,-1,10,02T06@1,04T06@2,17,-1,-1,-1,2
368,T34,T06,10,18,19,-1,-1,4,00T34@0,03T06@1,17,-1,-1,-1,1
66,T23,OTHER,10,5,35,0,-1,-1,07T23@3,BUYER,0,10,-1,-1,4
94,OTHER,T22,10,2,10,0,-1,-1,SELLER,01T22@0,0,10,-1,-1,0
372,T34,T06,10,18,19,-1,-1,4,00T34@0,02T06@1,16,-1,-1,-1,1
145,T23,OTHER,10,3,35,0,-1,-1,07T23@3,BUYER,0,10,-1,-1,4
101,OTHER,T22,10,4,10,0,-1,-1,SELLER,01T22@0,0,10,-1,-1,0
389,T06,T06,10,1,27,-1,-1,5,02T06@1,04T06@2,17,-1,-1,-1,2
196,T34,OTHER,10,3,35,0,-1,-1,06T34@3,BUYER,0,10,-1,-1,4
300,T34,T23,10,1,54,1,-1,1,05T34@2,07T23@3,10,10,-1,-1,3
183,T23,OTHER,10,1,35,0,-1,-1,07T23@3,BUYER,0,10,-1,-1,4
271,T34,OTHER,11,4,35,0,-1,-1,06T34@3,BUYER,0,11,-1,-1,4
137,T23,OTHER,11,2,35,0,-1,-1,07T23@3,BUYER,0,11,-1,-1,4
330,T34,T06,11,12,20,-1,-1,2,00T34@0,03T06@1,17,-1,-1,-1,1
133,T34,OTHER,11,4,35,0,-1,-1,06T34@3,BUYER,0,11,-1,-1,4
325,T34,T23,11,5,53,2,-1,2,05T34@2,07T23@3,10,11,-1,-1,3
338,T22,T06,11,15,20,-1,-1,2,01T22@0,03T06@1,17,-1,-1,-1,1
247,OTHER,T34,11,4,10,0,-1,-1,SELLER,00T34@0,0,11,-1,-1,0
319,T22,T06,11,14,20,-1,-1,1,01T22@0,03T06@1,17,-1,-1,-1,1
313,T22,T06,11,14,20,-1,-1,1,01T22@0,02T06@1,17,-1,-1,-1,1
232,OTHER,T34,11,3,10,0,-1,-1,SELLER,00T34@0,0,11,-1,-1,0
46,OTHER,T22,11,3,10,0,-1,-1,SELLER,01T22@0,0,11,-1,-1,0
136,T23,OTHER,11,3,35,0,-1,-1,07T23@3,BUYER,0,11,-1,-1,4
78,T23,OTHER,11,4,35,0,-1,-1,07T23@3,BUYER,0,11,-1,-1,4
81,T23,OTHER,11,3,35,0,-1,-1,07T23@3,BUYER,0,11,-1,-1,4
86,OTHER,T34,11,6,10,0,-1,-1,SELLER,00T34@0,0,11,-1,-1,0
373,T22,T06,11,18,20,-1,-1,4,01T22@0,03T06@1,17,-1,-1,-1,1
374,T22,T06,11,18,20,-1,-1,4,01T22@0,02T06@1,17,-1,-1,-1,1
264,OTHER,T22,11,4,10,0,-1,-1,SELLER,01T22@0,0,11,-1,-1,0
427,T34,T06,12,15,19,-1,-1,7,00T34@0,03T06@1,17,-1,-1,-1,1
408,T22,T06,12,21,20,-1,-1,6,01T22@0,03T06@1,17,-1,-1,-1,1
171,OTHER,T34,12,2,10,0,-1,-1,SELLER,00T34@0,0,12,-1,-1,0
409,T22,T06,12,21,20,-1,-1,6,01T22@0,02T06@1,17,-1,-1,-1,1
258,T23,OTHER,12,1,35,0,-1,-1,07T23@3,BUYER,0,12,-1,-1,4
407,T22,T06,12,15,19,-1,-1,6,01T22@0,02T06@1,17,-1,-1,-1,1
424,T22,T06,12,11,19,-1,-1,7,01T22@0,02T06@1,17,-1,-1,-1,1
191,OTHER,T22,12,3,10,0,-1,-1,SELLER,01T22@0,0,12,-1,-1,0
185,T34,OTHER,12,1,35,0,-1,-1,06T34@3,BUYER,0,12,-1,-1,4
184,OTHER,T22,12,3,10,0,-1,-1,SELLER,01T22@0,0,12,-1,-1,0
428,T34,T06,12,15,19,-1,-1,7,00T34@0,02T06@1,16,-1,-1,-1,1
426,T22,T06,12,11,19,-1,-1,7,01T22@0,03T06@1,17,-1,-1,-1,1
283,T34,OTHER,12,5,35,-1,-1,-1,06T34@3,BUYER,0,-1,-1,-1,4
162,OTHER,T34,12,4,10,0,-1,-1,SELLER,00T34@0,0,12,-1,-1,0
161,T23,OTHER,12,5,35,0,-1,-1,07T23@3,BUYER,0,12,-1,-1,4
276,OTHER,T22,12,4,10,0,-1,-1,SELLER,01T22@0,0,12,-1,-1,0
343,T34,T23,12,3,48,3,-1,3,05T34@2,07T23@3,15,12,-1,-1,3
392,T22,T06,12,21,20,-1,-1,5,01T22@0,02T06@1,17,-1,-1,-1,1
147,T23,OTHER,12,4,35,0,-1,-1,07T23@3,BUYER,0,12,-1,-1,4
58,T34,OTHER,12,4,35,0,-1,-1,06T34@3,BUYER,0,12,-1,-1,4
83,OTHER,T34,12,4,10,0,-1,-1,SELLER,00T34@0,0,12,-1,-1,0
262,OTHER,T34,13,5,10,0,-1,-1,SELLER,00T34@0,0,13,-1,-1,0
293,T34,OTHER,13,5,35,-1,-1,-1,06T34@3,BUYER,0,-1,-1,-1,4
97,OTHER,T22,13,4,10,0,-1,-1,SELLER,01T22@0,0,13,-1,-1,0
440,T06,T06,13,1,27,-1,-1,8,02T06@1,04T06@2,17,-1,-1,-1,2
91,T23,OTHER,13,5,35,0,-1,-1,07T23@3,BUYER,0,13,-1,-1,4
90,T34,OTHER,13,5,35,0,-1,-1,06T34@3,BUYER,0,13,-1,-1,4
356,T22,T06,13,55,13,-1,-1,3,01T22@0,02T06@1,2,-1,-1,-1,1
180,T23,OTHER,13,1,35,0,-1,-1,07T23@3,BUYER,0,13,-1,-1,4
219,T34,OTHER,13,1,35,0,-1,-1,06T34@3,BUYER,0,13,-1,-1,4
62,T23,OTHER,13,3,35,0,-1,-1,07T23@3,BUYER,0,13,-1,-1,4
40,OTHER,T34,13,3,10,0,-1,-1,SELLER,00T34@0,0,13,-1,-1,0
29,OTHER,T34,13,1,10,0,-1,-1,SELLER,00T34@0,0,13,-1,-1,0
514,T22,T06,13,50,13,-1,-1,12,01T22@0,02T06@1,2,-1,-1,-1,1
2,OTHER,T22,13,3,10,0,-1,-1,SELLER,01T22@0,0,13,-1,-1,0
263,OTHER,T34,13,4,10,0,-1,-1,SELLER,00T34@0,0,13,-1,-1,0
370,T22,T06,14,11,20,-1,-1,4,01T22@0,02T06@1,17,-1,-1,-1,1
228,T23,OTHER,14,5,35,0,-1,-1,07T23@3,BUYER,0,14,-1,-1,4
38,OTHER,T22,14,2,10,0,-1,-1,SELLER,01T22@0,0,14,-1,-1,0
255,T23,OTHER,14,3,35,0,-1,-1,07T23@3,BUYER,0,14,-1,-1,4
275,OTHER,T22,14,1,10,0,-1,-1,SELLER,01T22@0,0,14,-1,-1,0
32,OTHER,T22,14,5,10,0,-1,-1,SELLER,01T22@0,0,14,-1,-1,0
375,T22,T06,14,11,20,-1,-1,4,01T22@0,03T06@1,17,-1,-1,-1,1
288,T34,OTHER,14,6,35,-1,-1,-1,06T34@3,BUYER,0,-1,-1,-1,4
421,T34,T23,14,3,54,7,-1,7,05T34@2,07T23@3,9,14,-1,-1,3
461,T34,T06,14,15,19,-1,-1,9,00T34@0,02T06@1,17,-1,-1,-1,1
270,OTHER,T22,14,4,10,0,-1,-1,SELLER,01T22@0,0,14,-1,-1,0
124,OTHER,T34,14,3,10,0,-1,-1,SELLER,00T34@0,0,14,-1,-1,0
110,T34,OTHER,14,2,35,0,-1,-1,06T34@3,BUYER,0,14,-1,-1,4
123,OTHER,T34,14,5,10,0,-1,-1,SELLER,00T34@0,0,14,-1,-1,0
153,T23,OTHER,14,1,35,0,-1,-1,07T23@3,BUYER,0,14,-1,-1,4
120,T23,OTHER,14,3,35,0,-1,-1,07T23@3,BUYER,0,14,-1,-1,4
391,T34,T06,14,12,18,-1,-1,5,00T34@0,03T06@1,17,-1,-1,-1,1
445,T22,T06,14,15,19,-1,-1,8,01T22@0,03T06@1,17,-1,-1,-1,1
459,T34,T06,14,15,19,-1,-1,9,00T34@0,03T06@1,17,-1,-1,-1,1
249,OTHER,T34,15,4,10,0,-1,-1,SELLER,00T34@0,0,15,-1,-1,0
26,T23,OTHER,15,3,35,0,-1,-1,07T23@3,BUYER,0,15,-1,-1,4
174,OTHER,T22,15,4,10,0,-1,-1,SELLER,01T22@0,0,15,-1,-1,0
398,T34,T23,15,4,52,6,-1,6,05T34@2,07T23@3,11,15,-1,-1,3
43,OTHER,T34,15,2,10,0,-1,-1,SELLER,00T34@0,0,15,-1,-1,0
51,T23,OTHER,15,3,35,0,-1,-1,07T23@3,BUYER,0,15,-1,-1,4
54,T23,OTHER,15,4,35,0,-1,-1,07T23@3,BUYER,0,15,-1,-1,4
410,T22,T06,15,15,20,-1,-1,6,01T22@0,03T06@1,17,-1,-1,-1,1
143,T34,OTHER,15,6,35,0,-1,-1,06T34@3,BUYER,0,15,-1,-1,4
390,T22,T06,15,59,13,-1,-1,5,01T22@0,02T06@1,2,-1,-1,-1,1
79,T34,OTHER,15,1,35,0,-1,-1,06T34@3,BUYER,0,15,-1,-1,4
188,T34,OTHER,15,3,35,0,-1,-1,06T34@3,BUYER,0,15,-1,-1,4
206,OTHER,T34,15,5,10,0,-1,-1,SELLER,00T34@0,0,15,-1,-1,0
573,T06,T06,15,1,27,-1,-1,15,02T06@1,04T06@2,17,-1,-1,-1,2
128,OTHER,T22,15,3,10,0,-1,-1,SELLER,01T22@0,0,15,-1,-1,0
69,OTHER,T22,15,2,10,0,-1,-1,SELLER,01T22@0,0,15,-1,-1,0
215,OTHER,T22,16,7,10,0,-1,-1,SELLER,01T22@0,0,16,-1,-1,0
589,T22,T06,16,116,13,-1,-1,16,01T22@0,02T06@1,2,-1,-1,-1,1
170,OTHER,T22,16,1,10,0,-1,-1,SELLER,01T22@0,0,16,-1,-1,0
498,T06,T06,16,1,27,-1,-1,11,02T06@1,04T06@2,17,-1,-1,-1,2
284,T34,OTHER,16,4,35,-1,-1,-1,06T34@3,BUYER,0,-1,-1,-1,4
536,T22,T06,16,14,19,-1,-1,13,01T22@0,02T06@1,17,-1,-1,-1,1
235,OTHER,T22,16,2,10,0,-1,-1,SELLER,01T22@0,0,16,-1,-1,0
151,T23,OTHER,16,2,35,0,-1,-1,07T23@3,BUYER,0,16,-1,-1,4
496,T34,T06,16,17,19,-1,-1,11,00T34@0,03T06@1,17,-1,-1,-1,1
495,T34,T06,16,17,19,-1,-1,11,00T34@0,02T06@1,17,-1,-1,-1,1
41,T34,OTHER,16,4,35,0,-1,-1,06T34@3,BUYER,0,16,-1,-1,4
139,T23,OTHER,16,2,35,0,-1,-1,07T23@3,BUYER,0,16,-1,-1,4
49,OTHER,T34,16,3,10,0,-1,-1,SELLER,00T34@0,0,16,-1,-1,0
493,T22,T06,16,17,19,-1,-1,11,01T22@0,03T06@1,17,-1,-1,-1,1
212,T23,OTHER,16,3,35,0,-1,-1,07T23@3,BUYER,0,16,-1,-1,4
596,T06,T06,16,1,27,-1,-1,16,02T06@1,04T06@2,17,-1,-1,-1,2
70,OTHER,T34,16,3,10,0,-1,-1,SELLER,00T34@0,0,16,-1,-1,0
63,T23,OTHER,16,5,35,0,-1,-1,07T23@3,BUYER,0,16,-1,-1,4
433,T34,T23,16,5,53,8,-1,8,05T34@2,07T23@3,9,16,-1,-1,3
93,OTHER,T34,16,4,10,0,-1,-1,SELLER,00T34@0,0,16,-1,-1,0
266,T23,OTHER,17,5,35,0,-1,-1,07T23@3,BUYER,0,17,-1,-1,4
291,T34,OTHER,17,5,35,-1,-1,-1,06T34@3,BUYER,0,-1,-1,-1,4
251,OTHER,T22,17,3,10,0,-1,-1,SELLER,01T22@0,0,17,-1,-1,0
186,OTHER,T22,17,5,10,0,-1,-1,SELLER,01T22@0,0,17,-1,-1,0
142,OTHER,T34,17,4,10,0,-1,-1,SELLER,00T34@0,0,17,-1,-1,0
179,OTHER,T22,17,3,10,0,-1,-1,SELLER,01T22@0,0,17,-1,-1,0
527,T34,T23,17,4,53,13,-1,13,05T34@2,07T23@3,11,17,-1,-1,3
609,T06,T06,17,1,27,-1,-1,17,02T06@1,04T06@2,17,-1,-1,-1,2
59,OTHER,T34,17,2,10,0,-1,-1,SELLER,00T34@0,0,17,-1,-1,0
441,T22,T06,17,15,20,-1,-1,8,01T22@0,02T06@1,17,-1,-1,-1,1
515,T06,T06,17,1,27,-1,-1,12,02T06@1,04T06@2,17,-1,-1,-1,2
205,T23,OTHER,17,1,35,0,-1,-1,07T23@3,BUYER,0,17,-1,-1,4
119,T34,OTHER,17,3,35,0,-1,-1,06T34@3,BUYER,0,17,-1,-1,4
27,T23,OTHER,17,3,35,0,-1,-1,07T23@3,BUYER,0,17,-1,-1,4
15,OTHER,T22,17,3,10,0,-1,-1,SELLER,01T22@0,0,17,-1,-1,0
30,T23,OTHER,17,3,35,0,-1,-1,07T23@3,BUYER,0,17,-1,-1,4
109,OTHER,T22,18,1,10,0,-1,-1,SELLER,01T22@0,0,18,-1,-1,0
240,OTHER,T22,18,4,10,0,-1,-1,SELLER,01T22@0,0,18,-1,-1,0
295,T34,OTHER,18,4,35,-1,-1,-1,06T34@3,BUYER,0,-1,-1,-1,4
100,T34,OTHER,18,2,35,0,-1,-1,06T34@3,BUYER,0,18,-1,-1,4
164,T23,OTHER,18,7,35,0,-1,-1,07T23@3,BUYER,0,18,-1,-1,4
534,T34,T06,18,15,19,-1,-1,13,00T34@0,03T06@1,17,-1,-1,-1,1
166,T34,OTHER,18,3,35,0,-1,-1,06T34@3,BUYER,0,18,-1,-1,4
533,T06,T06,18,1,27,-1,-1,13,02T06@1,04T06@2,17,-1,-1,-1,2
72,OTHER,T22,18,2,10,0,-1,-1,SELLER,01T22@0,0,18,-1,-1,0
532,T34,T06,18,15,19,-1,-1,13,00T34@0,02T06@1,17,-1,-1,-1,1
530,T22,T06,18,15,19,-1,-1,13,01T22@0,02T06@1,17,-1,-1,-1,1
244,T23,OTHER,18,1,35,0,-1,-1,07T23@3,BUYER,0,18,-1,-1,4
444,T22,T06,18,59,11,-1,-1,8,01T22@0,03T06@1,2,-1,-1,-1,1
261,OTHER,T34,18,4,10,0,-1,-1,SELLER,00T34@0,0,18,-1,-1,0
442,T22,T06,18,59,11,-1,-1,8,01T22@0,02T06@1,2,-1,-1,-1,1
19,T34,OTHER,18,3,35,0,-1,-1,06T34@3,BUYER,0,18,-1,-1,4
25,OTHER,T34,18,4,10,0,-1,-1,SELLER,00T34@0,0,18,-1,-1,0
176,OTHER,T22,18,5,10,0,-1,-1,SELLER,01T22@0,0,18,-1,-1,0
513,T22,T06,19,17,20,-1,-1,12,01T22@0,03T06@1,17,-1,-1,-1,1
18,OTHER,T34,19,1,10,0,-1,-1,SELLER,00T34@0,0,19,-1,-1,0
98,T23,OTHER,19,3,35,0,-1,-1,07T23@3,BUYER,0,19,-1,-1,4
294,T34,OTHER,19,6,35,-1,-1,-1,06T34@3,BUYER,0,-1,-1,-1,4
478,T22,T06,19,17,20,-1,-1,10,01T22@0,03T06@1,17,-1,-1,-1,1
477,T34,T06,19,11,20,-1,-1,10,00T34@0,03T06@1,17,-1,-1,-1,1
517,T22,T06,19,17,20,-1,-1,12,01T22@0,02T06@1,17,-1,-1,-1,1
246,OTHER,T22,19,3,10,0,-1,-1,SELLER,01T22@0,0,19,-1,-1,0
474,T34,T23,19,1,52,10,-1,10,05T34@2,07T23@3,12,19,-1,-1,3
193,T34,OTHER,19,1,35,0,-1,-1,06T34@3,BUYER,0,19,-1,-1,4
238,T23,OTHER,19,2,35,0,-1,-1,07T23@3,BUYER,0,19,-1,-1,4
237,OTHER,T22,19,4,10,0,-1,-1,SELLER,01T22@0,0,19,-1,-1,0
229,T34,OTHER,19,2,35,0,-1,-1,06T34@3,BUYER,0,19,-1,-1,4
218,OTHER,T22,19,3,10,0,-1,-1,SELLER,01T22@0,0,19,-1,-1,0
201,OTHER,T34,19,3,10,0,-1,-1,SELLER,00T34@0,0,19,-1,-1,0
199,T23,OTHER,19,6,35,0,-1,-1,07T23@3,BUYER,0,19,-1,-1,4
554,T06,T06,19,1,27,-1,-1,14,02T06@1,04T06@2,17,-1,-1,-1,2
460,T22,T06,19,11,20,-1,-1,9,01T22@0,03T06@1,17,-1,-1,-1,1
163,OTHER,T34,19,6,10,0,-1,-1,SELLER,00T34@0,0,19,-1,-1,0
464,T22,T06,19,11,20,-1,-1,9,01T22@0,02T06@1,17,-1,-1,-1,1
556,T22,T06,20,17,19,-1,-1,14,01T22@0,03T06@1,17,-1,-1,-1,1
34,T23,OTHER,20,7,35,0,-1,-1,07T23@3,BUYER,0,20,-1,-1,4
37,T23,OTHER,20,3,35,0,-1,-1,07T23@3,BUYER,0,20,-1,-1,4
221,OTHER,T34,20,3,10,0,-1,-1,SELLER,00T34@0,0,20,-1,-1,0
226,T34,OTHER,20,3,35,0,-1,-1,06T34@3,BUYER,0,20,-1,-1,4
61,OTHER,T22,20,3,10,0,-1,-1,SELLER,01T22@0,0,20,-1,-1,0
108,T23,OTHER,20,2,35,0,-1,-1,07T23@3,BUYER,0,20,-1,-1,4
31,OTHER,T22,20,4,10,0,-1,-1,SELLER,01T22@0,0,20,-1,-1,0
476,T22,T06,20,59,13,-1,-1,10,01T22@0,02T06@1,2,-1,-1,-1,1
4,OTHER,T34,20,6,10,0,-1,-1,SELLER,00T34@0,0,20,-1,-1,0
668,T06,T06,20,1,27,-1,-1,20,02T06@1,04T06@2,17,-1,-1,-1,2
165,OTHER,T22,20,4,10,0,-1,-1,SELLER,01T22@0,0,20,-1,-1,0
482,T34,T23,20,5,45,11,-1,11,05T34@2,07T23@3,15,20,-1,-1,3
155,T34,OTHER,20,3,35,0,-1,-1,06T34@3,BUYER,0,20,-1,-1,4
11,T23,OTHER,20,2,35,0,-1,-1,07T23@3,BUYER,0,20,-1,-1,4
628,T22,T06,21,15,19,-1,-1,18,01T22@0,03T06@1,17,-1,-1,-1,1
512,T34,T06,21,12,20,-1,-1,12,00T34@0,03T06@1,17,-1,-1,-1,1
694,T06,T06,21,1,27,-1,-1,21,02T06@1,04T06@2,17,-1,-1,-1,2
537,T22,T06,21,19,20,-1,-1,13,01T22@0,03T06@1,17,-1,-1,-1,1
494,T22,T06,21,14,20,-1,-1,11,01T22@0,02T06@1,17,-1,-1,-1,1
516,T22,T06,21,14,20,-1,-1,12,01T22@0,03T06@1,17,-1,-1,-1,1
570,T22,T06,21,15,20,-1,-1,15,01T22@0,02T06@1,17,-1,-1,-1,1
571,T22,T06,21,15,19,-1,-1,15,01T22@0,03T06@1,17,-1,-1,-1,1
538,T22,T06,21,19,20,-1,-1,13,01T22@0,02T06@1,17,-1,-1,-1,1
598,T34,T23,21,4,54,17,-1,17,05T34@2,07T23@3,10,21,-1,-1,3
595,T22,T06,21,15,20,-1,-1,16,01T22@0,02T06@1,17,-1,-1,-1,1
531,T22,T06,21,14,20,-1,-1,13,01T22@0,03T06@1,17,-1,-1,-1,1
593,T22,T06,21,15,19,-1,-1,16,01T22@0,02T06@1,17,-1,-1,-1,1
591,T34,T06,21,15,19,-1,-1,16,00T34@0,02T06@1,17,-1,-1,-1,1
612,T22,T06,21,15,19,-1,-1,17,01T22@0,03T06@1,17,-1,-1,-1,1
555,T22,T06,21,15,20,-1,-1,14,01T22@0,03T06@1,17,-1,-1,-1,1
505,T34,T23,21,1,52,12,-1,12,05T34@2,07T23@3,12,21,-1,-1,3
99,T23,OTHER,21,4,35,0,-1,-1,07T23@3,BUYER,0,21,-1,-1,4
289,T34,OTHER,21,5,35,-1,-1,-1,06T34@3,BUYER,0,-1,-1,-1,4
173,OTHER,T34,21,6,10,0,-1,-1,SELLER,00T34@0,0,21,-1,-1,0
175,T23,OTHER,21,3,35,0,-1,-1,07T23@3,BUYER,0,21,-1,-1,4
96,OTHER,T22,21,2,10,0,-1,-1,SELLER,01T22@0,0,21,-1,-1,0
178,T23,OTHER,21,4,35,0,-1,-1,07T23@3,BUYER,0,21,-1,-1,4
200,OTHER,T34,21,3,10,0,-1,-1,SELLER,00T34@0,0,21,-1,-1,0
68,OTHER,T22,21,2,10,0,-1,-1,SELLER,01T22@0,0,21,-1,-1,0
192,T34,OTHER,21,3,35,0,-1,-1,06T34@3,BUYER,0,21,-1,-1,4
216,OTHER,T34,21,2,10,0,-1,-1,SELLER,00T34@0,0,21,-1,-1,0
208,OTHER,T22,21,5,10,0,-1,-1,SELLER,01T22@0,0,21,-1,-1,0
35,T23,OTHER,21,1,35,0,-1,-1,07T23@3,BUYER,0,21,-1,-1,4
511,T22,T06,21,15,20,-1,-1,12,01T22@0,03T06@1,17,-1,-1,-1,1
45,OTHER,T34,22,2,10,0,-1,-1,SELLER,00T34@0,0,22,-1,-1,0
575,T22,T06,22,30,11,-1,-1,15,01T22@0,03T06@1,2,-1,-1,-1,1
633,T34,T06,22,14,19,-1,-1,18,00T34@0,03T06@1,17,-1,-1,-1,1
273,T23,OTHER,22,2,35,0,-1,-1,07T23@3,BUYER,0,22,-1,-1,4
203,T23,OTHER,22,2,35,0,-1,-1,07T23@3,BUYER,0,22,-1,-1,4
613,T34,T06,22,16,19,-1,-1,17,00T34@0,02T06@1,16,-1,-1,-1,1
167,OTHER,T22,22,5,10,0,-1,-1,SELLER,01T22@0,0,22,-1,-1,0
168,OTHER,T22,22,2,10,0,-1,-1,SELLER,01T22@0,0,22,-1,-1,0
248,OTHER,T22,22,3,10,0,-1,-1,SELLER,01T22@0,0,22,-1,-1,0
194,T23,OTHER,22,7,35,0,-1,-1,07T23@3,BUYER,0,22,-1,-1,4
594,T22,T06,22,16,19,-1,-1,16,01T22@0,03T06@1,17,-1,-1,-1,1
518,T22,T06,22,56,13,-1,-1,12,01T22@0,02T06@1,2,-1,-1,-1,1
107,T34,OTHER,22,4,35,0,-1,-1,06T34@3,BUYER,0,22,-1,-1,4
616,T34,T06,22,16,19,-1,-1,17,00T34@0,03T06@1,17,-1,-1,-1,1
282,T34,OTHER,22,3,35,-1,-1,-1,06T34@3,BUYER,0,-1,-1,-1,4
33,T34,OTHER,22,2,35,0,-1,-1,06T34@3,BUYER,0,22,-1,-1,4
608,T22,T06,22,14,19,-1,-1,17,01T22@0,02T06@1,17,-1,-1,-1,1
211,OTHER,T22,22,4,10,0,-1,-1,SELLER,01T22@0,0,22,-1,-1,0
0,OTHER,T34,22,4,10,0,-1,-1,SELLER,00T34@0,0,22,-1,-1,0
156,OTHER,T22,23,4,10,0,-1,-1,SELLER,01T22@0,0,23,-1,-1,0
729,T22,T06,23,187,13,-1,-1,23,01T22@0,03T06@1,2,-1,-1,-1,1
122,T34,OTHER,23,1,35,0,-1,-1,06T34@3,BUYER,0,23,-1,-1,4
574,T22,T06,23,17,20,-1,-1,15,01T22@0,02T06@1,17,-1,-1,-1,1
5,T23,OTHER,23,3,35,0,-1,-1,07T23@3,BUYER,0,23,-1,-1,4
631,T06,T06,23,1,27,-1,-1,18,02T06@1,04T06@2,17,-1,-1,-1,2
252,T23,OTHER,23,4,35,0,-1,-1,07T23@3,BUYER,0,23,-1,-1,4
74,T23,OTHER,23,4,35,0,-1,-1,07T23@3,BUYER,0,23,-1,-1,4
76,OTHER,T22,23,3,10,0,-1,-1,SELLER,01T22@0,0,23,-1,-1,0
80,T34,OTHER,23,3,35,0,-1,-1,06T34@3,BUYER,0,23,-1,-1,4
550,T34,T23,23,4,54,14,-1,14,05T34@2,07T23@3,9,23,-1,-1,3
277,OTHER,T22,23,2,10,0,-1,-1,SELLER,01T22@0,0,23,-1,-1,0
269,OTHER,T34,23,2,10,0,-1,-1,SELLER,00T34@0,0,23,-1,-1,0
553,T22,T06,23,40,13,-1,-1,14,01T22@0,02T06@1,2,-1,-1,-1,1
121,OTHER,T22,23,3,10,0,-1,-1,SELLER,01T22@0,0,23,-1,-1,0
726,T06,T06,23,1,27,-1,-1,23,02T06@1,04T06@2,17,-1,-1,-1,2
572,T22,T06,23,17,20,-1,-1,15,01T22@0,03T06@1,17,-1,-1,-1,1
290,T34,OTHER,23,5,35,-1,-1,-1,06T34@3,BUYER,0,-1,-1,-1,4
224,OTHER,T34,23,6,10,0,-1,-1,SELLER,00T34@0,0,23,-1,-1,0
202,T23,OTHER,24,4,35,0,-1,-1,07T23@3,BUYER,0,24,-1,-1,4
198,OTHER,T22,24,2,10,0,-1,-1,SELLER,01T22@0,0,24,-1,-1,0
634,T22,T06,24,15,20,-1,-1,18,01T22@0,02T06@1,17,-1,-1,-1,1
743,T06,T06,24,1,27,-1,-1,24,02T06@1,04T06@2,17,-1,-1,-1,2
652,T06,T06,24,1,27,-1,-1,19,02T06@1,04T06@2,17,-1,-1,-1,2
129,OTHER,T22,24,4,10,0,-1,-1,SELLER,01T22@0,0,24,-1,-1,0
562,T34,T23,24,4,52,15,-1,15,05T34@2,07T23@3,11,24,-1,-1,3
118,T23,OTHER,24,4,35,0,-1,-1,07T23@3,BUYER,0,24,-1,-1,4
115,T23,OTHER,24,4,35,0,-1,-1,07T23@3,BUYER,0,24,-1,-1,4
106,OTHER,T34,24,2,10,0,-1,-1,SELLER,00T34@0,0,24,-1,-1,0
259,T23,OTHER,24,3,35,0,-1,-1,07T23@3,BUYER,0,24,-1,-1,4
39,T34,OTHER,24,4,35,0,-1,-1,06T34@3,BUYER,0,24,-1,-1,4
23,T34,OTHER,24,1,35,0,-1,-1,06T34@3,BUYER,0,24,-1,-1,4
7,OTHER,T22,24,5,10,0,-1,-1,SELLER,01T22@0,0,24,-1,-1,0
197,OTHER,T34,24,5,10,0,-1,-1,SELLER,00T34@0,0,24,-1,-1,0
220,OTHER,T34,24,2,10,0,-1,-1,SELLER,00T34@0,0,24,-1,-1,0
236,T23,OTHER,25,5,35,0,-1,-1,07T23@3,BUYER,0,25,-1,-1,4
245,T23,OTHER,25,3,35,0,-1,-1,07T23@3,BUYER,0,25,-1,-1,4
592,T22,T06,25,16,20,-1,-1,16,01T22@0,02T06@1,17,-1,-1,-1,1
610,T22,T06,25,53,13,-1,-1,17,01T22@0,02T06@1,2,-1,-1,-1,1
158,T23,OTHER,25,1,35,0,-1,-1,07T23@3,BUYER,0,25,-1,-1,4
577,T34,T23,25,5,49,16,-1,16,05T34@2,07T23@3,14,25,-1,-1,3
146,OTHER,T34,25,5,10,0,-1,-1,SELLER,00T34@0,0,25,-1,-1,0
141,T34,OTHER,25,3,35,0,-1,-1,06T34@3,BUYER,0,25,-1,-1,4
138,OTHER,T34,25,3,10,0,-1,-1,SELLER,00T34@0,0,25,-1,-1,0
132,OTHER,T22,25,5,10,0,-1,-1,SELLER,01T22@0,0,25,-1,-1,0
116,T34,OTHER,25,4,35,0,-1,-1,06T34@3,BUYER,0,25,-1,-1,4
103,OTHER,T34,25,1,10,0,-1,-1,SELLER,00T34@0,0,25,-1,-1,0
65,OTHER,T22,25,3,10,0,-1,-1,SELLER,01T22@0,0,25,-1,-1,0
10,OTHER,T34,25,3,10,0,-1,-1,SELLER,00T34@0,0,25,-1,-1,0
614,T22,T06,25,53,13,-1,-1,17,01T22@0,02T06@1,2,-1,-1,-1,1
665,T34,T06,25,17,19,-1,-1,20,00T34@0,03T06@1,17,-1,-1,-1,1
651,T22,T06,25,19,19,-1,-1,19,01T22@0,02T06@1,17,-1,-1,-1,1
667,T34,T06,25,17,19,-1,-1,20,00T34@0,02T06@1,17,-1,-1,-1,1
759,T06,T06,25,1,27,-1,-1,25,02T06@1,04T06@2,17,-1,-1,-1,2
672,T22,T06,25,19,19,-1,-1,20,01T22@0,02T06@1,17,-1,-1,-1,1
292,T34,OTHER,25,4,35,-1,-1,-1,06T34@3,BUYER,0,-1,-1,-1,4
92,OTHER,T22,26,3,10,0,-1,-1,SELLER,01T22@0,0,26,-1,-1,0
780,T06,T06,26,1,27,-1,-1,26,02T06@1,04T06@2,17,-1,-1,-1,2
692,T22,T06,26,19,20,-1,-1,21,01T22@0,02T06@1,17,-1,-1,-1,1
287,T34,OTHER,26,2,35,-1,-1,-1,06T34@3,BUYER,0,-1,-1,-1,4
666,T22,T06,26,40,11,-1,-1,20,01T22@0,03T06@1,2,-1,-1,-1,1
286,T34,OTHER,26,1,35,-1,-1,-1,06T34@3,BUYER,0,-1,-1,-1,4
691,T34,T06,26,16,19,-1,-1,21,00T34@0,03T06@1,17,-1,-1,-1,1
135,OTHER,T22,26,4,10,0,-1,-1,SELLER,01T22@0,0,26,-1,-1,0
177,OTHER,T22,26,2,10,0,-1,-1,SELLER,01T22@0,0,26,-1,-1,0
210,T23,OTHER,26,3,35,0,-1,-1,07T23@3,BUYER,0,26,-1,-1,4
689,T22,T06,26,19,20,-1,-1,21,01T22@0,03T06@1,17,-1,-1,-1,1
688,T22,T06,26,13,19,-1,-1,21,01T22@0,02T06@1,17,-1,-1,-1,1
126,OTHER,T34,26,4,10,0,-1,-1,SELLER,00T34@0,0,26,-1,-1,0
144,OTHER,T34,26,3,10,0,-1,-1,SELLER,00T34@0,0,26,-1,-1,0
50,OTHER,T22,26,4,10,0,-1,-1,SELLER,01T22@0,0,26,-1,-1,0
684,T34,T06,26,16,19,-1,-1,21,00T34@0,02T06@1,16,-1,-1,-1,1
55,T23,OTHER,26,4,35,0,-1,-1,07T23@3,BUYER,0,26,-1,-1,4
635,T22,T06,26,19,20,-1,-1,18,01T22@0,02T06@1,17,-1,-1,-1,1
102,T34,OTHER,26,6,35,0,-1,-1,06T34@3,BUYER,0,26,-1,-1,4
649,T22,T06,26,40,11,-1,-1,19,01T22@0,02T06@1,2,-1,-1,-1,1
57,T23,OTHER,26,4,35,0,-1,-1,07T23@3,BUYER,0,26,-1,-1,4
588,T22,T06,26,55,11,-1,-1,16,01T22@0,03T06@1,2,-1,-1,-1,1
303,OTHER,T34,27,1,10,1,-1,-1,SELLER,00T34@0,0,27,-1,-1,0
301,T34,OTHER,27,4,35,1,-1,-1,06T34@3,BUYER,0,27,-1,-1,4
305,OTHER,T22,27,6,10,1,-1,-1,SELLER,01T22@0,0,27,-1,-1,0
304,OTHER,T34,27,4,10,1,-1,-1,SELLER,00T34@0,0,27,-1,-1,0
801,T06,T06,27,1,27,-1,-1,27,02T06@1,04T06@2,17,-1,-1,-1,2
306,OTHER,T34,27,4,10,1,-1,-1,SELLER,00T34@0,0,27,-1,-1,0
307,T23,OTHER,27,4,35,1,-1,-1,07T23@3,BUYER,0,27,-1,-1,4
314,T34,OTHER,27,4,35,-1,-1,-1,06T34@3,BUYER,0,-1,-1,-1,4
318,T34,OTHER,27,2,35,-1,-1,-1,06T34@3,BUYER,0,-1,-1,-1,4
778,T22,T06,27,50,13,-1,-1,26,01T22@0,03T06@1,2,-1,-1,-1,1
299,T23,OTHER,27,3,35,1,-1,-1,07T23@3,BUYER,0,27,-1,-1,4
767,T34,T23,27,4,46,26,-1,26,05T34@2,07T23@3,15,27,-1,-1,3
297,T23,OTHER,27,3,35,1,-1,-1,07T23@3,BUYER,0,27,-1,-1,4
296,OTHER,T22,27,3,10,1,-1,-1,SELLER,01T22@0,0,27,-1,-1,0
298,OTHER,T22,27,2,10,1,-1,-1,SELLER,01T22@0,0,27,-1,-1,0
708,T06,T06,27,1,27,-1,-1,22,02T06@1,04T06@2,17,-1,-1,-1,2
627,T34,T06,27,12,20,-1,-1,18,00T34@0,02T06@1,17,-1,-1,-1,1
615,T22,T06,27,14,20,-1,-1,17,01T22@0,03T06@1,17,-1,-1,-1,1
620,T34,T23,27,4,52,18,-1,18,05T34@2,07T23@3,12,27,-1,-1,3
329,T23,OTHER,28,4,35,2,-1,-1,07T23@3,BUYER,0,28,-1,-1,4
650,T22,T06,28,17,20,-1,-1,19,01T22@0,02T06@1,17,-1,-1,-1,1
320,OTHER,T34,28,5,10,2,-1,-1,SELLER,00T34@0,0,28,-1,-1,0
321,OTHER,T22,28,3,10,2,-1,-1,SELLER,01T22@0,0,28,-1,-1,0
328,T23,OTHER,28,3,35,2,-1,-1,07T23@3,BUYER,0,28,-1,-1,4
686,T22,T06,28,17,20,-1,-1,21,01T22@0,02T06@1,17,-1,-1,-1,1
669,T22,T06,28,17,20,-1,-1,20,01T22@0,02T06@1,17,-1,-1,-1,1
337,T34,OTHER,28,6,35,-1,-1,-1,06T34@3,BUYER,0,-1,-1,-1,4
322,OTHER,T34,28,3,10,2,-1,-1,SELLER,00T34@0,0,28,-1,-1,0
792,T34,T23,28,4,54,27,-1,27,05T34@2,07T23@3,9,28,-1,-1,3
693,T22,T06,28,17,20,-1,-1,21,01T22@0,03T06@1,17,-1,-1,-1,1
335,T34,OTHER,28,3,35,-1,-1,-1,06T34@3,BUYER,0,-1,-1,-1,4
323,T23,OTHER,28,2,35,2,-1,-1,07T23@3,BUYER,0,28,-1,-1,4
333,T34,OTHER,28,2,35,-1,-1,-1,06T34@3,BUYER,0,-1,-1,-1,4
324,OTHER,T34,28,3,10,2,-1,-1,SELLER,00T34@0,0,28,-1,-1,0
326,OTHER,T22,28,3,10,2,-1,-1,SELLER,01T22@0,0,28,-1,-1,0
327,OTHER,T34,28,3,10,2,-1,-1,SELLER,00T34@0,0,28,-1,-1,0
755,T34,T23,28,2,50,25,-1,25,05T34@2,07T23@3,15,28,-1,-1,3
644,T34,T23,28,5,53,19,-1,19,05T34@2,07T23@3,10,28,-1,-1,3
660,T34,T23,29,5,53,20,-1,20,05T34@2,07T23@3,10,29,-1,-1,3
339,OTHER,T22,29,1,10,3,-1,-1,SELLER,01T22@0,0,29,-1,-1,0
340,T23,OTHER,29,3,35,3,-1,-1,07T23@3,BUYER,0,29,-1,-1,4
341,OTHER,T22,29,4,10,3,-1,-1,SELLER,01T22@0,0,29,-1,-1,0
342,T34,OTHER,29,1,35,3,-1,-1,06T34@3,BUYER,0,29,-1,-1,4
344,OTHER,T34,29,1,10,3,-1,-1,SELLER,00T34@0,0,29,-1,-1,0
744,T34,T06,29,16,19,-1,-1,24,00T34@0,03T06@1,16,-1,-1,-1,1
346,T23,OTHER,29,4,35,3,-1,-1,07T23@3,BUYER,0,29,-1,-1,4
741,T34,T06,29,16,19,-1,-1,24,00T34@0,02T06@1,17,-1,-1,-1,1
728,T34,T06,29,18,19,-1,-1,23,00T34@0,02T06@1,17,-1,-1,-1,1
762,T22,T06,29,11,19,-1,-1,25,01T22@0,02T06@1,17,-1,-1,-1,1
716,T34,T23,29,4,52,23,-1,23,05T34@2,07T23@3,12,29,-1,-1,3
808,T34,T23,29,1,50,28,-1,28,05T34@2,07T23@3,14,29,-1,-1,3
817,T22,T06,29,11,19,-1,-1,28,01T22@0,02T06@1,17,-1,-1,-1,1
345,T23,OTHER,29,4,35,3,-1,-1,07T23@3,BUYER,0,29,-1,-1,4
837,T22,T06,29,138,13,-1,-1,29,01T22@0,03T06@1,2,-1,-1,-1,1
685,T22,T06,29,16,20,-1,-1,21,01T22@0,02T06@1,17,-1,-1,-1,1
353,T34,OTHER,29,5,35,-1,-1,-1,06T34@3,BUYER,0,-1,-1,-1,4
351,T34,OTHER,29,3,35,-1,-1,-1,06T34@3,BUYER,0,-1,-1,-1,4
670,T22,T06,29,16,20,-1,-1,20,01T22@0,03T06@1,17,-1,-1,-1,1
348,OTHER,T34,29,7,10,3,-1,-1,SELLER,00T34@0,0,29,-1,-1,0
347,OTHER,T22,29,5,10,3,-1,-1,SELLER,01T22@0,0,29,-1,-1,0
687,T22,T06,29,16,20,-1,-1,21,01T22@0,03T06@1,17,-1,-1,-1,1
349,OTHER,T34,29,2,10,3,-1,-1,SELLER,00T34@0,0,29,-1,-1,0
679,T34,T23,30,1,37,21,-1,21,05T34@2,07T23@3,18,30,-1,-1,3
707,T22,T06,30,18,20,-1,-1,22,01T22@0,02T06@1,17,-1,-1,-1,1
710,T22,T06,30,18,20,-1,-1,22,01T22@0,03T06@1,17,-1,-1,-1,1
852,T06,T06,30,1,27,-1,-1,30,02T06@1,04T06@2,17,-1,-1,-1,2
361,T23,OTHER,30,2,35,4,-1,-1,07T23@3,BUYER,0,30,-1,-1,4
364,OTHER,T34,30,5,10,4,-1,-1,SELLER,00T34@0,0,30,-1,-1,0
360,T23,OTHER,30,2,35,4,-1,-1,07T23@3,BUYER,0,30,-1,-1,4
359,OTHER,T22,30,3,10,4,-1,-1,SELLER,01T22@0,0,30,-1,-1,0
365,T23,OTHER,30,3,35,4,-1,-1,07T23@3,BUYER,0,30,-1,-1,4
358,OTHER,T22,30,4,10,4,-1,-1,SELLER,01T22@0,0,30,-1,-1,0
362,OTHER,T34,30,2,10,4,-1,-1,SELLER,00T34@0,0,30,-1,-1,0
366,T23,OTHER,30,5,35,4,-1,-1,07T23@3,BUYER,0,30,-1,-1,4
369,T34,OTHER,30,5,35,-1,-1,-1,06T34@3,BUYER,0,-1,-1,-1,4
371,T34,OTHER,30,3,35,-1,-1,-1,06T34@3,BUYER,0,-1,-1,-1,4
357,OTHER,T22,30,3,10,4,-1,-1,SELLER,01T22@0,0,30,-1,-1,0
367,OTHER,T34,30,3,10,4,-1,-1,SELLER,00T34@0,0,30,-1,-1,0
760,T22,T06,31,15,19,-1,-1,25,01T22@0,02T06@1,17,-1,-1,-1,1
381,T34,OTHER,31,5,35,5,-1,-1,06T34@3,BUYER,0,31,-1,-1,4
711,T34,T06,31,12,20,-1,-1,22,00T34@0,03T06@1,17,-1,-1,-1,1
383,OTHER,T22,31,2,10,5,-1,-1,SELLER,01T22@0,0,31,-1,-1,0
376,T23,OTHER,31,1,35,5,-1,-1,07T23@3,BUYER,0,31,-1,-1,4
380,OTHER,T34,31,2,10,5,-1,-1,SELLER,00T34@0,0,31,-1,-1,0
384,OTHER,T34,31,6,10,5,-1,-1,SELLER,00T34@0,0,31,-1,-1,0
377,OTHER,T22,31,2,10,5,-1,-1,SELLER,01T22@0,0,31,-1,-1,0
385,T23,OTHER,31,2,35,5,-1,-1,07T23@3,BUYER,0,31,-1,-1,4
781,T34,T06,31,15,19,-1,-1,26,00T34@0,03T06@1,17,-1,-1,-1,1
378,T34,OTHER,31,1,35,5,-1,-1,06T34@3,BUYER,0,31,-1,-1,4
379,OTHER,T22,31,5,10,5,-1,-1,SELLER,01T22@0,0,31,-1,-1,0
695,T22,T06,31,13,20,-1,-1,21,01T22@0,03T06@1,17,-1,-1,-1,1
386,T23,OTHER,31,7,35,5,-1,-1,07T23@3,BUYER,0,31,-1,-1,4
387,OTHER,T22,31,3,10,5,-1,-1,SELLER,01T22@0,0,31,-1,-1,0
388,T34,OTHER,31,4,35,5,-1,-1,06T34@3,BUYER,0,31,-1,-1,4
700,T34,T23,31,4,52,22,-1,22,05T34@2,07T23@3,12,31,-1,-1,3
875,T06,T06,31,1,27,-1,-1,31,02T06@1,04T06@2,17,-1,-1,-1,2
405,T23,OTHER,32,1,35,6,-1,-1,07T23@3,BUYER,0,32,-1,-1,4
404,T23,OTHER,32,4,35,6,-1,-1,07T23@3,BUYER,0,32,-1,-1,4
403,T34,OTHER,32,3,35,6,-1,-1,06T34@3,BUYER,0,32,-1,-1,4
401,OTHER,T34,32,4,10,6,-1,-1,SELLER,00T34@0,0,32,-1,-1,0
400,OTHER,T22,32,5,10,6,-1,-1,SELLER,01T22@0,0,32,-1,-1,0
396,OTHER,T34,32,4,10,6,-1,-1,SELLER,00T34@0,0,32,-1,-1,0
397,OTHER,T22,32,1,10,6,-1,-1,SELLER,01T22@0,0,32,-1,-1,0
395,T34,OTHER,32,3,35,6,-1,-1,06T34@3,BUYER,0,32,-1,-1,4
394,OTHER,T22,32,2,10,6,-1,-1,SELLER,01T22@0,0,32,-1,-1,0
393,T34,OTHER,32,5,35,6,-1,-1,06T34@3,BUYER,0,32,-1,-1,4
706,T22,T06,32,57,13,-1,-1,22,01T22@0,02T06@1,2,-1,-1,-1,1
399,T23,OTHER,32,4,35,6,-1,-1,07T23@3,BUYER,0,32,-1,-1,4
402,OTHER,T22,32,4,10,6,-1,-1,SELLER,01T22@0,0,32,-1,-1,0
723,T22,T06,32,16,20,-1,-1,23,01T22@0,02T06@1,17,-1,-1,-1,1
891,T06,T06,32,1,27,-1,-1,32,02T06@1,04T06@2,17,-1,-1,-1,2
730,T22,T06,32,16,20,-1,-1,23,01T22@0,03T06@1,17,-1,-1,-1,1
777,T22,T06,32,15,19,-1,-1,26,01T22@0,03T06@1,17,-1,-1,-1,1
796,T34,T06,32,15,19,-1,-1,27,00T34@0,03T06@1,17,-1,-1,-1,1
413,T23,OTHER,33,3,35,7,-1,-1,07T23@3,BUYER,0,33,-1,-1,4
412,OTHER,T22,33,2,10,7,-1,-1,SELLER,01T22@0,0,33,-1,-1,0
411,T23,OTHER,33,4,35,7,-1,-1,07T23@3,BUYER,0,33,-1,-1,4
416,T34,OTHER,33,5,35,7,-1,-1,06T34@3,BUYER,0,33,-1,-1,4
417,OTHER,T34,33,2,10,7,-1,-1,SELLER,00T34@0,0,33,-1,-1,0
418,OTHER,T22,33,6,10,7,-1,-1,SELLER,01T22@0,0,33,-1,-1,0
419,T23,OTHER,33,3,35,7,-1,-1,07T23@3,BUYER,0,33,-1,-1,4
420,OTHER,T34,33,3,10,7,-1,-1,SELLER,00T34@0,0,33,-1,-1,0
422,OTHER,T22,33,3,10,7,-1,-1,SELLER,01T22@0,0,33,-1,-1,0
423,T23,OTHER,33,2,35,7,-1,-1,07T23@3,BUYER,0,33,-1,-1,4
818,T34,T06,33,17,19,-1,-1,28,00T34@0,03T06@1,16,-1,-1,-1,1
816,T06,T06,33,1,27,-1,-1,28,02T06@1,04T06@2,17,-1,-1,-1,2
731,T34,T23,33,1,54,24,-1,24,05T34@2,07T23@3,11,33,-1,-1,3
802,T22,T06,33,17,19,-1,-1,27,01T22@0,03T06@1,17,-1,-1,-1,1
913,T22,T06,33,130,13,-1,-1,33,01T22@0,02T06@1,2,-1,-1,-1,1
725,T22,T06,33,52,11,-1,-1,23,01T22@0,03T06@1,2,-1,-1,-1,1
414,OTHER,T34,33,4,10,7,-1,-1,SELLER,00T34@0,0,33,-1,-1,0
415,T34,OTHER,33,3,35,7,-1,-1,06T34@3,BUYER,0,33,-1,-1,4
429,OTHER,T34,34,4,10,8,-1,-1,SELLER,00T34@0,0,34,-1,-1,0
430,T34,OTHER,34,2,35,8,-1,-1,06T34@3,BUYER,0,34,-1,-1,4
431,OTHER,T34,34,2,10,8,-1,-1,SELLER,00T34@0,0,34,-1,-1,0
432,OTHER,T34,34,4,10,8,-1,-1,SELLER,00T34@0,0,34,-1,-1,0
434,OTHER,T34,34,3,10,8,-1,-1,SELLER,00T34@0,0,34,-1,-1,0
435,T23,OTHER,34,4,35,8,-1,-1,07T23@3,BUYER,0,34,-1,-1,4
436,T23,OTHER,34,4,35,8,-1,-1,07T23@3,BUYER,0,34,-1,-1,4
437,OTHER,T22,34,4,10,8,-1,-1,SELLER,01T22@0,0,34,-1,-1,0
438,T23,OTHER,34,2,35,8,-1,-1,07T23@3,BUYER,0,34,-1,-1,4
439,OTHER,T22,34,3,10,8,-1,-1,SELLER,01T22@0,0,34,-1,-1,0
446,T34,OTHER,34,4,35,-1,-1,-1,06T34@3,BUYER,0,-1,-1,-1,4
834,T06,T06,34,1,27,-1,-1,29,02T06@1,04T06@2,17,-1,-1,-1,2
742,T22,T06,34,11,20,-1,-1,24,01T22@0,03T06@1,17,-1,-1,-1,1
443,T34,OTHER,34,4,35,-1,-1,-1,06T34@3,BUYER,0,-1,-1,-1,4
761,T34,T06,34,11,20,-1,-1,25,00T34@0,02T06@1,17,-1,-1,-1,1
763,T22,T06,34,15,20,-1,-1,25,01T22@0,03T06@1,17,-1,-1,-1,1
764,T34,T06,34,11,20,-1,-1,25,00T34@0,03T06@1,17,-1,-1,-1,1
779,T22,T06,34,11,20,-1,-1,26,01T22@0,02T06@1,17,-1,-1,-1,1
933,T06,T06,34,1,27,-1,-1,34,02T06@1,04T06@2,17,-1,-1,-1,2
819,T22,T06,34,17,19,-1,-1,28,01T22@0,03T06@1,17,-1,-1,-1,1
798,T22,T06,34,11,20,-1,-1,27,01T22@0,02T06@1,17,-1,-1,-1,1
851,T22,T06,35,11,19,-1,-1,30,01T22@0,03T06@1,17,-1,-1,-1,1
776,T22,T06,35,15,20,-1,-1,26,01T22@0,02T06@1,17,-1,-1,-1,1
871,T22,T06,35,16,19,-1,-1,31,01T22@0,03T06@1,17,-1,-1,-1,1
857,T22,T06,35,11,19,-1,-1,30,01T22@0,02T06@1,17,-1,-1,-1,1
855,T34,T06,35,16,19,-1,-1,30,00T34@0,03T06@1,17,-1,-1,-1,1
854,T34,T06,35,16,19,-1,-1,30,00T34@0,02T06@1,17,-1,-1,-1,1
839,T22,T06,35,16,19,-1,-1,29,01T22@0,02T06@1,17,-1,-1,-1,1
853,T22,T06,35,16,19,-1,-1,30,01T22@0,03T06@1,17,-1,-1,-1,1
847,T34,T23,35,5,49,30,-1,30,05T34@2,07T23@3,15,35,-1,-1,3
457,T23,OTHER,35,3,35,9,-1,-1,07T23@3,BUYER,0,35,-1,-1,4
455,OTHER,T22,35,1,10,9,-1,-1,SELLER,01T22@0,0,35,-1,-1,0
458,T23,OTHER,35,4,35,9,-1,-1,07T23@3,BUYER,0,35,-1,-1,4
453,OTHER,T34,35,4,10,9,-1,-1,SELLER,00T34@0,0,35,-1,-1,0
451,T23,OTHER,35,2,35,9,-1,-1,07T23@3,BUYER,0,35,-1,-1,4
450,OTHER,T22,35,4,10,9,-1,-1,SELLER,01T22@0,0,35,-1,-1,0
449,T34,OTHER,35,3,35,9,-1,-1,06T34@3,BUYER,0,35,-1,-1,4
448,OTHER,T22,35,4,10,9,-1,-1,SELLER,01T22@0,0,35,-1,-1,0
452,OTHER,T22,35,2,10,9,-1,-1,SELLER,01T22@0,0,35,-1,-1,0
456,T23,OTHER,35,3,35,9,-1,-1,07T23@3,BUYER,0,35,-1,-1,4
463,T34,OTHER,35,5,35,-1,-1,-1,06T34@3,BUYER,0,-1,-1,-1,4
447,OTHER,T22,35,5,10,9,-1,-1,SELLER,01T22@0,0,35,-1,-1,0
783,T22,T06,36,55,13,-1,-1,26,01T22@0,02T06@1,2,-1,-1,-1,1
468,T23,OTHER,36,2,35,10,-1,-1,07T23@3,BUYER,0,36,-1,-1,4
469,T23,OTHER,36,3,35,10,-1,-1,07T23@3,BUYER,0,36,-1,-1,4
467,T34,OTHER,36,3,35,10,-1,-1,06T34@3,BUYER,0,36,-1,-1,4
466,OTHER,T22,36,6,10,10,-1,-1,SELLER,01T22@0,0,36,-1,-1,0
797,T22,T06,36,17,20,-1,-1,27,01T22@0,02T06@1,17,-1,-1,-1,1
480,T34,OTHER,36,4,35,-1,-1,-1,06T34@3,BUYER,0,-1,-1,-1,4
479,T34,OTHER,36,4,35,-1,-1,-1,06T34@3,BUYER,0,-1,-1,-1,4
471,OTHER,T22,36,5,10,10,-1,-1,SELLER,01T22@0,0,36,-1,-1,0
869,T34,T23,36,4,54,31,-1,31,05T34@2,07T23@3,8,36,-1,-1,3
465,OTHER,T34,36,1,10,10,-1,-1,SELLER,00T34@0,0,36,-1,-1,0
968,T22,T06,36,133,13,-1,-1,36,01T22@0,02T06@1,2,-1,-1,-1,1
473,T23,OTHER,36,4,35,10,-1,-1,07T23@3,BUYER,0,36,-1,-1,4
472,OTHER,T34,36,6,10,10,-1,-1,SELLER,00T34@0,0,36,-1,-1,0
470,OTHER,T22,36,2,10,10,-1,-1,SELLER,01T22@0,0,36,-1,-1,0
491,OTHER,T22,37,3,10,11,-1,-1,SELLER,01T22@0,0,37,-1,-1,0
489,T23,OTHER,37,4,35,11,-1,-1,07T23@3,BUYER,0,37,-1,-1,4
814,T22,T06,37,17,20,-1,-1,28,01T22@0,02T06@1,17,-1,-1,-1,1
490,OTHER,T22,37,4,10,11,-1,-1,SELLER,01T22@0,0,37,-1,-1,0
486,OTHER,T22,37,3,10,11,-1,-1,SELLER,01T22@0,0,37,-1,-1,0
497,T34,OTHER,37,6,35,-1,-1,-1,06T34@3,BUYER,0,-1,-1,-1,4
488,OTHER,T34,37,4,10,11,-1,-1,SELLER,00T34@0,0,37,-1,-1,0
487,T23,OTHER,37,3,35,11,-1,-1,07T23@3,BUYER,0,37,-1,-1,4
485,T23,OTHER,37,3,35,11,-1,-1,07T23@3,BUYER,0,37,-1,-1,4
484,T23,OTHER,37,2,35,11,-1,-1,07T23@3,BUYER,0,37,-1,-1,4
483,OTHER,T34,37,5,10,11,-1,-1,SELLER,00T34@0,0,37,-1,-1,0
481,T34,OTHER,37,2,35,11,-1,-1,06T34@3,BUYER,0,37,-1,-1,4
995,T06,T06,37,1,27,-1,-1,37,02T06@1,04T06@2,17,-1,-1,-1,2
492,OTHER,T34,37,1,10,11,-1,-1,SELLER,00T34@0,0,37,-1,-1,0
800,T22,T06,37,55,13,-1,-1,27,01T22@0,02T06@1,2,-1,-1,-1,1
503,OTHER,T34,38,4,10,12,-1,-1,SELLER,00T34@0,0,38,-1,-1,0
504,OTHER,T22,38,8,10,12,-1,-1,SELLER,01T22@0,0,38,-1,-1,0
910,T22,T06,38,16,20,-1,-1,33,01T22@0,02T06@1,17,-1,-1,-1,1
908,T22,T06,38,16,20,-1,-1,33,01T22@0,03T06@1,17,-1,-1,-1,1
916,T22,T06,38,21,20,-1,-1,33,01T22@0,03T06@1,17,-1,-1,-1,1
893,T22,T06,38,16,20,-1,-1,32,01T22@0,02T06@1,17,-1,-1,-1,1
508,T23,OTHER,38,3,35,12,-1,-1,07T23@3,BUYER,0,38,-1,-1,4
507,OTHER,T22,38,3,10,12,-1,-1,SELLER,01T22@0,0,38,-1,-1,0
506,T34,OTHER,38,3,35,12,-1,-1,06T34@3,BUYER,0,38,-1,-1,4
510,T23,OTHER,38,1,35,12,-1,-1,07T23@3,BUYER,0,38,-1,-1,4
502,T23,OTHER,38,5,35,12,-1,-1,07T23@3,BUYER,0,38,-1,-1,4
890,T22,T06,38,21,20,-1,-1,32,01T22@0,03T06@1,17,-1,-1,-1,1
820,T22,T06,38,53,13,-1,-1,28,01T22@0,02T06@1,2,-1,-1,-1,1
823,T34,T23,38,1,52,29,-1,29,05T34@2,07T23@3,13,38,-1,-1,3
501,T34,OTHER,38,5,35,12,-1,-1,06T34@3,BUYER,0,38,-1,-1,4
509,OTHER,T34,38,3,10,12,-1,-1,SELLER,00T34@0,0,38,-1,-1,0
907,T06,T06,38,1,27,-1,-1,33,02T06@1,04T06@2,17,-1,-1,-1,2
500,T34,OTHER,38,3,35,12,-1,-1,06T34@3,BUYER,0,38,-1,-1,4
874,T22,T06,38,21,20,-1,-1,31,01T22@0,02T06@1,17,-1,-1,-1,1
499,OTHER,T22,38,2,10,12,-1,-1,SELLER,01T22@0,0,38,-1,-1,0
935,T34,T06,39,15,19,-1,-1,34,00T34@0,03T06@1,16,-1,-1,-1,1
535,T34,OTHER,39,1,35,-1,-1,-1,06T34@3,BUYER,0,-1,-1,-1,4
1035,T22,T06,39,113,13,-1,-1,39,01T22@0,02T06@1,2,-1,-1,-1,1
528,T23,OTHER,39,6,35,13,-1,-1,07T23@3,BUYER,0,39,-1,-1,4
833,T22,T06,39,53,11,-1,-1,29,01T22@0,03T06@1,2,-1,-1,-1,1
526,T23,OTHER,39,2,35,13,-1,-1,07T23@3,BUYER,0,39,-1,-1,4
889,T22,T06,39,18,19,-1,-1,32,01T22@0,02T06@1,17,-1,-1,-1,1
522,OTHER,T22,39,5,10,13,-1,-1,SELLER,01T22@0,0,39,-1,-1,0
523,T34,OTHER,39,5,35,13,-1,-1,06T34@3,BUYER,0,39,-1,-1,4
519,OTHER,T34,39,1,10,13,-1,-1,SELLER,00T34@0,0,39,-1,-1,0
539,T34,OTHER,39,4,35,-1,-1,-1,06T34@3,BUYER,0,-1,-1,-1,4
912,T34,T06,39,18,19,-1,-1,33,00T34@0,03T06@1,17,-1,-1,-1,1
529,OTHER,T22,39,2,10,13,-1,-1,SELLER,01T22@0,0,39,-1,-1,0
520,T34,OTHER,39,2,35,13,-1,-1,06T34@3,BUYER,0,39,-1,-1,4
525,OTHER,T22,39,2,10,13,-1,-1,SELLER,01T22@0,0,39,-1,-1,0
521,OTHER,T34,39,7,10,13,-1,-1,SELLER,00T34@0,0,39,-1,-1,0
524,OTHER,T34,39,3,10,13,-1,-1,SELLER,00T34@0,0,39,-1,-1,0
838,T22,T06,39,53,11,-1,-1,29,01T22@0,02T06@1,2,-1,-1,-1,1
909,T22,T06,39,21,19,-1,-1,33,01T22@0,02T06@1,17,-1,-1,-1,1
967,T22,T06,40,18,20,-1,-1,36,01T22@0,03T06@1,17,-1,-1,-1,1
948,T06,T06,40,1,27,-1,-1,35,02T06@1,04T06@2,17,-1,-1,-1,2
951,T22,T06,40,18,20,-1,-1,35,01T22@0,03T06@1,17,-1,-1,-1,1
930,T22,T06,40,18,20,-1,-1,34,01T22@0,02T06@1,17,-1,-1,-1,1
552,T23,OTHER,40,2,35,14,-1,-1,07T23@3,BUYER,0,40,-1,-1,4
542,T23,OTHER,40,5,35,14,-1,-1,07T23@3,BUYER,0,40,-1,-1,4
543,T34,OTHER,40,4,35,14,-1,-1,06T34@3,BUYER,0,40,-1,-1,4
544,OTHER,T34,40,4,10,14,-1,-1,SELLER,00T34@0,0,40,-1,-1,0
545,OTHER,T34,40,3,10,14,-1,-1,SELLER,00T34@0,0,40,-1,-1,0
541,OTHER,T34,40,2,10,14,-1,-1,SELLER,00T34@0,0,40,-1,-1,0
1011,T22,T06,40,14,19,-1,-1,38,01T22@0,03T06@1,17,-1,-1,-1,1
1030,T22,T06,40,14,19,-1,-1,39,01T22@0,02T06@1,17,-1,-1,-1,1
540,OTHER,T22,40,5,10,14,-1,-1,SELLER,01T22@0,0,40,-1,-1,0
971,T22,T06,40,18,20,-1,-1,36,01T22@0,02T06@1,17,-1,-1,-1,1
546,OTHER,T22,40,3,10,14,-1,-1,SELLER,01T22@0,0,40,-1,-1,0
547,T23,OTHER,40,2,35,14,-1,-1,07T23@3,BUYER,0,40,-1,-1,4
548,OTHER,T34,40,3,10,14,-1,-1,SELLER,00T34@0,0,40,-1,-1,0
549,T34,OTHER,40,2,35,14,-1,-1,06T34@3,BUYER,0,40,-1,-1,4
873,T34,T06,40,11,20,-1,-1,31,00T34@0,03T06@1,17,-1,-1,-1,1
551,T23,OTHER,40,5,35,14,-1,-1,07T23@3,BUYER,0,40,-1,-1,4
915,T22,T06,40,18,20,-1,-1,33,01T22@0,03T06@1,17,-1,-1,-1,1
975,T06,T06,41,1,27,-1,-1,36,02T06@1,04T06@2,17,-1,-1,-1,2
987,T34,T06,41,13,19,-1,-1,37,00T34@0,02T06@1,17,-1,-1,-1,1
969,T22,T06,41,13,19,-1,-1,36,01T22@0,03T06@1,17,-1,-1,-1,1
557,T23,OTHER,41,6,35,15,-1,-1,07T23@3,BUYER,0,41,-1,-1,4
880,T34,T23,41,5,45,32,-1,32,05T34@2,07T23@3,15,41,-1,-1,3
949,T34,T06,41,18,19,-1,-1,35,00T34@0,03T06@1,17,-1,-1,-1,1
993,T34,T06,41,13,19,-1,-1,37,00T34@0,03T06@1,17,-1,-1,-1,1
558,T34,OTHER,41,1,35,15,-1,-1,06T34@3,BUYER,0,41,-1,-1,4
569,T34,OTHER,41,5,35,-1,-1,-1,06T34@3,BUYER,0,-1,-1,-1,4
568,T34,OTHER,41,4,35,-1,-1,-1,06T34@3,BUYER,0,-1,-1,-1,4
566,T23,OTHER,41,1,35,15,-1,-1,07T23@3,BUYER,0,41,-1,-1,4
565,OTHER,T34,41,2,10,15,-1,-1,SELLER,00T34@0,0,41,-1,-1,0
564,OTHER,T22,41,5,10,15,-1,-1,SELLER,01T22@0,0,41,-1,-1,0
567,T23,OTHER,41,3,35,15,-1,-1,07T23@3,BUYER,0,41,-1,-1,4
561,OTHER,T34,41,5,10,15,-1,-1,SELLER,00T34@0,0,41,-1,-1,0
560,OTHER,T34,41,2,10,15,-1,-1,SELLER,00T34@0,0,41,-1,-1,0
876,T22,T06,41,59,13,-1,-1,31,01T22@0,02T06@1,2,-1,-1,-1,1
559,OTHER,T22,41,3,10,15,-1,-1,SELLER,01T22@0,0,41,-1,-1,0
563,OTHER,T34,41,3,10,15,-1,-1,SELLER,00T34@0,0,41,-1,-1,0
581,OTHER,T34,42,5,10,16,-1,-1,SELLER,00T34@0,0,42,-1,-1,0
578,T34,OTHER,42,7,35,16,-1,-1,06T34@3,BUYER,0,42,-1,-1,4
580,OTHER,T22,42,5,10,16,-1,-1,SELLER,01T22@0,0,42,-1,-1,0
584,OTHER,T22,42,4,10,16,-1,-1,SELLER,01T22@0,0,42,-1,-1,0
579,T23,OTHER,42,2,35,16,-1,-1,07T23@3,BUYER,0,42,-1,-1,4
895,T34,T23,42,3,53,33,-1,33,05T34@2,07T23@3,12,42,-1,-1,3
582,T34,OTHER,42,2,35,16,-1,-1,06T34@3,BUYER,0,42,-1,-1,4
1010,T34,T06,42,13,19,-1,-1,38,00T34@0,03T06@1,17,-1,-1,-1,1
914,T22,T06,42,15,20,-1,-1,33,01T22@0,02T06@1,17,-1,-1,-1,1
583,T23,OTHER,42,3,35,16,-1,-1,07T23@3,BUYER,0,42,-1,-1,4
576,OTHER,T34,42,1,10,16,-1,-1,SELLER,00T34@0,0,42,-1,-1,0
931,T22,T06,42,18,20,-1,-1,34,01T22@0,02T06@1,17,-1,-1,-1,1
585,T34,OTHER,42,1,35,16,-1,-1,06T34@3,BUYER,0,42,-1,-1,4
917,T22,T06,42,15,20,-1,-1,33,01T22@0,03T06@1,17,-1,-1,-1,1
586,OTHER,T34,42,4,10,16,-1,-1,SELLER,00T34@0,0,42,-1,-1,0
932,T22,T06,42,18,20,-1,-1,34,01T22@0,03T06@1,17,-1,-1,-1,1
587,OTHER,T22,42,1,10,16,-1,-1,SELLER,01T22@0,0,42,-1,-1,0
590,T34,OTHER,42,5,35,-1,-1,-1,06T34@3,BUYER,0,-1,-1,-1,4
1089,T06,T06,42,1,27,-1,-1,42,02T06@1,04T06@2,17,-1,-1,-1,2
892,T22,T06,42,49,13,-1,-1,32,01T22@0,02T06@1,2,-1,-1,-1,1
988,T22,T06,42,13,19,-1,-1,37,01T22@0,03T06@1,17,-1,-1,-1,1
924,T34,T23,43,5,49,34,-1,34,05T34@2,07T23@3,13,43,-1,-1,3
911,T22,T06,43,52,13,-1,-1,33,01T22@0,02T06@1,2,-1,-1,-1,1
953,T22,T06,43,52,13,-1,-1,35,01T22@0,02T06@1,2,-1,-1,-1,1
950,T22,T06,43,52,13,-1,-1,35,01T22@0,02T06@1,2,-1,-1,-1,1
601,OTHER,T34,43,2,10,17,-1,-1,SELLER,00T34@0,0,43,-1,-1,0
1014,T06,T06,43,1,27,-1,-1,38,02T06@1,04T06@2,17,-1,-1,-1,2
991,T22,T06,43,52,13,-1,-1,37,01T22@0,02T06@1,2,-1,-1,-1,1
602,T23,OTHER,43,5,35,17,-1,-1,07T23@3,BUYER,0,43,-1,-1,4
603,OTHER,T34,43,4,10,17,-1,-1,SELLER,00T34@0,0,43,-1,-1,0
604,OTHER,T22,43,4,10,17,-1,-1,SELLER,01T22@0,0,43,-1,-1,0
605,OTHER,T34,43,1,10,17,-1,-1,SELLER,00T34@0,0,43,-1,-1,0
611,T34,OTHER,43,5,35,-1,-1,-1,06T34@3,BUYER,0,-1,-1,-1,4
597,T34,OTHER,43,3,35,17,-1,-1,06T34@3,BUYER,0,43,-1,-1,4
606,T23,OTHER,43,5,35,17,-1,-1,07T23@3,BUYER,0,43,-1,-1,4
607,T34,OTHER,43,2,35,17,-1,-1,06T34@3,BUYER,0,43,-1,-1,4
599,OTHER,T22,43,4,10,17,-1,-1,SELLER,01T22@0,0,43,-1,-1,0
600,OTHER,T34,43,5,10,17,-1,-1,SELLER,00T34@0,0,43,-1,-1,0
622,OTHER,T22,44,3,10,18,-1,-1,SELLER,01T22@0,0,44,-1,-1,0
623,T23,OTHER,44,5,35,18,-1,-1,07T23@3,BUYER,0,44,-1,-1,4
624,OTHER,T22,44,2,10,18,-1,-1,SELLER,01T22@0,0,44,-1,-1,0
625,OTHER,T34,44,1,10,18,-1,-1,SELLER,00T34@0,0,44,-1,-1,0
1033,T22,T06,44,13,19,-1,-1,39,01T22@0,02T06@1,17,-1,-1,-1,1
936,T34,T23,44,4,54,35,-1,35,05T34@2,07T23@3,11,44,-1,-1,3
619,T23,OTHER,44,3,35,18,-1,-1,07T23@3,BUYER,0,44,-1,-1,4
629,T34,OTHER,44,4,35,-1,-1,-1,06T34@3,BUYER,0,-1,-1,-1,4
630,T34,OTHER,44,4,35,-1,-1,-1,06T34@3,BUYER,0,-1,-1,-1,4
934,T22,T06,44,55,13,-1,-1,34,01T22@0,02T06@1,2,-1,-1,-1,1
632,T34,OTHER,44,3,35,-1,-1,-1,06T34@3,BUYER,0,-1,-1,-1,4
626,OTHER,T34,44,3,10,18,-1,-1,SELLER,00T34@0,0,44,-1,-1,0
618,OTHER,T22,44,5,10,18,-1,-1,SELLER,01T22@0,0,44,-1,-1,0
621,T34,OTHER,44,1,35,18,-1,-1,06T34@3,BUYER,0,44,-1,-1,4
1050,T34,T06,44,13,19,-1,-1,40,00T34@0,03T06@1,17,-1,-1,-1,1
1036,T34,T06,44,15,19,-1,-1,39,00T34@0,03T06@1,16,-1,-1,-1,1
1029,T06,T06,44,1,27,-1,-1,39,02T06@1,04T06@2,17,-1,-1,-1,2
1009,T22,T06,44,15,19,-1,-1,38,01T22@0,02T06@1,17,-1,-1,-1,1
617,OTHER,T34,44,6,10,18,-1,-1,SELLER,00T34@0,0,44,-1,-1,0
952,T22,T06,45,14,20,-1,-1,35,01T22@0,03T06@1,17,-1,-1,-1,1
648,T23,OTHER,45,3,35,19,-1,-1,07T23@3,BUYER,0,45,-1,-1,4
647,OTHER,T34,45,5,10,19,-1,-1,SELLER,00T34@0,0,45,-1,-1,0
646,OTHER,T22,45,6,10,19,-1,-1,SELLER,01T22@0,0,45,-1,-1,0
645,OTHER,T34,45,2,10,19,-1,-1,SELLER,00T34@0,0,45,-1,-1,0
643,T23,OTHER,45,5,35,19,-1,-1,07T23@3,BUYER,0,45,-1,-1,4
989,T22,T06,45,14,20,-1,-1,37,01T22@0,02T06@1,17,-1,-1,-1,1
642,OTHER,T22,45,1,10,19,-1,-1,SELLER,01T22@0,0,45,-1,-1,0
641,OTHER,T34,45,2,10,19,-1,-1,SELLER,00T34@0,0,45,-1,-1,0
640,T23,OTHER,45,3,35,19,-1,-1,07T23@3,BUYER,0,45,-1,-1,4
639,T34,OTHER,45,2,35,19,-1,-1,06T34@3,BUYER,0,45,-1,-1,4
637,OTHER,T34,45,4,10,19,-1,-1,SELLER,00T34@0,0,45,-1,-1,0
636,T34,OTHER,45,3,35,19,-1,-1,06T34@3,BUYER,0,45,-1,-1,4
974,T34,T06,45,12,20,-1,-1,36,00T34@0,03T06@1,17,-1,-1,-1,1
972,T34,T06,45,12,20,-1,-1,36,00T34@0,02T06@1,17,-1,-1,-1,1
970,T22,T06,45,14,20,-1,-1,36,01T22@0,03T06@1,17,-1,-1,-1,1
1032,T22,T06,45,14,20,-1,-1,39,01T22@0,03T06@1,17,-1,-1,-1,1
1141,T06,T06,45,1,27,-1,-1,45,02T06@1,04T06@2,17,-1,-1,-1,2
1052,T06,T06,45,1,27,-1,-1,40,02T06@1,04T06@2,17,-1,-1,-1,2
955,T34,T23,45,5,54,36,-1,36,05T34@2,07T23@3,6,45,-1,-1,3
638,T34,OTHER,45,4,35,19,-1,-1,06T34@3,BUYER,0,45,-1,-1,4
654,T23,OTHER,46,6,35,20,-1,-1,07T23@3,BUYER,0,46,-1,-1,4
653,T23,OTHER,46,3,35,20,-1,-1,07T23@3,BUYER,0,46,-1,-1,4
655,T34,OTHER,46,3,35,20,-1,-1,06T34@3,BUYER,0,46,-1,-1,4
990,T22,T06,46,13,20,-1,-1,37,01T22@0,03T06@1,17,-1,-1,-1,1
657,T23,OTHER,46,1,35,20,-1,-1,07T23@3,BUYER,0,46,-1,-1,4
996,T22,T06,46,13,20,-1,-1,37,01T22@0,02T06@1,17,-1,-1,-1,1
982,T34,T23,46,3,40,37,-1,37,05T34@2,07T23@3,17,46,-1,-1,3
1065,T34,T06,46,15,19,-1,-1,41,00T34@0,02T06@1,16,-1,-1,-1,1
1066,T34,T06,46,15,19,-1,-1,41,00T34@0,03T06@1,17,-1,-1,-1,1
1067,T06,T06,46,1,27,-1,-1,41,02T06@1,04T06@2,17,-1,-1,-1,2
1068,T22,T06,46,15,19,-1,-1,41,01T22@0,02T06@1,17,-1,-1,-1,1
1088,T22,T06,46,15,19,-1,-1,42,01T22@0,03T06@1,17,-1,-1,-1,1
1158,T06,T06,46,1,27,-1,-1,46,02T06@1,04T06@2,17,-1,-1,-1,2
656,OTHER,T34,46,4,10,20,-1,-1,SELLER,00T34@0,0,46,-1,-1,0
671,T34,OTHER,46,5,35,-1,-1,-1,06T34@3,BUYER,0,-1,-1,-1,4
658,OTHER,T34,46,4,10,20,-1,-1,SELLER,00T34@0,0,46,-1,-1,0
659,OTHER,T22,46,1,10,20,-1,-1,SELLER,01T22@0,0,46,-1,-1,0
661,OTHER,T22,46,5,10,20,-1,-1,SELLER,01T22@0,0,46,-1,-1,0
662,OTHER,T22,46,4,10,20,-1,-1,SELLER,01T22@0,0,46,-1,-1,0
663,T23,OTHER,46,2,35,20,-1,-1,07T23@3,BUYER,0,46,-1,-1,4
664,OTHER,T22,46,2,10,20,-1,-1,SELLER,01T22@0,0,46,-1,-1,0
677,OTHER,T34,47,6,10,21,-1,-1,SELLER,00T34@0,0,47,-1,-1,0
992,T22,T06,47,13,20,-1,-1,37,01T22@0,02T06@1,17,-1,-1,-1,1
1000,T34,T23,47,4,52,38,-1,38,05T34@2,07T23@3,11,47,-1,-1,3
1012,T22,T06,47,15,20,-1,-1,38,01T22@0,03T06@1,17,-1,-1,-1,1
676,T34,OTHER,47,4,35,21,-1,-1,06T34@3,BUYER,0,47,-1,-1,4
1178,T06,T06,47,1,27,-1,-1,47,02T06@1,04T06@2,17,-1,-1,-1,2
1115,T34,T23,47,1,54,44,-1,44,05T34@2,07T23@3,12,47,-1,-1,3
674,T23,OTHER,47,2,35,21,-1,-1,07T23@3,BUYER,0,47,-1,-1,4
675,T34,OTHER,47,1,35,21,-1,-1,06T34@3,BUYER,0,47,-1,-1,4
690,T34,OTHER,47,4,35,-1,-1,-1,06T34@3,BUYER,0,-1,-1,-1,4
683,OTHER,T22,47,3,10,21,-1,-1,SELLER,01T22@0,0,47,-1,-1,0
682,T23,OTHER,47,5,35,21,-1,-1,07T23@3,BUYER,0,47,-1,-1,4
681,OTHER,T22,47,4,10,21,-1,-1,SELLER,01T22@0,0,47,-1,-1,0
680,OTHER,T34,47,2,10,21,-1,-1,SELLER,00T34@0,0,47,-1,-1,0
678,OTHER,T34,47,5,10,21,-1,-1,SELLER,00T34@0,0,47,-1,-1,0
673,T23,OTHER,47,4,35,21,-1,-1,07T23@3,BUYER,0,47,-1,-1,4
1105,T34,T06,48,17,19,-1,-1,43,00T34@0,03T06@1,16,-1,-1,-1,1
1016,T34,T23,48,4,54,39,-1,39,05T34@2,07T23@3,8,48,-1,-1,3
1013,T22,T06,48,57,13,-1,-1,38,01T22@0,02T06@1,2,-1,-1,-1,1
1083,T22,T06,48,17,19,-1,-1,42,01T22@0,02T06@1,17,-1,-1,-1,1
1104,T06,T06,48,1,27,-1,-1,43,02T06@1,04T06@2,17,-1,-1,-1,2
697,T23,OTHER,48,6,35,22,-1,-1,07T23@3,BUYER,0,48,-1,-1,4
699,T34,OTHER,48,4,35,22,-1,-1,06T34@3,BUYER,0,48,-1,-1,4
703,OTHER,T34,48,3,10,22,-1,-1,SELLER,00T34@0,0,48,-1,-1,0
704,OTHER,T34,48,5,10,22,-1,-1,SELLER,00T34@0,0,48,-1,-1,0
705,OTHER,T22,48,3,10,22,-1,-1,SELLER,01T22@0,0,48,-1,-1,0
709,T34,OTHER,48,3,35,-1,-1,-1,06T34@3,BUYER,0,-1,-1,-1,4
712,T34,OTHER,48,3,35,-1,-1,-1,06T34@3,BUYER,0,-1,-1,-1,4
698,OTHER,T22,48,5,10,22,-1,-1,SELLER,01T22@0,0,48,-1,-1,0
702,OTHER,T34,48,2,10,22,-1,-1,SELLER,00T34@0,0,48,-1,-1,0
696,T23,OTHER,48,4,35,22,-1,-1,07T23@3,BUYER,0,48,-1,-1,4
701,OTHER,T34,48,2,10,22,-1,-1,SELLER,00T34@0,0,48,-1,-1,0
1049,T34,T06,49,12,20,-1,-1,40,00T34@0,02T06@1,17,-1,-1,-1,1
1051,T22,T06,49,15,20,-1,-1,40,01T22@0,03T06@1,17,-1,-1,-1,1
1041,T34,T23,49,1,54,40,-1,40,05T34@2,07T23@3,11,49,-1,-1,3
715,OTHER,T34,49,3,10,23,-1,-1,SELLER,00T34@0,0,49,-1,-1,0
714,T34,OTHER,49,6,35,23,-1,-1,06T34@3,BUYER,0,49,-1,-1,4
713,T34,OTHER,49,1,35,23,-1,-1,06T34@3,BUYER,0,49,-1,-1,4
719,OTHER,T34,49,6,10,23,-1,-1,SELLER,00T34@0,0,49,-1,-1,0
1034,T22,T06,49,55,13,-1,-1,39,01T22@0,02T06@1,2,-1,-1,-1,1
720,T23,OTHER,49,3,35,23,-1,-1,07T23@3,BUYER,0,49,-1,-1,4
721,OTHER,T34,49,4,10,23,-1,-1,SELLER,00T34@0,0,49,-1,-1,0
1087,T22,T06,49,15,20,-1,-1,42,01T22@0,02T06@1,17,-1,-1,-1,1
1031,T22,T06,49,13,20,-1,-1,39,01T22@0,03T06@1,17,-1,-1,-1,1
724,T34,OTHER,49,5,35,-1,-1,-1,06T34@3,BUYER,0,-1,-1,-1,4
727,T34,OTHER,49,2,35,-1,-1,-1,06T34@3,BUYER,0,-1,-1,-1,4
717,OTHER,T22,49,3,10,23,-1,-1,SELLER,01T22@0,0,49,-1,-1,0
722,OTHER,T22,49,4,10,23,-1,-1,SELLER,01T22@0,0,49,-1,-1,0
718,T23,OTHER,49,3,35,23,-1,-1,07T23@3,BUYER,0,49,-1,-1,4
1144,T34,T06,49,13,19,-1,-1,45,00T34@0,02T06@1,17,-1,-1,-1,1
1120,T06,T06,49,1,27,-1,-1,44,02T06@1,04T06@2,17,-1,-1,-1,2
738,OTHER,T22,50,5,10,24,-1,-1,SELLER,01T22@0,0,50,-1,-1,0
1056,T34,T23,50,3,48,41,-1,41,05T34@2,07T23@3,14,50,-1,-1,3
1233,T06,T06,50,1,27,-1,-1,50,02T06@1,04T06@2,17,-1,-1,-1,2
745,T34,OTHER,50,6,35,-1,-1,-1,06T34@3,BUYER,0,-1,-1,-1,4
733,OTHER,T34,50,2,10,24,-1,-1,SELLER,00T34@0,0,50,-1,-1,0
734,OTHER,T34,50,2,10,24,-1,-1,SELLER,00T34@0,0,50,-1,-1,0
732,OTHER,T34,50,8,10,24,-1,-1,SELLER,00T34@0,0,50,-1,-1,0
736,T23,OTHER,50,7,35,24,-1,-1,07T23@3,BUYER,0,50,-1,-1,4
737,T23,OTHER,50,1,35,24,-1,-1,07T23@3,BUYER,0,50,-1,-1,4
739,T23,OTHER,50,3,35,24,-1,-1,07T23@3,BUYER,0,50,-1,-1,4
740,OTHER,T34,50,3,10,24,-1,-1,SELLER,00T34@0,0,50,-1,-1,0
735,T34,OTHER,50,3,35,24,-1,-1,06T34@3,BUYER,0,50,-1,-1,4
748,T23,OTHER,51,2,35,25,-1,-1,07T23@3,BUYER,0,51,-1,-1,4
749,OTHER,T22,51,3,10,25,-1,-1,SELLER,01T22@0,0,51,-1,-1,0
750,OTHER,T22,51,2,10,25,-1,-1,SELLER,01T22@0,0,51,-1,-1,0
751,OTHER,T34,51,3,10,25,-1,-1,SELLER,00T34@0,0,51,-1,-1,0
747,T23,OTHER,51,4,35,25,-1,-1,07T23@3,BUYER,0,51,-1,-1,4
1236,T22,T06,51,10,19,-1,-1,50,01T22@0,03T06@1,17,-1,-1,-1,1
1252,T22,T06,51,119,13,-1,-1,51,01T22@0,02T06@1,2,-1,-1,-1,1
752,T34,OTHER,51,1,35,25,-1,-1,06T34@3,BUYER,0,51,-1,-1,4
756,OTHER,T22,51,4,10,25,-1,-1,SELLER,01T22@0,0,51,-1,-1,0
754,OTHER,T22,51,5,10,25,-1,-1,SELLER,01T22@0,0,51,-1,-1,0
1086,T22,T06,51,17,20,-1,-1,42,01T22@0,03T06@1,17,-1,-1,-1,1
1085,T34,T06,51,11,20,-1,-1,42,00T34@0,03T06@1,17,-1,-1,-1,1
753,OTHER,T34,51,3,10,25,-1,-1,SELLER,00T34@0,0,51,-1,-1,0
1075,T34,T23,51,3,54,42,-1,42,05T34@2,07T23@3,12,51,-1,-1,3
1070,T22,T06,51,11,20,-1,-1,41,01T22@0,02T06@1,17,-1,-1,-1,1
746,T34,OTHER,51,3,35,25,-1,-1,06T34@3,BUYER,0,51,-1,-1,4
758,T34,OTHER,51,6,35,-1,-1,-1,06T34@3,BUYER,0,-1,-1,-1,4
757,T23,OTHER,51,4,35,25,-1,-1,07T23@3,BUYER,0,51,-1,-1,4
1069,T22,T06,51,11,20,-1,-1,41,01T22@0,03T06@1,17,-1,-1,-1,1
766,T23,OTHER,52,5,35,26,-1,-1,07T23@3,BUYER,0,52,-1,-1,4
782,T34,OTHER,52,2,35,-1,-1,-1,06T34@3,BUYER,0,-1,-1,-1,4
765,T34,OTHER,52,4,35,26,-1,-1,06T34@3,BUYER,0,52,-1,-1,4
769,T23,OTHER,52,2,35,26,-1,-1,07T23@3,BUYER,0,52,-1,-1,4
770,OTHER,T22,52,3,10,26,-1,-1,SELLER,01T22@0,0,52,-1,-1,0
771,T34,OTHER,52,5,35,26,-1,-1,06T34@3,BUYER,0,52,-1,-1,4
772,T23,OTHER,52,2,35,26,-1,-1,07T23@3,BUYER,0,52,-1,-1,4
773,OTHER,T22,52,3,10,26,-1,-1,SELLER,01T22@0,0,52,-1,-1,0
768,OTHER,T22,52,4,10,26,-1,-1,SELLER,01T22@0,0,52,-1,-1,0
775,OTHER,T34,52,5,10,26,-1,-1,SELLER,00T34@0,0,52,-1,-1,0
1095,T34,T23,52,5,45,43,-1,43,05T34@2,07T23@3,15,52,-1,-1,3
1091,T22,T06,52,59,13,-1,-1,42,01T22@0,02T06@1,2,-1,-1,-1,1
774,OTHER,T34,52,5,10,26,-1,-1,SELLER,00T34@0,0,52,-1,-1,0
1188,T34,T23,52,1,54,48,-1,48,05T34@2,07T23@3,11,52,-1,-1,3
1169,T34,T23,52,5,53,47,-1,47,05T34@2,07T23@3,11,52,-1,-1,3
799,T34,OTHER,53,3,35,-1,-1,-1,06T34@3,BUYER,0,-1,-1,-1,4
1109,T22,T06,53,11,20,-1,-1,43,01T22@0,03T06@1,17,-1,-1,-1,1
1122,T34,T06,53,20,15,-1,-1,44,00T34@0,02T06@1,17,-1,-1,-1,1
1125,T34,T06,53,20,15,-1,-1,44,00T34@0,03T06@1,17,-1,-1,-1,1
784,T23,OTHER,53,3,35,27,-1,-1,07T23@3,BUYER,0,53,-1,-1,4
785,T34,OTHER,53,5,35,27,-1,-1,06T34@3,BUYER,0,53,-1,-1,4
786,OTHER,T22,53,4,10,27,-1,-1,SELLER,01T22@0,0,53,-1,-1,0
787,T23,OTHER,53,2,35,27,-1,-1,07T23@3,BUYER,0,53,-1,-1,4
788,OTHER,T34,53,2,10,27,-1,-1,SELLER,00T34@0,0,53,-1,-1,0
789,OTHER,T22,53,3,10,27,-1,-1,SELLER,01T22@0,0,53,-1,-1,0
1106,T22,T06,53,11,20,-1,-1,43,01T22@0,02T06@1,17,-1,-1,-1,1
1108,T22,T06,53,53,13,-1,-1,43,01T22@0,02T06@1,2,-1,-1,-1,1
790,T23,OTHER,53,3,35,27,-1,-1,07T23@3,BUYER,0,53,-1,-1,4
1198,T06,T06,53,1,27,-1,-1,48,02T06@1,04T06@2,17,-1,-1,-1,2
1208,T34,T23,53,2,54,49,-1,49,05T34@2,07T23@3,15,53,-1,-1,3
791,OTHER,T22,53,4,10,27,-1,-1,SELLER,01T22@0,0,53,-1,-1,0
793,T23,OTHER,53,4,35,27,-1,-1,07T23@3,BUYER,0,53,-1,-1,4
794,OTHER,T34,53,3,10,27,-1,-1,SELLER,00T34@0,0,53,-1,-1,0
795,OTHER,T34,53,4,10,27,-1,-1,SELLER,00T34@0,0,53,-1,-1,0
1193,T34,T06,54,19,19,-1,-1,48,00T34@0,03T06@1,17,-1,-1,-1,1
1209,T34,T06,54,15,19,-1,-1,49,00T34@0,03T06@1,17,-1,-1,-1,1
1231,T34,T23,54,1,54,50,-1,50,05T34@2,07T23@3,11,54,-1,-1,3
1127,T34,T23,54,1,52,45,-1,45,05T34@2,07T23@3,13,54,-1,-1,3
1214,T06,T06,54,1,27,-1,-1,49,02T06@1,04T06@2,17,-1,-1,-1,2
1124,T22,T06,54,13,20,-1,-1,44,01T22@0,03T06@1,17,-1,-1,-1,1
1123,T22,T06,54,13,20,-1,-1,44,01T22@0,02T06@1,17,-1,-1,-1,1
1312,T22,T06,54,122,13,-1,-1,54,01T22@0,03T06@1,2,-1,-1,-1,1
1143,T34,T06,54,12,20,-1,-1,45,00T34@0,03T06@1,17,-1,-1,-1,1
1218,T34,T06,54,15,19,-1,-1,49,00T34@0,02T06@1,17,-1,-1,-1,1
803,OTHER,T22,54,3,10,28,-1,-1,SELLER,01T22@0,0,54,-1,-1,0
810,OTHER,T22,54,1,10,28,-1,-1,SELLER,01T22@0,0,54,-1,-1,0
811,T34,OTHER,54,2,35,28,-1,-1,06T34@3,BUYER,0,54,-1,-1,4
812,OTHER,T34,54,3,10,28,-1,-1,SELLER,00T34@0,0,54,-1,-1,0
815,T34,OTHER,54,5,35,-1,-1,-1,06T34@3,BUYER,0,-1,-1,-1,4
821,T34,OTHER,54,5,35,-1,-1,-1,06T34@3,BUYER,0,-1,-1,-1,4
813,OTHER,T22,54,5,10,28,-1,-1,SELLER,01T22@0,0,54,-1,-1,0
809,OTHER,T34,54,5,10,28,-1,-1,SELLER,00T34@0,0,54,-1,-1,0
807,T23,OTHER,54,4,35,28,-1,-1,07T23@3,BUYER,0,54,-1,-1,4
806,T34,OTHER,54,1,35,28,-1,-1,06T34@3,BUYER,0,54,-1,-1,4
805,OTHER,T22,54,3,10,28,-1,-1,SELLER,01T22@0,0,54,-1,-1,0
804,T23,OTHER,54,3,35,28,-1,-1,07T23@3,BUYER,0,54,-1,-1,4
1277,T22,T06,55,16,19,-1,-1,52,01T22@0,03T06@1,17,-1,-1,-1,1
835,T34,OTHER,55,6,35,-1,-1,-1,06T34@3,BUYER,0,-1,-1,-1,4
1159,T34,T06,55,20,15,-1,-1,46,00T34@0,03T06@1,17,-1,-1,-1,1
1256,T22,T06,55,16,19,-1,-1,51,01T22@0,03T06@1,17,-1,-1,-1,1
836,T34,OTHER,55,4,35,-1,-1,-1,06T34@3,BUYER,0,-1,-1,-1,4
1173,T22,T06,55,19,20,-1,-1,47,01T22@0,03T06@1,17,-1,-1,-1,1
832,T23,OTHER,55,7,35,29,-1,-1,07T23@3,BUYER,0,55,-1,-1,4
1294,T22,T06,55,16,19,-1,-1,53,01T22@0,02T06@1,17,-1,-1,-1,1
825,T34,OTHER,55,1,35,29,-1,-1,06T34@3,BUYER,0,55,-1,-1,4
1177,T22,T06,55,19,20,-1,-1,47,01T22@0,02T06@1,17,-1,-1,-1,1
826,T23,OTHER,55,1,35,29,-1,-1,07T23@3,BUYER,0,55,-1,-1,4
1152,T34,T23,55,1,52,46,-1,46,05T34@2,07T23@3,13,55,-1,-1,3
824,T23,OTHER,55,1,35,29,-1,-1,07T23@3,BUYER,0,55,-1,-1,4
827,OTHER,T22,55,4,10,29,-1,-1,SELLER,01T22@0,0,55,-1,-1,0
828,OTHER,T34,55,2,10,29,-1,-1,SELLER,00T34@0,0,55,-1,-1,0
829,OTHER,T22,55,3,10,29,-1,-1,SELLER,01T22@0,0,55,-1,-1,0
822,OTHER,T34,55,4,10,29,-1,-1,SELLER,00T34@0,0,55,-1,-1,0
1232,T34,T06,55,16,19,-1,-1,50,00T34@0,02T06@1,17,-1,-1,-1,1
831,OTHER,T34,55,4,10,29,-1,-1,SELLER,00T34@0,0,55,-1,-1,0
1137,T22,T06,55,11,20,-1,-1,45,01T22@0,03T06@1,17,-1,-1,-1,1
1337,T06,T06,55,1,27,-1,-1,55,02T06@1,04T06@2,17,-1,-1,-1,2
1142,T22,T06,55,11,20,-1,-1,45,01T22@0,02T06@1,17,-1,-1,-1,1
1238,T34,T06,55,16,19,-1,-1,50,00T34@0,03T06@1,17,-1,-1,-1,1
830,OTHER,T34,55,3,10,29,-1,-1,SELLER,00T34@0,0,55,-1,-1,0
1352,T06,T06,56,1,27,-1,-1,56,02T06@1,04T06@2,17,-1,-1,-1,2
858,T34,OTHER,56,2,35,-1,-1,-1,06T34@3,BUYER,0,-1,-1,-1,4
1179,T22,T06,56,10,20,-1,-1,47,01T22@0,02T06@1,17,-1,-1,-1,1
1161,T22,T06,56,59,13,-1,-1,46,01T22@0,02T06@1,2,-1,-1,-1,1
1160,T22,T06,56,10,20,-1,-1,46,01T22@0,03T06@1,17,-1,-1,-1,1
1174,T34,T06,56,10,20,-1,-1,47,00T34@0,02T06@1,17,-1,-1,-1,1
856,T34,OTHER,56,6,35,-1,-1,-1,06T34@3,BUYER,0,-1,-1,-1,4
842,T34,OTHER,56,1,35,30,-1,-1,06T34@3,BUYER,0,56,-1,-1,4
1254,T34,T06,56,17,19,-1,-1,51,00T34@0,03T06@1,17,-1,-1,-1,1
846,OTHER,T34,56,5,10,30,-1,-1,SELLER,00T34@0,0,56,-1,-1,0
1212,T22,T06,56,10,20,-1,-1,49,01T22@0,02T06@1,17,-1,-1,-1,1
844,OTHER,T22,56,3,10,30,-1,-1,SELLER,01T22@0,0,56,-1,-1,0
840,T23,OTHER,56,5,35,30,-1,-1,07T23@3,BUYER,0,56,-1,-1,4
1194,T22,T06,56,10,20,-1,-1,48,01T22@0,03T06@1,17,-1,-1,-1,1
1255,T22,T06,56,11,19,-1,-1,51,01T22@0,02T06@1,17,-1,-1,-1,1
845,OTHER,T34,56,3,10,30,-1,-1,SELLER,00T34@0,0,56,-1,-1,0
1257,T22,T06,56,11,19,-1,-1,51,01T22@0,03T06@1,17,-1,-1,-1,1
1258,T22,T06,56,10,20,-1,-1,51,01T22@0,03T06@1,17,-1,-1,-1,1
848,OTHER,T34,56,2,10,30,-1,-1,SELLER,00T34@0,0,56,-1,-1,0
1260,T22,T06,56,17,19,-1,-1,51,01T22@0,03T06@1,17,-1,-1,-1,1
1243,T34,T23,56,5,50,51,-1,51,05T34@2,07T23@3,13,56,-1,-1,3
1251,T06,T06,56,1,27,-1,-1,51,02T06@1,04T06@2,17,-1,-1,-1,2
1272,T22,T06,56,17,19,-1,-1,52,01T22@0,03T06@1,17,-1,-1,-1,1
841,OTHER,T22,56,5,10,30,-1,-1,SELLER,01T22@0,0,56,-1,-1,0
850,OTHER,T34,56,2,10,30,-1,-1,SELLER,00T34@0,0,56,-1,-1,0
849,T23,OTHER,56,4,35,30,-1,-1,07T23@3,BUYER,0,56,-1,-1,4
1253,T34,T06,56,17,19,-1,-1,51,00T34@0,02T06@1,16,-1,-1,-1,1
843,T23,OTHER,56,2,35,30,-1,-1,07T23@3,BUYER,0,56,-1,-1,4
859,OTHER,T22,57,3,10,31,-1,-1,SELLER,01T22@0,0,57,-1,-1,0
1315,T22,T06,57,13,19,-1,-1,54,01T22@0,03T06@1,17,-1,-1,-1,1
1372,T06,T06,57,1,27,-1,-1,57,02T06@1,04T06@2,17,-1,-1,-1,2
867,OTHER,T34,57,6,10,31,-1,-1,SELLER,00T34@0,0,57,-1,-1,0
868,T23,OTHER,57,2,35,31,-1,-1,07T23@3,BUYER,0,57,-1,-1,4
870,T34,OTHER,57,6,35,-1,-1,-1,06T34@3,BUYER,0,-1,-1,-1,4
1219,T22,T06,57,15,20,-1,-1,49,01T22@0,02T06@1,17,-1,-1,-1,1
1340,T22,T06,57,13,19,-1,-1,55,01T22@0,02T06@1,17,-1,-1,-1,1
866,OTHER,T22,57,6,10,31,-1,-1,SELLER,01T22@0,0,57,-1,-1,0
872,T34,OTHER,57,2,35,-1,-1,-1,06T34@3,BUYER,0,-1,-1,-1,4
865,T23,OTHER,57,2,35,31,-1,-1,07T23@3,BUYER,0,57,-1,-1,4
864,T23,OTHER,57,3,35,31,-1,-1,07T23@3,BUYER,0,57,-1,-1,4
1275,T06,T06,57,1,27,-1,-1,52,02T06@1,04T06@2,17,-1,-1,-1,2
860,OTHER,T22,57,1,10,31,-1,-1,SELLER,01T22@0,0,57,-1,-1,0
1293,T22,T06,57,13,19,-1,-1,53,01T22@0,03T06@1,17,-1,-1,-1,1
861,OTHER,T22,57,3,10,31,-1,-1,SELLER,01T22@0,0,57,-1,-1,0
1195,T22,T06,57,15,20,-1,-1,48,01T22@0,03T06@1,17,-1,-1,-1,1
862,OTHER,T34,57,1,10,31,-1,-1,SELLER,00T34@0,0,57,-1,-1,0
863,T23,OTHER,57,5,35,31,-1,-1,07T23@3,BUYER,0,57,-1,-1,4
1215,T22,T06,57,15,20,-1,-1,49,01T22@0,03T06@1,17,-1,-1,-1,1
1180,T22,T06,57,60,11,-1,-1,47,01T22@0,03T06@1,2,-1,-1,-1,1
884,OTHER,T22,58,6,10,32,-1,-1,SELLER,01T22@0,0,58,-1,-1,0
888,OTHER,T34,58,3,10,32,-1,-1,SELLER,00T34@0,0,58,-1,-1,0
883,T23,OTHER,58,1,35,32,-1,-1,07T23@3,BUYER,0,58,-1,-1,4
882,T34,OTHER,58,2,35,32,-1,-1,06T34@3,BUYER,0,58,-1,-1,4
881,OTHER,T22,58,2,10,32,-1,-1,SELLER,01T22@0,0,58,-1,-1,0
887,T23,OTHER,58,5,35,32,-1,-1,07T23@3,BUYER,0,58,-1,-1,4
1235,T22,T06,58,16,20,-1,-1,50,01T22@0,02T06@1,17,-1,-1,-1,1
1330,T34,T23,58,5,54,55,-1,55,05T34@2,07T23@3,10,58,-1,-1,3
885,OTHER,T34,58,7,10,32,-1,-1,SELLER,00T34@0,0,58,-1,-1,0
1216,T22,T06,58,16,20,-1,-1,49,01T22@0,03T06@1,17,-1,-1,-1,1
877,T34,OTHER,58,2,35,32,-1,-1,06T34@3,BUYER,0,58,-1,-1,4
878,T23,OTHER,58,4,35,32,-1,-1,07T23@3,BUYER,0,58,-1,-1,4
879,T34,OTHER,58,6,35,32,-1,-1,06T34@3,BUYER,0,58,-1,-1,4
1391,T06,T06,58,1,27,-1,-1,58,02T06@1,04T06@2,17,-1,-1,-1,2
886,OTHER,T34,58,2,10,32,-1,-1,SELLER,00T34@0,0,58,-1,-1,0
1196,T22,T06,58,51,11,-1,-1,48,01T22@0,02T06@1,2,-1,-1,-1,1
1213,T22,T06,58,32,11,-1,-1,49,01T22@0,03T06@1,2,-1,-1,-1,1
1298,T06,T06,58,1,27,-1,-1,53,02T06@1,04T06@2,17,-1,-1,-1,2
1280,T22,T06,59,17,20,-1,-1,52,01T22@0,02T06@1,17,-1,-1,-1,1
906,OTHER,T34,59,1,10,33,-1,-1,SELLER,00T34@0,0,59,-1,-1,0
905,T23,OTHER,59,5,35,33,-1,-1,07T23@3,BUYER,0,59,-1,-1,4
904,OTHER,T34,59,5,10,33,-1,-1,SELLER,00T34@0,0,59,-1,-1,0
903,T23,OTHER,59,2,35,33,-1,-1,07T23@3,BUYER,0,59,-1,-1,4
1412,T06,T06,59,1,27,-1,-1,59,02T06@1,04T06@2,17,-1,-1,-1,2
1318,T06,T06,59,1,27,-1,-1,54,02T06@1,04T06@2,17,-1,-1,-1,2
900,OTHER,T22,59,4,10,33,-1,-1,SELLER,01T22@0,0,59,-1,-1,0
1338,T34,T06,59,13,19,-1,-1,55,00T34@0,02T06@1,17,-1,-1,-1,1
899,OTHER,T22,59,2,10,33,-1,-1,SELLER,01T22@0,0,59,-1,-1,0
898,T34,OTHER,59,3,35,33,-1,-1,06T34@3,BUYER,0,59,-1,-1,4
1237,T22,T06,59,17,20,-1,-1,50,01T22@0,03T06@1,17,-1,-1,-1,1
897,T34,OTHER,59,4,35,33,-1,-1,06T34@3,BUYER,0,59,-1,-1,4
896,OTHER,T34,59,5,10,33,-1,-1,SELLER,00T34@0,0,59,-1,-1,0
894,OTHER,T22,59,3,10,33,-1,-1,SELLER,01T22@0,0,59,-1,-1,0
902,T34,OTHER,59,3,35,33,-1,-1,06T34@3,BUYER,0,59,-1,-1,4
901,T23,OTHER,59,3,35,33,-1,-1,07T23@3,BUYER,0,59,-1,-1,4
919,OTHER,T22,60,3,10,34,-1,-1,SELLER,01T22@0,0,60,-1,-1,0
1345,T34,T23,60,2,53,56,-1,56,05T34@2,07T23@3,14,60,-1,-1,3
920,T23,OTHER,60,3,35,34,-1,-1,07T23@3,BUYER,0,60,-1,-1,4
921,T34,OTHER,60,2,35,34,-1,-1,06T34@3,BUYER,0,60,-1,-1,4
922,T23,OTHER,60,3,35,34,-1,-1,07T23@3,BUYER,0,60,-1,-1,4
923,T34,OTHER,60,5,35,34,-1,-1,06T34@3,BUYER,0,60,-1,-1,4
925,OTHER,T34,60,4,10,34,-1,-1,SELLER,00T34@0,0,60,-1,-1,0
1310,T34,T06,60,18,19,-1,-1,54,00T34@0,03T06@1,17,-1,-1,-1,1
1357,T34,T06,60,14,19,-1,-1,56,00T34@0,03T06@1,17,-1,-1,-1,1
927,OTHER,T22,60,4,10,34,-1,-1,SELLER,01T22@0,0,60,-1,-1,0
926,OTHER,T34,60,5,10,34,-1,-1,SELLER,00T34@0,0,60,-1,-1,0
929,T23,OTHER,60,7,35,34,-1,-1,07T23@3,BUYER,0,60,-1,-1,4
1314,T34,T06,60,18,19,-1,-1,54,00T34@0,02T06@1,17,-1,-1,-1,1
918,OTHER,T22,60,2,10,34,-1,-1,SELLER,01T22@0,0,60,-1,-1,0
1341,T22,T06,60,14,19,-1,-1,55,01T22@0,03T06@1,17,-1,-1,-1,1
928,OTHER,T34,60,2,10,34,-1,-1,SELLER,00T34@0,0,60,-1,-1,0
1296,T22,T06,60,18,19,-1,-1,53,01T22@0,03T06@1,17,-1,-1,-1,1
1375,T22,T06,61,14,19,-1,-1,57,01T22@0,03T06@1,17,-1,-1,-1,1
1317,T22,T06,61,18,20,-1,-1,54,01T22@0,03T06@1,17,-1,-1,-1,1
1278,T34,T06,61,11,20,-1,-1,52,00T34@0,03T06@1,17,-1,-1,-1,1
1319,T22,T06,61,18,20,-1,-1,54,01T22@0,02T06@1,17,-1,-1,-1,1
1263,T34,T23,61,5,45,52,-1,52,05T34@2,07T23@3,16,61,-1,-1,3
1274,T34,T06,61,12,18,-1,-1,52,00T34@0,02T06@1,17,-1,-1,-1,1
947,OTHER,T34,61,7,10,35,-1,-1,SELLER,00T34@0,0,61,-1,-1,0
1399,T34,T23,61,4,53,59,-1,59,05T34@2,07T23@3,14,61,-1,-1,3
939,T23,OTHER,61,3,35,35,-1,-1,07T23@3,BUYER,0,61,-1,-1,4
954,T34,OTHER,61,6,35,-1,-1,-1,06T34@3,BUYER,0,-1,-1,-1,4
940,OTHER,T34,61,3,10,35,-1,-1,SELLER,00T34@0,0,61,-1,-1,0
938,OTHER,T22,61,3,10,35,-1,-1,SELLER,01T22@0,0,61,-1,-1,0
942,T23,OTHER,61,2,35,35,-1,-1,07T23@3,BUYER,0,61,-1,-1,4
937,T23,OTHER,61,6,35,35,-1,-1,07T23@3,BUYER,0,61,-1,-1,4
941,OTHER,T34,61,1,10,35,-1,-1,SELLER,00T34@0,0,61,-1,-1,0
1444,T06,T06,61,1,27,-1,-1,61,02T06@1,04T06@2,17,-1,-1,-1,2
946,OTHER,T22,61,4,10,35,-1,-1,SELLER,01T22@0,0,61,-1,-1,0
944,T23,OTHER,61,1,35,35,-1,-1,07T23@3,BUYER,0,61,-1,-1,4
945,T34,OTHER,61,2,35,35,-1,-1,06T34@3,BUYER,0,61,-1,-1,4
943,OTHER,T22,61,2,10,35,-1,-1,SELLER,01T22@0,0,61,-1,-1,0
973,T34,OTHER,62,5,35,-1,-1,-1,06T34@3,BUYER,0,-1,-1,-1,4
1370,T22,T06,62,14,19,-1,-1,57,01T22@0,03T06@1,17,-1,-1,-1,1
966,T34,OTHER,62,5,35,-1,-1,-1,06T34@3,BUYER,0,-1,-1,-1,4
965,OTHER,T22,62,3,10,36,-1,-1,SELLER,01T22@0,0,62,-1,-1,0
964,OTHER,T22,62,2,10,36,-1,-1,SELLER,01T22@0,0,62,-1,-1,0
963,T34,OTHER,62,2,35,36,-1,-1,06T34@3,BUYER,0,62,-1,-1,4
962,T23,OTHER,62,3,35,36,-1,-1,07T23@3,BUYER,0,62,-1,-1,4
961,OTHER,T34,62,5,10,36,-1,-1,SELLER,00T34@0,0,62,-1,-1,0
1276,T22,T06,62,13,20,-1,-1,52,01T22@0,02T06@1,17,-1,-1,-1,1
958,OTHER,T34,62,4,10,36,-1,-1,SELLER,00T34@0,0,62,-1,-1,0
959,OTHER,T34,62,2,10,36,-1,-1,SELLER,00T34@0,0,62,-1,-1,0
1333,T22,T06,62,13,20,-1,-1,55,01T22@0,03T06@1,17,-1,-1,-1,1
957,T23,OTHER,62,3,35,36,-1,-1,07T23@3,BUYER,0,62,-1,-1,4
1290,T34,T23,62,1,52,53,-1,53,05T34@2,07T23@3,12,62,-1,-1,3
1297,T34,T06,62,12,20,-1,-1,53,00T34@0,03T06@1,17,-1,-1,-1,1
956,T34,OTHER,62,2,35,36,-1,-1,06T34@3,BUYER,0,62,-1,-1,4
1465,T06,T06,62,1,27,-1,-1,62,02T06@1,04T06@2,17,-1,-1,-1,2
1390,T34,T06,62,14,19,-1,-1,58,00T34@0,03T06@1,17,-1,-1,-1,1
960,OTHER,T22,62,4,10,36,-1,-1,SELLER,01T22@0,0,62,-1,-1,0
983,OTHER,T34,63,2,10,37,-1,-1,SELLER,00T34@0,0,63,-1,-1,0
994,T34,OTHER,63,6,35,-1,-1,-1,06T34@3,BUYER,0,-1,-1,-1,4
1299,T22,T06,63,57,13,-1,-1,53,01T22@0,02T06@1,2,-1,-1,-1,1
986,OTHER,T22,63,3,10,37,-1,-1,SELLER,01T22@0,0,63,-1,-1,0
985,OTHER,T22,63,4,10,37,-1,-1,SELLER,01T22@0,0,63,-1,-1,0
984,OTHER,T22,63,2,10,37,-1,-1,SELLER,01T22@0,0,63,-1,-1,0
981,T23,OTHER,63,4,35,37,-1,-1,07T23@3,BUYER,0,63,-1,-1,4
977,OTHER,T22,63,5,10,37,-1,-1,SELLER,01T22@0,0,63,-1,-1,0
1353,T22,T06,63,57,13,-1,-1,56,01T22@0,02T06@1,2,-1,-1,-1,1
1409,T34,T06,63,14,19,-1,-1,59,00T34@0,03T06@1,17,-1,-1,-1,1
1484,T06,T06,63,1,27,-1,-1,63,02T06@1,04T06@2,17,-1,-1,-1,2
980,OTHER,T34,63,4,10,37,-1,-1,SELLER,00T34@0,0,63,-1,-1,0
1411,T22,T06,63,14,19,-1,-1,59,01T22@0,03T06@1,17,-1,-1,-1,1
1431,T22,T06,63,14,19,-1,-1,60,01T22@0,02T06@1,17,-1,-1,-1,1
976,T23,OTHER,63,4,35,37,-1,-1,07T23@3,BUYER,0,63,-1,-1,4
1308,T34,T23,63,1,52,54,-1,54,05T34@2,07T23@3,13,63,-1,-1,3
978,T34,OTHER,63,3,35,37,-1,-1,06T34@3,BUYER,0,63,-1,-1,4
979,T23,OTHER,63,3,35,37,-1,-1,07T23@3,BUYER,0,63,-1,-1,4
1388,T22,T06,63,14,19,-1,-1,58,01T22@0,03T06@1,17,-1,-1,-1,1
1311,T22,T06,64,13,20,-1,-1,54,01T22@0,03T06@1,17,-1,-1,-1,1
1313,T22,T06,64,13,20,-1,-1,54,01T22@0,02T06@1,17,-1,-1,-1,1
1015,T34,OTHER,64,2,35,-1,-1,-1,06T34@3,BUYER,0,-1,-1,-1,4
1008,OTHER,T22,64,4,10,38,-1,-1,SELLER,01T22@0,0,64,-1,-1,0
1007,OTHER,T34,64,3,10,38,-1,-1,SELLER,00T34@0,0,64,-1,-1,0
1006,OTHER,T34,64,4,10,38,-1,-1,SELLER,00T34@0,0,64,-1,-1,0
1004,OTHER,T22,64,1,10,38,-1,-1,SELLER,01T22@0,0,64,-1,-1,0
1003,OTHER,T22,64,6,10,38,-1,-1,SELLER,01T22@0,0,64,-1,-1,0
1002,T34,OTHER,64,4,35,38,-1,-1,06T34@3,BUYER,0,64,-1,-1,4
1001,T23,OTHER,64,5,35,38,-1,-1,07T23@3,BUYER,0,64,-1,-1,4
999,T23,OTHER,64,2,35,38,-1,-1,07T23@3,BUYER,0,64,-1,-1,4
1334,T34,T06,64,12,20,-1,-1,55,00T34@0,03T06@1,17,-1,-1,-1,1
998,OTHER,T34,64,2,10,38,-1,-1,SELLER,00T34@0,0,64,-1,-1,0
997,T23,OTHER,64,2,35,38,-1,-1,07T23@3,BUYER,0,64,-1,-1,4
1504,T06,T06,64,1,27,-1,-1,64,02T06@1,04T06@2,17,-1,-1,-1,2
1005,T23,OTHER,64,5,35,38,-1,-1,07T23@3,BUYER,0,64,-1,-1,4
1017,OTHER,T34,65,3,10,39,-1,-1,SELLER,00T34@0,0,65,-1,-1,0
1018,OTHER,T34,65,4,10,39,-1,-1,SELLER,00T34@0,0,65,-1,-1,0
1019,OTHER,T22,65,1,10,39,-1,-1,SELLER,01T22@0,0,65,-1,-1,0
1020,T23,OTHER,65,3,35,39,-1,-1,07T23@3,BUYER,0,65,-1,-1,4
1026,T23,OTHER,65,3,35,39,-1,-1,07T23@3,BUYER,0,65,-1,-1,4
1022,T23,OTHER,65,2,35,39,-1,-1,07T23@3,BUYER,0,65,-1,-1,4
1335,T22,T06,65,14,20,-1,-1,55,01T22@0,02T06@1,17,-1,-1,-1,1
1021,T34,OTHER,65,5,35,39,-1,-1,06T34@3,BUYER,0,65,-1,-1,4
1354,T34,T06,65,12,20,-1,-1,56,00T34@0,02T06@1,17,-1,-1,-1,1
1028,OTHER,T22,65,4,10,39,-1,-1,SELLER,01T22@0,0,65,-1,-1,0
1432,T06,T06,65,1,27,-1,-1,60,02T06@1,04T06@2,17,-1,-1,-1,2
1025,T34,OTHER,65,3,35,39,-1,-1,06T34@3,BUYER,0,65,-1,-1,4
1024,T23,OTHER,65,4,35,39,-1,-1,07T23@3,BUYER,0,65,-1,-1,4
1023,OTHER,T22,65,5,10,39,-1,-1,SELLER,01T22@0,0,65,-1,-1,0
1027,OTHER,T34,65,3,10,39,-1,-1,SELLER,00T34@0,0,65,-1,-1,0
1394,T22,T06,66,14,20,-1,-1,58,01T22@0,03T06@1,17,-1,-1,-1,1
1392,T22,T06,66,14,20,-1,-1,58,01T22@0,02T06@1,17,-1,-1,-1,1
1433,T22,T06,66,16,19,-1,-1,60,01T22@0,02T06@1,17,-1,-1,-1,1
1413,T22,T06,66,19,19,-1,-1,59,01T22@0,03T06@1,17,-1,-1,-1,1
1428,T34,T06,66,19,19,-1,-1,60,00T34@0,02T06@1,16,-1,-1,-1,1
1374,T34,T06,66,12,20,-1,-1,57,00T34@0,03T06@1,17,-1,-1,-1,1
1361,T34,T23,66,4,52,57,-1,57,05T34@2,07T23@3,12,66,-1,-1,3
1355,T22,T06,66,14,20,-1,-1,56,01T22@0,02T06@1,17,-1,-1,-1,1
1525,T22,T06,66,131,13,-1,-1,66,01T22@0,03T06@1,2,-1,-1,-1,1
1528,T06,T06,66,1,27,-1,-1,66,02T06@1,04T06@2,17,-1,-1,-1,2
1445,T34,T06,66,16,19,-1,-1,61,00T34@0,03T06@1,17,-1,-1,-1,1
1040,T23,OTHER,66,1,35,40,-1,-1,07T23@3,BUYER,0,66,-1,-1,4
1039,T23,OTHER,66,6,35,40,-1,-1,07T23@3,BUYER,0,66,-1,-1,4
1038,OTHER,T34,66,3,10,40,-1,-1,SELLER,00T34@0,0,66,-1,-1,0
1042,OTHER,T22,66,5,10,40,-1,-1,SELLER,01T22@0,0,66,-1,-1,0
1043,OTHER,T22,66,6,10,40,-1,-1,SELLER,01T22@0,0,66,-1,-1,0
1044,T34,OTHER,66,5,35,40,-1,-1,06T34@3,BUYER,0,66,-1,-1,4
1048,T23,OTHER,66,3,35,40,-1,-1,07T23@3,BUYER,0,66,-1,-1,4
1046,T23,OTHER,66,2,35,40,-1,-1,07T23@3,BUYER,0,66,-1,-1,4
1047,T34,OTHER,66,3,35,40,-1,-1,06T34@3,BUYER,0,66,-1,-1,4
1037,OTHER,T22,66,2,10,40,-1,-1,SELLER,01T22@0,0,66,-1,-1,0
1045,OTHER,T34,66,4,10,40,-1,-1,SELLER,00T34@0,0,66,-1,-1,0
1071,T34,OTHER,67,3,35,-1,-1,-1,06T34@3,BUYER,0,-1,-1,-1,4
1464,T34,T06,67,15,19,-1,-1,62,00T34@0,03T06@1,17,-1,-1,-1,1
1379,T34,T23,67,5,53,58,-1,58,05T34@2,07T23@3,9,67,-1,-1,3
1548,T06,T06,67,1,27,-1,-1,67,02T06@1,04T06@2,17,-1,-1,-1,2
1410,T22,T06,67,19,20,-1,-1,59,01T22@0,02T06@1,17,-1,-1,-1,1
1373,T22,T06,67,14,20,-1,-1,57,01T22@0,02T06@1,17,-1,-1,-1,1
1467,T34,T06,67,15,19,-1,-1,62,00T34@0,02T06@1,17,-1,-1,-1,1
1053,OTHER,T22,67,1,10,41,-1,-1,SELLER,01T22@0,0,67,-1,-1,0
1064,T34,OTHER,67,2,35,41,-1,-1,06T34@3,BUYER,0,67,-1,-1,4
1063,T34,OTHER,67,6,35,41,-1,-1,06T34@3,BUYER,0,67,-1,-1,4
1062,OTHER,T34,67,3,10,41,-1,-1,SELLER,00T34@0,0,67,-1,-1,0
1061,OTHER,T34,67,2,10,41,-1,-1,SELLER,00T34@0,0,67,-1,-1,0
1060,OTHER,T22,67,5,10,41,-1,-1,SELLER,01T22@0,0,67,-1,-1,0
1059,T23,OTHER,67,3,35,41,-1,-1,07T23@3,BUYER,0,67,-1,-1,4
1058,OTHER,T34,67,6,10,41,-1,-1,SELLER,00T34@0,0,67,-1,-1,0
1055,T23,OTHER,67,3,35,41,-1,-1,07T23@3,BUYER,0,67,-1,-1,4
1054,T23,OTHER,67,3,35,41,-1,-1,07T23@3,BUYER,0,67,-1,-1,4
1369,T22,T06,67,56,13,-1,-1,57,01T22@0,02T06@1,2,-1,-1,-1,1
1057,OTHER,T34,67,3,10,41,-1,-1,SELLER,00T34@0,0,67,-1,-1,0
1514,T22,T06,68,11,19,-1,-1,65,01T22@0,02T06@1,17,-1,-1,-1,1
1543,T22,T06,68,11,19,-1,-1,67,01T22@0,02T06@1,17,-1,-1,-1,1
1469,T22,T06,68,14,20,-1,-1,62,01T22@0,02T06@1,17,-1,-1,-1,1
1389,T22,T06,68,56,13,-1,-1,58,01T22@0,02T06@1,2,-1,-1,-1,1
1448,T22,T06,68,14,20,-1,-1,61,01T22@0,03T06@1,17,-1,-1,-1,1
1415,T34,T23,68,5,49,60,-1,60,05T34@2,07T23@3,13,68,-1,-1,3
1078,T23,OTHER,68,6,35,42,-1,-1,07T23@3,BUYER,0,68,-1,-1,4
1414,T34,T06,68,12,20,-1,-1,59,00T34@0,02T06@1,17,-1,-1,-1,1
1084,T34,OTHER,68,3,35,-1,-1,-1,06T34@3,BUYER,0,-1,-1,-1,4
1082,OTHER,T22,68,4,10,42,-1,-1,SELLER,01T22@0,0,68,-1,-1,0
1081,T23,OTHER,68,2,35,42,-1,-1,07T23@3,BUYER,0,68,-1,-1,4
1080,OTHER,T22,68,4,10,42,-1,-1,SELLER,01T22@0,0,68,-1,-1,0
1079,T23,OTHER,68,4,35,42,-1,-1,07T23@3,BUYER,0,68,-1,-1,4
1090,T34,OTHER,68,3,35,-1,-1,-1,06T34@3,BUYER,0,-1,-1,-1,4
1077,OTHER,T22,68,2,10,42,-1,-1,SELLER,01T22@0,0,68,-1,-1,0
1076,T23,OTHER,68,2,35,42,-1,-1,07T23@3,BUYER,0,68,-1,-1,4
1074,OTHER,T34,68,2,10,42,-1,-1,SELLER,00T34@0,0,68,-1,-1,0
1073,OTHER,T22,68,5,10,42,-1,-1,SELLER,01T22@0,0,68,-1,-1,0
1072,OTHER,T34,68,3,10,42,-1,-1,SELLER,00T34@0,0,68,-1,-1,0
1481,T34,T06,69,18,19,-1,-1,63,00T34@0,03T06@1,17,-1,-1,-1,1
1100,OTHER,T34,69,4,10,43,-1,-1,SELLER,00T34@0,0,69,-1,-1,0
1502,T22,T06,69,18,19,-1,-1,64,01T22@0,02T06@1,17,-1,-1,-1,1
1102,OTHER,T34,69,1,10,43,-1,-1,SELLER,00T34@0,0,69,-1,-1,0
1101,T23,OTHER,69,4,35,43,-1,-1,07T23@3,BUYER,0,69,-1,-1,4
1107,T34,OTHER,69,7,35,-1,-1,-1,06T34@3,BUYER,0,-1,-1,-1,4
1099,T23,OTHER,69,2,35,43,-1,-1,07T23@3,BUYER,0,69,-1,-1,4
1485,T22,T06,69,18,19,-1,-1,63,01T22@0,03T06@1,17,-1,-1,-1,1
1486,T34,T06,69,18,19,-1,-1,63,00T34@0,02T06@1,16,-1,-1,-1,1
1103,T34,OTHER,69,1,35,43,-1,-1,06T34@3,BUYER,0,69,-1,-1,4
1098,OTHER,T22,69,2,10,43,-1,-1,SELLER,01T22@0,0,69,-1,-1,0
1092,T34,OTHER,69,4,35,43,-1,-1,06T34@3,BUYER,0,69,-1,-1,4
1096,T34,OTHER,69,2,35,43,-1,-1,06T34@3,BUYER,0,69,-1,-1,4
1094,OTHER,T34,69,4,10,43,-1,-1,SELLER,00T34@0,0,69,-1,-1,0
1093,OTHER,T22,69,3,10,43,-1,-1,SELLER,01T22@0,0,69,-1,-1,0
1429,T22,T06,69,16,20,-1,-1,60,01T22@0,03T06@1,17,-1,-1,-1,1
1097,OTHER,T22,69,6,10,43,-1,-1,SELLER,01T22@0,0,69,-1,-1,0
1118,OTHER,T34,70,5,10,44,-1,-1,SELLER,00T34@0,0,70,-1,-1,0
1117,OTHER,T22,70,2,10,44,-1,-1,SELLER,01T22@0,0,70,-1,-1,0
1119,OTHER,T22,70,1,10,44,-1,-1,SELLER,01T22@0,0,70,-1,-1,0
1577,T06,T06,70,1,27,-1,-1,70,02T06@1,04T06@2,17,-1,-1,-1,2
1121,T34,OTHER,70,2,35,-1,-1,-1,06T34@3,BUYER,0,-1,-1,-1,4
1126,T34,OTHER,70,5,35,-1,-1,-1,06T34@3,BUYER,0,-1,-1,-1,4
1517,T06,T06,70,1,27,-1,-1,65,02T06@1,04T06@2,17,-1,-1,-1,2
1519,T34,T23,70,3,44,66,-1,66,05T34@2,07T23@3,16,70,-1,-1,3
1500,T22,T06,70,18,20,-1,-1,64,01T22@0,03T06@1,17,-1,-1,-1,1
1114,OTHER,T34,70,3,10,44,-1,-1,SELLER,00T34@0,0,70,-1,-1,0
1116,OTHER,T22,70,7,10,44,-1,-1,SELLER,01T22@0,0,70,-1,-1,0
1112,OTHER,T22,70,2,10,44,-1,-1,SELLER,01T22@0,0,70,-1,-1,0
1430,T22,T06,70,51,11,-1,-1,60,01T22@0,03T06@1,2,-1,-1,-1,1
1438,T34,T23,70,3,48,61,-1,61,05T34@2,07T23@3,14,70,-1,-1,3
1447,T22,T06,70,15,20,-1,-1,61,01T22@0,03T06@1,17,-1,-1,-1,1
1113,T34,OTHER,70,1,35,44,-1,-1,06T34@3,BUYER,0,70,-1,-1,4
1466,T22,T06,70,18,20,-1,-1,62,01T22@0,02T06@1,17,-1,-1,-1,1
1451,T22,T06,70,15,20,-1,-1,61,01T22@0,02T06@1,17,-1,-1,-1,1
1110,T34,OTHER,70,7,35,44,-1,-1,06T34@3,BUYER,0,70,-1,-1,4
1111,T23,OTHER,70,5,35,44,-1,-1,07T23@3,BUYER,0,70,-1,-1,4
1135,T23,OTHER,71,3,35,45,-1,-1,07T23@3,BUYER,0,71,-1,-1,4
1139,T34,OTHER,71,3,35,-1,-1,-1,06T34@3,BUYER,0,-1,-1,-1,4
1136,OTHER,T34,71,4,10,45,-1,-1,SELLER,00T34@0,0,71,-1,-1,0
1134,OTHER,T22,71,2,10,45,-1,-1,SELLER,01T22@0,0,71,-1,-1,0
1138,T34,OTHER,71,4,35,-1,-1,-1,06T34@3,BUYER,0,-1,-1,-1,4
1140,T34,OTHER,71,3,35,-1,-1,-1,06T34@3,BUYER,0,-1,-1,-1,4
1530,T34,T06,71,16,19,-1,-1,66,00T34@0,02T06@1,17,-1,-1,-1,1
1585,T06,T06,71,1,27,-1,-1,71,02T06@1,04T06@2,17,-1,-1,-1,2
1133,T23,OTHER,71,3,35,45,-1,-1,07T23@3,BUYER,0,71,-1,-1,4
1132,OTHER,T22,71,4,10,45,-1,-1,SELLER,01T22@0,0,71,-1,-1,0
1128,T23,OTHER,71,4,35,45,-1,-1,07T23@3,BUYER,0,71,-1,-1,4
1131,OTHER,T34,71,3,10,45,-1,-1,SELLER,00T34@0,0,71,-1,-1,0
1527,T34,T06,71,16,19,-1,-1,66,00T34@0,03T06@1,17,-1,-1,-1,1
1446,T22,T06,71,54,13,-1,-1,61,01T22@0,02T06@1,2,-1,-1,-1,1
1458,T34,T23,71,1,54,62,-1,62,05T34@2,07T23@3,11,71,-1,-1,3
1473,T34,T23,71,5,49,63,-1,63,05T34@2,07T23@3,13,71,-1,-1,3
1558,T22,T06,71,16,19,-1,-1,68,01T22@0,02T06@1,17,-1,-1,-1,1
1515,T22,T06,71,16,19,-1,-1,65,01T22@0,03T06@1,17,-1,-1,-1,1
1129,OTHER,T22,71,4,10,45,-1,-1,SELLER,01T22@0,0,71,-1,-1,0
1130,OTHER,T34,71,3,10,45,-1,-1,SELLER,00T34@0,0,71,-1,-1,0
1503,T22,T06,71,20,20,-1,-1,64,01T22@0,02T06@1,17,-1,-1,-1,1
1157,T34,OTHER,72,3,35,-1,-1,-1,06T34@3,BUYER,0,-1,-1,-1,4
1156,OTHER,T22,72,3,10,46,-1,-1,SELLER,01T22@0,0,72,-1,-1,0
1155,T23,OTHER,72,3,35,46,-1,-1,07T23@3,BUYER,0,72,-1,-1,4
1154,OTHER,T34,72,3,10,46,-1,-1,SELLER,00T34@0,0,72,-1,-1,0
1153,OTHER,T34,72,4,10,46,-1,-1,SELLER,00T34@0,0,72,-1,-1,0
1150,T34,OTHER,72,1,35,46,-1,-1,06T34@3,BUYER,0,72,-1,-1,4
1149,OTHER,T34,72,3,10,46,-1,-1,SELLER,00T34@0,0,72,-1,-1,0
1546,T34,T06,72,17,19,-1,-1,67,00T34@0,02T06@1,16,-1,-1,-1,1
1147,OTHER,T22,72,5,10,46,-1,-1,SELLER,01T22@0,0,72,-1,-1,0
1542,T34,T06,72,17,19,-1,-1,67,00T34@0,03T06@1,16,-1,-1,-1,1
1145,T34,OTHER,72,5,35,46,-1,-1,06T34@3,BUYER,0,72,-1,-1,4
1532,T22,T06,72,17,19,-1,-1,66,01T22@0,03T06@1,17,-1,-1,-1,1
1507,T22,T06,72,20,19,-1,-1,64,01T22@0,03T06@1,17,-1,-1,-1,1
1148,T23,OTHER,72,3,35,46,-1,-1,07T23@3,BUYER,0,72,-1,-1,4
1146,T34,OTHER,72,5,35,46,-1,-1,06T34@3,BUYER,0,72,-1,-1,4
1151,OTHER,T34,72,2,10,46,-1,-1,SELLER,00T34@0,0,72,-1,-1,0
1591,T22,T06,72,104,13,-1,-1,72,01T22@0,02T06@1,2,-1,-1,-1,1
1592,T06,T06,72,1,27,-1,-1,72,02T06@1,04T06@2,17,-1,-1,-1,2
1559,T22,T06,73,13,19,-1,-1,68,01T22@0,02T06@1,17,-1,-1,-1,1
1172,T23,OTHER,73,3,35,47,-1,-1,07T23@3,BUYER,0,73,-1,-1,4
1531,T22,T06,73,11,20,-1,-1,66,01T22@0,03T06@1,17,-1,-1,-1,1
1175,T34,OTHER,73,4,35,-1,-1,-1,06T34@3,BUYER,0,-1,-1,-1,4
1176,T34,OTHER,73,3,35,-1,-1,-1,06T34@3,BUYER,0,-1,-1,-1,4
1171,OTHER,T34,73,1,10,47,-1,-1,SELLER,00T34@0,0,73,-1,-1,0
1170,OTHER,T22,73,3,10,47,-1,-1,SELLER,01T22@0,0,73,-1,-1,0
1168,OTHER,T34,73,6,10,47,-1,-1,SELLER,00T34@0,0,73,-1,-1,0
1560,T34,T06,73,15,19,-1,-1,68,00T34@0,03T06@1,17,-1,-1,-1,1
1506,T34,T06,73,11,20,-1,-1,64,00T34@0,03T06@1,17,-1,-1,-1,1
1166,T23,OTHER,73,2,35,47,-1,-1,07T23@3,BUYER,0,73,-1,-1,4
1501,T22,T06,73,11,20,-1,-1,64,01T22@0,03T06@1,17,-1,-1,-1,1
1167,OTHER,T34,73,4,10,47,-1,-1,SELLER,00T34@0,0,73,-1,-1,0
1165,OTHER,T22,73,3,10,47,-1,-1,SELLER,01T22@0,0,73,-1,-1,0
1164,T34,OTHER,73,2,35,47,-1,-1,06T34@3,BUYER,0,73,-1,-1,4
1163,T23,OTHER,73,6,35,47,-1,-1,07T23@3,BUYER,0,73,-1,-1,4
1499,T34,T06,73,15,17,-1,-1,64,00T34@0,02T06@1,17,-1,-1,-1,1
1557,T06,T06,73,1,27,-1,-1,68,02T06@1,04T06@2,17,-1,-1,-1,2
1482,T22,T06,73,11,20,-1,-1,63,01T22@0,03T06@1,17,-1,-1,-1,1
1496,T34,T23,73,4,54,64,-1,64,05T34@2,07T23@3,11,73,-1,-1,3
1162,OTHER,T22,73,3,10,47,-1,-1,SELLER,01T22@0,0,73,-1,-1,0
1191,OTHER,T34,74,3,10,48,-1,-1,SELLER,00T34@0,0,74,-1,-1,0
1190,T34,OTHER,74,2,35,48,-1,-1,06T34@3,BUYER,0,74,-1,-1,4
1181,T23,OTHER,74,5,35,48,-1,-1,07T23@3,BUYER,0,74,-1,-1,4
1189,OTHER,T22,74,5,10,48,-1,-1,SELLER,01T22@0,0,74,-1,-1,0
1184,T34,OTHER,74,4,35,48,-1,-1,06T34@3,BUYER,0,74,-1,-1,4
1183,T23,OTHER,74,2,35,48,-1,-1,07T23@3,BUYER,0,74,-1,-1,4
1186,OTHER,T34,74,2,10,48,-1,-1,SELLER,00T34@0,0,74,-1,-1,0
1185,OTHER,T34,74,6,10,48,-1,-1,SELLER,00T34@0,0,74,-1,-1,0
1187,T23,OTHER,74,4,35,48,-1,-1,07T23@3,BUYER,0,74,-1,-1,4
1511,T34,T23,74,5,53,65,-1,65,05T34@2,07T23@3,10,74,-1,-1,3
1586,T22,T06,74,14,19,-1,-1,71,01T22@0,03T06@1,17,-1,-1,-1,1
1182,OTHER,T22,74,2,10,48,-1,-1,SELLER,01T22@0,0,74,-1,-1,0
1529,T22,T06,74,16,20,-1,-1,66,01T22@0,02T06@1,17,-1,-1,-1,1
1197,T34,OTHER,74,3,35,-1,-1,-1,06T34@3,BUYER,0,-1,-1,-1,4
1563,T22,T06,74,16,20,-1,-1,69,01T22@0,03T06@1,17,-1,-1,-1,1
1564,T06,T06,74,1,27,-1,-1,69,02T06@1,04T06@2,17,-1,-1,-1,2
1566,T22,T06,74,16,20,-1,-1,69,01T22@0,02T06@1,17,-1,-1,-1,1
1573,T34,T06,74,14,19,-1,-1,70,00T34@0,02T06@1,17,-1,-1,-1,1
1556,T22,T06,74,59,13,-1,-1,68,01T22@0,02T06@1,2,-1,-1,-1,1
1533,T22,T06,74,44,13,-1,-1,66,01T22@0,02T06@1,2,-1,-1,-1,1
1541,T22,T06,74,16,20,-1,-1,67,01T22@0,03T06@1,17,-1,-1,-1,1
1192,OTHER,T22,74,2,10,48,-1,-1,SELLER,01T22@0,0,74,-1,-1,0
1583,T34,T06,75,14,19,-1,-1,71,00T34@0,03T06@1,17,-1,-1,-1,1
1199,T23,OTHER,75,4,35,49,-1,-1,07T23@3,BUYER,0,75,-1,-1,4
1614,T06,T06,75,1,27,-1,-1,75,02T06@1,04T06@2,17,-1,-1,-1,2
1217,T34,OTHER,75,2,35,-1,-1,-1,06T34@3,BUYER,0,-1,-1,-1,4
1200,T34,OTHER,75,4,35,49,-1,-1,06T34@3,BUYER,0,75,-1,-1,4
1201,OTHER,T34,75,5,10,49,-1,-1,SELLER,00T34@0,0,75,-1,-1,0
1202,OTHER,T34,75,1,10,49,-1,-1,SELLER,00T34@0,0,75,-1,-1,0
1203,OTHER,T22,75,4,10,49,-1,-1,SELLER,01T22@0,0,75,-1,-1,0
1206,OTHER,T34,75,2,10,49,-1,-1,SELLER,00T34@0,0,75,-1,-1,0
1210,T34,OTHER,75,4,35,-1,-1,-1,06T34@3,BUYER,0,-1,-1,-1,4
1204,OTHER,T22,75,3,10,49,-1,-1,SELLER,01T22@0,0,75,-1,-1,0
1205,T23,OTHER,75,2,35,49,-1,-1,07T23@3,BUYER,0,75,-1,-1,4
1211,T34,OTHER,75,4,35,-1,-1,-1,06T34@3,BUYER,0,-1,-1,-1,4
1516,T22,T06,75,50,13,-1,-1,65,01T22@0,02T06@1,2,-1,-1,-1,1
1526,T22,T06,75,17,20,-1,-1,66,01T22@0,02T06@1,17,-1,-1,-1,1
1207,OTHER,T34,75,5,10,49,-1,-1,SELLER,00T34@0,0,75,-1,-1,0
1221,OTHER,T22,76,4,10,50,-1,-1,SELLER,01T22@0,0,76,-1,-1,0
1222,OTHER,T22,76,4,10,50,-1,-1,SELLER,01T22@0,0,76,-1,-1,0
1234,T34,OTHER,76,6,35,-1,-1,-1,06T34@3,BUYER,0,-1,-1,-1,4
1228,OTHER,T34,76,3,10,50,-1,-1,SELLER,00T34@0,0,76,-1,-1,0
1227,OTHER,T34,76,2,10,50,-1,-1,SELLER,00T34@0,0,76,-1,-1,0
1224,OTHER,T34,76,5,10,50,-1,-1,SELLER,00T34@0,0,76,-1,-1,0
1230,T34,OTHER,76,1,35,50,-1,-1,06T34@3,BUYER,0,76,-1,-1,4
1229,T23,OTHER,76,5,35,50,-1,-1,07T23@3,BUYER,0,76,-1,-1,4
1225,T23,OTHER,76,2,35,50,-1,-1,07T23@3,BUYER,0,76,-1,-1,4
1223,OTHER,T22,76,2,10,50,-1,-1,SELLER,01T22@0,0,76,-1,-1,0
1226,T23,OTHER,76,2,35,50,-1,-1,07T23@3,BUYER,0,76,-1,-1,4
1220,T34,OTHER,76,4,35,50,-1,-1,06T34@3,BUYER,0,76,-1,-1,4
1621,T06,T06,76,1,27,-1,-1,76,02T06@1,04T06@2,17,-1,-1,-1,2
1547,T22,T06,76,15,20,-1,-1,67,01T22@0,03T06@1,17,-1,-1,-1,1
1545,T22,T06,76,38,13,-1,-1,67,01T22@0,02T06@1,2,-1,-1,-1,1
1544,T22,T06,76,15,20,-1,-1,67,01T22@0,02T06@1,17,-1,-1,-1,1
1537,T34,T23,76,1,54,67,-1,67,05T34@2,07T23@3,11,76,-1,-1,3
1572,T22,T06,76,6,11,-1,-1,70,01T22@0,03T06@1,2,-1,-1,-1,1
1579,T22,T06,76,6,11,-1,-1,70,01T22@0,03T06@1,2,-1,-1,-1,1
1582,T22,T06,76,11,19,-1,-1,71,01T22@0,03T06@1,17,-1,-1,-1,1
1584,T22,T06,76,11,19,-1,-1,71,01T22@0,02T06@1,17,-1,-1,-1,1
1561,T34,T06,77,13,20,-1,-1,68,00T34@0,02T06@1,17,-1,-1,-1,1
1550,T34,T23,77,4,54,68,-1,68,05T34@2,07T23@3,8,77,-1,-1,3
1259,T34,OTHER,77,3,35,-1,-1,-1,06T34@3,BUYER,0,-1,-1,-1,4
1239,OTHER,T22,77,2,10,51,-1,-1,SELLER,01T22@0,0,77,-1,-1,0
1587,T34,T23,77,5,54,72,-1,72,05T34@2,07T23@3,8,77,-1,-1,3
1241,OTHER,T34,77,2,10,51,-1,-1,SELLER,00T34@0,0,77,-1,-1,0
1250,T34,OTHER,77,3,35,51,-1,-1,06T34@3,BUYER,0,77,-1,-1,4
1249,T23,OTHER,77,7,35,51,-1,-1,07T23@3,BUYER,0,77,-1,-1,4
1248,T23,OTHER,77,2,35,51,-1,-1,07T23@3,BUYER,0,77,-1,-1,4
1240,T23,OTHER,77,4,35,51,-1,-1,07T23@3,BUYER,0,77,-1,-1,4
1246,OTHER,T34,77,6,10,51,-1,-1,SELLER,00T34@0,0,77,-1,-1,0
1247,T23,OTHER,77,1,35,51,-1,-1,07T23@3,BUYER,0,77,-1,-1,4
1244,OTHER,T34,77,3,10,51,-1,-1,SELLER,00T34@0,0,77,-1,-1,0
1242,OTHER,T22,77,3,10,51,-1,-1,SELLER,01T22@0,0,77,-1,-1,0
1245,OTHER,T22,77,4,10,51,-1,-1,SELLER,01T22@0,0,77,-1,-1,0
1570,T22,T06,78,13,20,-1,-1,69,01T22@0,03T06@1,17,-1,-1,-1,1
1569,T22,T06,78,13,20,-1,-1,69,01T22@0,02T06@1,17,-1,-1,-1,1
1598,T34,T06,78,15,19,-1,-1,73,00T34@0,02T06@1,17,-1,-1,-1,1
1568,T34,T06,78,12,20,-1,-1,69,00T34@0,02T06@1,17,-1,-1,-1,1
1588,T22,T06,78,15,19,-1,-1,72,01T22@0,03T06@1,17,-1,-1,-1,1
1596,T34,T06,78,15,19,-1,-1,73,00T34@0,03T06@1,17,-1,-1,-1,1
1600,T22,T06,78,14,19,-1,-1,73,01T22@0,02T06@1,17,-1,-1,-1,1
1565,T34,T06,78,12,20,-1,-1,69,00T34@0,03T06@1,17,-1,-1,-1,1
1562,T34,T23,78,1,54,69,-1,69,05T34@2,07T23@3,11,78,-1,-1,3
1608,T34,T06,78,14,19,-1,-1,74,00T34@0,02T06@1,17,-1,-1,-1,1
1636,T06,T06,78,1,27,-1,-1,78,02T06@1,04T06@2,17,-1,-1,-1,2
1597,T06,T06,78,1,27,-1,-1,73,02T06@1,04T06@2,17,-1,-1,-1,2
1273,T34,OTHER,78,5,35,-1,-1,-1,06T34@3,BUYER,0,-1,-1,-1,4
1262,T34,OTHER,78,2,35,52,-1,-1,06T34@3,BUYER,0,78,-1,-1,4
1279,T34,OTHER,78,3,35,-1,-1,-1,06T34@3,BUYER,0,-1,-1,-1,4
1271,T23,OTHER,78,5,35,52,-1,-1,07T23@3,BUYER,0,78,-1,-1,4
1270,T23,OTHER,78,2,35,52,-1,-1,07T23@3,BUYER,0,78,-1,-1,4
1268,OTHER,T22,78,1,10,52,-1,-1,SELLER,01T22@0,0,78,-1,-1,0
1267,OTHER,T22,78,6,10,52,-1,-1,SELLER,01T22@0,0,78,-1,-1,0
1269,OTHER,T22,78,3,10,52,-1,-1,SELLER,01T22@0,0,78,-1,-1,0
1265,OTHER,T34,78,3,10,52,-1,-1,SELLER,00T34@0,0,78,-1,-1,0
1264,OTHER,T34,78,5,10,52,-1,-1,SELLER,00T34@0,0,78,-1,-1,0
1261,OTHER,T22,78,2,10,52,-1,-1,SELLER,01T22@0,0,78,-1,-1,0
1266,T34,OTHER,78,3,35,52,-1,-1,06T34@3,BUYER,0,78,-1,-1,4
1295,T34,OTHER,79,5,35,-1,-1,-1,06T34@3,BUYER,0,-1,-1,-1,4
1593,T22,T06,79,14,20,-1,-1,72,01T22@0,02T06@1,17,-1,-1,-1,1
1285,T34,OTHER,79,1,35,53,-1,-1,06T34@3,BUYER,0,79,-1,-1,4
1607,T06,T06,79,1,27,-1,-1,74,02T06@1,04T06@2,17,-1,-1,-1,2
1589,T22,T06,79,14,20,-1,-1,72,01T22@0,03T06@1,17,-1,-1,-1,1
1281,OTHER,T34,79,4,10,53,-1,-1,SELLER,00T34@0,0,79,-1,-1,0
1282,OTHER,T34,79,1,10,53,-1,-1,SELLER,00T34@0,0,79,-1,-1,0
1283,T34,OTHER,79,4,35,53,-1,-1,06T34@3,BUYER,0,79,-1,-1,4
1284,T34,OTHER,79,4,35,53,-1,-1,06T34@3,BUYER,0,79,-1,-1,4
1578,T22,T06,79,14,20,-1,-1,70,01T22@0,02T06@1,17,-1,-1,-1,1
1292,OTHER,T22,79,3,10,53,-1,-1,SELLER,01T22@0,0,79,-1,-1,0
1286,OTHER,T34,79,3,10,53,-1,-1,SELLER,00T34@0,0,79,-1,-1,0
1567,T22,T06,79,14,20,-1,-1,69,01T22@0,03T06@1,17,-1,-1,-1,1
1576,T34,T06,79,12,20,-1,-1,70,00T34@0,03T06@1,17,-1,-1,-1,1
1288,OTHER,T34,79,7,10,53,-1,-1,SELLER,00T34@0,0,79,-1,-1,0
1289,T23,OTHER,79,3,35,53,-1,-1,07T23@3,BUYER,0,79,-1,-1,4
1571,T34,T23,79,5,53,70,-1,70,05T34@2,07T23@3,10,79,-1,-1,3
1287,T23,OTHER,79,3,35,53,-1,-1,07T23@3,BUYER,0,79,-1,-1,4
1291,OTHER,T22,79,2,10,53,-1,-1,SELLER,01T22@0,0,79,-1,-1,0
1611,T34,T06,80,17,19,-1,-1,75,00T34@0,03T06@1,16,-1,-1,-1,1
1300,T34,OTHER,80,6,35,54,-1,-1,06T34@3,BUYER,0,80,-1,-1,4
1301,T23,OTHER,80,6,35,54,-1,-1,07T23@3,BUYER,0,80,-1,-1,4
1302,OTHER,T34,80,4,10,54,-1,-1,SELLER,00T34@0,0,80,-1,-1,0
1303,OTHER,T22,80,5,10,54,-1,-1,SELLER,01T22@0,0,80,-1,-1,0
1304,OTHER,T34,80,4,10,54,-1,-1,SELLER,00T34@0,0,80,-1,-1,0
1612,T34,T06,80,17,19,-1,-1,75,00T34@0,02T06@1,16,-1,-1,-1,1
1307,OTHER,T22,80,1,10,54,-1,-1,SELLER,01T22@0,0,80,-1,-1,0
1316,T34,OTHER,80,2,35,-1,-1,-1,06T34@3,BUYER,0,-1,-1,-1,4
1320,T34,OTHER,80,3,35,-1,-1,-1,06T34@3,BUYER,0,-1,-1,-1,4
1574,T22,T06,80,14,20,-1,-1,70,01T22@0,03T06@1,17,-1,-1,-1,1
1575,T22,T06,80,14,20,-1,-1,70,01T22@0,02T06@1,17,-1,-1,-1,1
1321,T34,OTHER,80,2,35,-1,-1,-1,06T34@3,BUYER,0,-1,-1,-1,4
1580,T34,T23,80,1,52,71,-1,71,05T34@2,07T23@3,13,80,-1,-1,3
1305,T23,OTHER,80,1,35,54,-1,-1,07T23@3,BUYER,0,80,-1,-1,4
1309,OTHER,T22,80,5,10,54,-1,-1,SELLER,01T22@0,0,80,-1,-1,0
1306,OTHER,T22,80,1,10,54,-1,-1,SELLER,01T22@0,0,80,-1,-1,0
1618,T22,T06,80,10,19,-1,-1,76,01T22@0,03T06@1,17,-1,-1,-1,1
1651,T06,T06,80,1,27,-1,-1,80,02T06@1,04T06@2,17,-1,-1,-1,2
1650,T22,T06,80,10,19,-1,-1,80,01T22@0,02T06@1,17,-1,-1,-1,1
1642,T22,T06,80,10,19,-1,-1,79,01T22@0,02T06@1,17,-1,-1,-1,1
1599,T22,T06,81,15,20,-1,-1,73,01T22@0,02T06@1,17,-1,-1,-1,1
1601,T22,T06,81,15,20,-1,-1,73,01T22@0,03T06@1,17,-1,-1,-1,1
1339,T34,OTHER,81,4,35,-1,-1,-1,06T34@3,BUYER,0,-1,-1,-1,4
1336,T34,OTHER,81,4,35,-1,-1,-1,06T34@3,BUYER,0,-1,-1,-1,4
1332,OTHER,T34,81,3,10,55,-1,-1,SELLER,00T34@0,0,81,-1,-1,0
1590,T34,T06,81,20,15,-1,-1,72,00T34@0,03T06@1,17,-1,-1,-1,1
1331,OTHER,T22,81,4,10,55,-1,-1,SELLER,01T22@0,0,81,-1,-1,0
1329,OTHER,T34,81,2,10,55,-1,-1,SELLER,00T34@0,0,81,-1,-1,0
1328,T23,OTHER,81,3,35,55,-1,-1,07T23@3,BUYER,0,81,-1,-1,4
1581,T22,T06,81,56,13,-1,-1,71,01T22@0,02T06@1,2,-1,-1,-1,1
1326,T23,OTHER,81,6,35,55,-1,-1,07T23@3,BUYER,0,81,-1,-1,4
1660,T06,T06,81,1,27,-1,-1,81,02T06@1,04T06@2,17,-1,-1,-1,2
1327,OTHER,T34,81,5,10,55,-1,-1,SELLER,00T34@0,0,81,-1,-1,0
1322,T34,OTHER,81,1,35,55,-1,-1,06T34@3,BUYER,0,81,-1,-1,4
1594,T34,T06,81,11,20,-1,-1,72,00T34@0,02T06@1,17,-1,-1,-1,1
1323,T23,OTHER,81,2,35,55,-1,-1,07T23@3,BUYER,0,81,-1,-1,4
1324,OTHER,T22,81,2,10,55,-1,-1,SELLER,01T22@0,0,81,-1,-1,0
1325,OTHER,T34,81,4,10,55,-1,-1,SELLER,00T34@0,0,81,-1,-1,0
1645,T22,T06,82,11,19,-1,-1,79,01T22@0,03T06@1,17,-1,-1,-1,1
1655,T34,T23,82,3,54,81,-1,81,05T34@2,07T23@3,12,82,-1,-1,3
1342,OTHER,T34,82,3,10,56,-1,-1,SELLER,00T34@0,0,82,-1,-1,0
1343,OTHER,T22,82,6,10,56,-1,-1,SELLER,01T22@0,0,82,-1,-1,0
1346,T23,OTHER,82,3,35,56,-1,-1,07T23@3,BUYER,0,82,-1,-1,4
1347,T23,OTHER,82,4,35,56,-1,-1,07T23@3,BUYER,0,82,-1,-1,4
1348,T34,OTHER,82,1,35,56,-1,-1,06T34@3,BUYER,0,82,-1,-1,4
1349,OTHER,T34,82,4,10,56,-1,-1,SELLER,00T34@0,0,82,-1,-1,0
1350,OTHER,T22,82,4,10,56,-1,-1,SELLER,01T22@0,0,82,-1,-1,0
1666,T06,T06,82,1,27,-1,-1,82,02T06@1,04T06@2,17,-1,-1,-1,2
1356,T34,OTHER,82,6,35,-1,-1,-1,06T34@3,BUYER,0,-1,-1,-1,4
1639,T34,T23,82,3,53,79,-1,79,05T34@2,07T23@3,11,82,-1,-1,3
1344,OTHER,T34,82,3,10,56,-1,-1,SELLER,00T34@0,0,82,-1,-1,0
1351,T23,OTHER,82,6,35,56,-1,-1,07T23@3,BUYER,0,82,-1,-1,4
1624,T06,T06,82,1,27,-1,-1,77,02T06@1,04T06@2,17,-1,-1,-1,2
1595,T34,T23,82,5,49,73,-1,73,05T34@2,07T23@3,14,82,-1,-1,3
1625,T22,T06,82,11,19,-1,-1,77,01T22@0,03T06@1,17,-1,-1,-1,1
1626,T22,T06,82,17,19,-1,-1,77,01T22@0,02T06@1,17,-1,-1,-1,1
1630,T22,T06,82,11,19,-1,-1,78,01T22@0,02T06@1,17,-1,-1,-1,1
1628,T34,T06,82,17,19,-1,-1,77,00T34@0,02T06@1,16,-1,-1,-1,1
1368,OTHER,T22,83,2,10,57,-1,-1,SELLER,01T22@0,0,83,-1,-1,0
1606,T22,T06,83,17,20,-1,-1,74,01T22@0,02T06@1,17,-1,-1,-1,1
1609,T22,T06,83,14,20,-1,-1,74,01T22@0,03T06@1,17,-1,-1,-1,1
1376,T34,OTHER,83,4,35,-1,-1,-1,06T34@3,BUYER,0,-1,-1,-1,4
1605,T22,T06,83,14,20,-1,-1,74,01T22@0,02T06@1,17,-1,-1,-1,1
1604,T22,T06,83,17,20,-1,-1,74,01T22@0,03T06@1,17,-1,-1,-1,1
1603,T34,T06,83,12,20,-1,-1,74,00T34@0,03T06@1,17,-1,-1,-1,1
1602,T34,T23,83,5,52,74,-1,74,05T34@2,07T23@3,13,83,-1,-1,3
1371,T34,OTHER,83,4,35,-1,-1,-1,06T34@3,BUYER,0,-1,-1,-1,4
1367,OTHER,T22,83,3,10,57,-1,-1,SELLER,01T22@0,0,83,-1,-1,0
1366,T23,OTHER,83,3,35,57,-1,-1,07T23@3,BUYER,0,83,-1,-1,4
1365,T34,OTHER,83,3,35,57,-1,-1,06T34@3,BUYER,0,83,-1,-1,4
1359,OTHER,T34,83,1,10,57,-1,-1,SELLER,00T34@0,0,83,-1,-1,0
1364,OTHER,T22,83,4,10,57,-1,-1,SELLER,01T22@0,0,83,-1,-1,0
1363,OTHER,T34,83,7,10,57,-1,-1,SELLER,00T34@0,0,83,-1,-1,0
1362,T23,OTHER,83,3,35,57,-1,-1,07T23@3,BUYER,0,83,-1,-1,4
1360,T23,OTHER,83,3,35,57,-1,-1,07T23@3,BUYER,0,83,-1,-1,4
1671,T34,T23,83,4,50,83,-1,83,05T34@2,07T23@3,13,83,-1,-1,3
1358,OTHER,T34,83,3,10,57,-1,-1,SELLER,00T34@0,0,83,-1,-1,0
1667,T22,T06,84,14,19,-1,-1,82,01T22@0,03T06@1,17,-1,-1,-1,1
1643,T06,T06,84,1,27,-1,-1,79,02T06@1,04T06@2,17,-1,-1,-1,2
1678,T22,T06,84,14,19,-1,-1,83,01T22@0,02T06@1,17,-1,-1,-1,1
1610,T34,T23,84,5,49,75,-1,75,05T34@2,07T23@3,13,84,-1,-1,3
1613,T22,T06,84,44,11,-1,-1,75,01T22@0,03T06@1,2,-1,-1,-1,1
1382,OTHER,T22,84,3,10,58,-1,-1,SELLER,01T22@0,0,84,-1,-1,0
1383,T23,OTHER,84,2,35,58,-1,-1,07T23@3,BUYER,0,84,-1,-1,4
1384,OTHER,T34,84,5,10,58,-1,-1,SELLER,00T34@0,0,84,-1,-1,0
1393,T34,OTHER,84,5,35,-1,-1,-1,06T34@3,BUYER,0,-1,-1,-1,4
1386,T23,OTHER,84,5,35,58,-1,-1,07T23@3,BUYER,0,84,-1,-1,4
1680,T06,T06,84,1,27,-1,-1,84,02T06@1,04T06@2,17,-1,-1,-1,2
1385,OTHER,T22,84,4,10,58,-1,-1,SELLER,01T22@0,0,84,-1,-1,0
1380,T23,OTHER,84,4,35,58,-1,-1,07T23@3,BUYER,0,84,-1,-1,4
1381,OTHER,T34,84,1,10,58,-1,-1,SELLER,00T34@0,0,84,-1,-1,0
1395,T34,OTHER,84,3,35,-1,-1,-1,06T34@3,BUYER,0,-1,-1,-1,4
1641,T22,T06,84,14,19,-1,-1,79,01T22@0,03T06@1,17,-1,-1,-1,1
1638,T22,T06,84,15,19,-1,-1,78,01T22@0,02T06@1,17,-1,-1,-1,1
1387,T23,OTHER,84,1,35,58,-1,-1,07T23@3,BUYER,0,84,-1,-1,4
1377,OTHER,T34,84,4,10,58,-1,-1,SELLER,00T34@0,0,84,-1,-1,0
1378,OTHER,T22,84,3,10,58,-1,-1,SELLER,01T22@0,0,84,-1,-1,0
1407,T23,OTHER,85,7,35,59,-1,-1,07T23@3,BUYER,0,85,-1,-1,4
1402,T23,OTHER,85,1,35,59,-1,-1,07T23@3,BUYER,0,85,-1,-1,4
1631,T22,T06,85,10,20,-1,-1,78,01T22@0,03T06@1,17,-1,-1,-1,1
1633,T22,T06,85,17,20,-1,-1,78,01T22@0,03T06@1,17,-1,-1,-1,1
1396,OTHER,T34,85,5,10,59,-1,-1,SELLER,00T34@0,0,85,-1,-1,0
1627,T22,T06,85,10,20,-1,-1,77,01T22@0,03T06@1,17,-1,-1,-1,1
1397,OTHER,T22,85,3,10,59,-1,-1,SELLER,01T22@0,0,85,-1,-1,0
1398,T34,OTHER,85,4,35,59,-1,-1,06T34@3,BUYER,0,85,-1,-1,4
1408,OTHER,T22,85,4,10,59,-1,-1,SELLER,01T22@0,0,85,-1,-1,0
1406,T23,OTHER,85,3,35,59,-1,-1,07T23@3,BUYER,0,85,-1,-1,4
1404,OTHER,T34,85,3,10,59,-1,-1,SELLER,00T34@0,0,85,-1,-1,0
1403,OTHER,T22,85,1,10,59,-1,-1,SELLER,01T22@0,0,85,-1,-1,0
1617,T22,T06,85,17,20,-1,-1,76,01T22@0,03T06@1,17,-1,-1,-1,1
1400,OTHER,T22,85,4,10,59,-1,-1,SELLER,01T22@0,0,85,-1,-1,0
1616,T34,T23,85,4,53,76,-1,76,05T34@2,07T23@3,10,85,-1,-1,3
1615,T22,T06,85,10,20,-1,-1,75,01T22@0,03T06@1,17,-1,-1,-1,1
1619,T34,T06,85,10,20,-1,-1,76,00T34@0,02T06@1,17,-1,-1,-1,1
1401,T34,OTHER,85,2,35,59,-1,-1,06T34@3,BUYER,0,85,-1,-1,4
1634,T22,T06,85,17,20,-1,-1,78,01T22@0,02T06@1,17,-1,-1,-1,1
1620,T34,T06,85,10,20,-1,-1,76,00T34@0,03T06@1,17,-1,-1,-1,1
1405,T34,OTHER,85,3,35,59,-1,-1,06T34@3,BUYER,0,85,-1,-1,4
1653,T22,T06,86,15,19,-1,-1,80,01T22@0,03T06@1,17,-1,-1,-1,1
1662,T34,T06,86,15,19,-1,-1,81,00T34@0,02T06@1,17,-1,-1,-1,1
1694,T22,T06,86,88,13,-1,-1,86,01T22@0,03T06@1,2,-1,-1,-1,1
1622,T34,T23,86,5,49,77,-1,77,05T34@2,07T23@3,13,86,-1,-1,3
1417,OTHER,T34,86,5,10,60,-1,-1,SELLER,00T34@0,0,86,-1,-1,0
1418,OTHER,T22,86,4,10,60,-1,-1,SELLER,01T22@0,0,86,-1,-1,0
1416,T34,OTHER,86,5,35,60,-1,-1,06T34@3,BUYER,0,86,-1,-1,4
1426,OTHER,T22,86,2,10,60,-1,-1,SELLER,01T22@0,0,86,-1,-1,0
1425,T23,OTHER,86,4,35,60,-1,-1,07T23@3,BUYER,0,86,-1,-1,4
1424,OTHER,T34,86,4,10,60,-1,-1,SELLER,00T34@0,0,86,-1,-1,0
1423,OTHER,T22,86,3,10,60,-1,-1,SELLER,01T22@0,0,86,-1,-1,0
1422,T23,OTHER,86,2,35,60,-1,-1,07T23@3,BUYER,0,86,-1,-1,4
1427,OTHER,T34,86,2,10,60,-1,-1,SELLER,00T34@0,0,86,-1,-1,0
1420,T34,OTHER,86,2,35,60,-1,-1,06T34@3,BUYER,0,86,-1,-1,4
1419,T23,OTHER,86,3,35,60,-1,-1,07T23@3,BUYER,0,86,-1,-1,4
1421,T34,OTHER,86,4,35,60,-1,-1,06T34@3,BUYER,0,86,-1,-1,4
1669,T34,T06,87,17,19,-1,-1,82,00T34@0,03T06@1,17,-1,-1,-1,1
1450,T34,OTHER,87,5,35,-1,-1,-1,06T34@3,BUYER,0,-1,-1,-1,4
1693,T34,T06,87,14,19,-1,-1,86,00T34@0,03T06@1,17,-1,-1,-1,1
1449,T34,OTHER,87,6,35,-1,-1,-1,06T34@3,BUYER,0,-1,-1,-1,4
1443,T23,OTHER,87,2,35,61,-1,-1,07T23@3,BUYER,0,87,-1,-1,4
1635,T22,T06,87,15,20,-1,-1,78,01T22@0,03T06@1,17,-1,-1,-1,1
1697,T06,T06,87,1,27,-1,-1,87,02T06@1,04T06@2,17,-1,-1,-1,2
1690,T34,T06,87,14,19,-1,-1,85,00T34@0,03T06@1,17,-1,-1,-1,1
1442,OTHER,T22,87,4,10,61,-1,-1,SELLER,01T22@0,0,87,-1,-1,0
1441,OTHER,T34,87,2,10,61,-1,-1,SELLER,00T34@0,0,87,-1,-1,0
1440,OTHER,T34,87,2,10,61,-1,-1,SELLER,00T34@0,0,87,-1,-1,0
1439,OTHER,T22,87,2,10,61,-1,-1,SELLER,01T22@0,0,87,-1,-1,0
1436,OTHER,T22,87,3,10,61,-1,-1,SELLER,01T22@0,0,87,-1,-1,0
1435,T34,OTHER,87,3,35,61,-1,-1,06T34@3,BUYER,0,87,-1,-1,4
1434,OTHER,T34,87,7,10,61,-1,-1,SELLER,00T34@0,0,87,-1,-1,0
1652,T22,T06,87,11,20,-1,-1,80,01T22@0,03T06@1,17,-1,-1,-1,1
1629,T34,T23,87,4,54,78,-1,78,05T34@2,07T23@3,9,87,-1,-1,3
1696,T34,T06,87,14,19,-1,-1,87,00T34@0,03T06@1,17,-1,-1,-1,1
1659,T22,T06,87,11,20,-1,-1,81,01T22@0,02T06@1,17,-1,-1,-1,1
1664,T22,T06,87,17,19,-1,-1,82,01T22@0,02T06@1,17,-1,-1,-1,1
1677,T22,T06,87,14,19,-1,-1,83,01T22@0,03T06@1,17,-1,-1,-1,1
1675,T34,T06,87,14,19,-1,-1,83,00T34@0,03T06@1,17,-1,-1,-1,1
1668,T34,T06,87,17,19,-1,-1,82,00T34@0,02T06@1,17,-1,-1,-1,1
1437,T23,OTHER,87,4,35,61,-1,-1,07T23@3,BUYER,0,87,-1,-1,4
1623,T22,T06,87,53,11,-1,-1,77,01T22@0,03T06@1,2,-1,-1,-1,1
1632,T34,T06,87,11,20,-1,-1,78,00T34@0,02T06@1,17,-1,-1,-1,1
1637,T22,T06,88,59,11,-1,-1,78,01T22@0,03T06@1,2,-1,-1,-1,1
1644,T34,T06,88,13,20,-1,-1,79,00T34@0,02T06@1,17,-1,-1,-1,1
1453,OTHER,T34,88,2,10,62,-1,-1,SELLER,00T34@0,0,88,-1,-1,0
1454,OTHER,T22,88,3,10,62,-1,-1,SELLER,01T22@0,0,88,-1,-1,0
1455,T23,OTHER,88,1,35,62,-1,-1,07T23@3,BUYER,0,88,-1,-1,4
1456,T34,OTHER,88,3,35,62,-1,-1,06T34@3,BUYER,0,88,-1,-1,4
1457,T23,OTHER,88,3,35,62,-1,-1,07T23@3,BUYER,0,88,-1,-1,4
1459,OTHER,T34,88,4,10,62,-1,-1,SELLER,00T34@0,0,88,-1,-1,0
1460,T23,OTHER,88,5,35,62,-1,-1,07T23@3,BUYER,0,88,-1,-1,4
1461,T23,OTHER,88,3,35,62,-1,-1,07T23@3,BUYER,0,88,-1,-1,4
1452,OTHER,T34,88,4,10,62,-1,-1,SELLER,00T34@0,0,88,-1,-1,0
1462,OTHER,T34,88,3,10,62,-1,-1,SELLER,00T34@0,0,88,-1,-1,0
1468,T34,OTHER,88,5,35,-1,-1,-1,06T34@3,BUYER,0,-1,-1,-1,4
1673,T06,T06,88,1,27,-1,-1,83,02T06@1,04T06@2,17,-1,-1,-1,2
1463,OTHER,T22,88,4,10,62,-1,-1,SELLER,01T22@0,0,88,-1,-1,0
1640,T34,T06,88,13,20,-1,-1,79,00T34@0,03T06@1,17,-1,-1,-1,1
1647,T34,T06,89,12,20,-1,-1,80,00T34@0,02T06@1,17,-1,-1,-1,1
1648,T22,T06,89,15,20,-1,-1,80,01T22@0,02T06@1,17,-1,-1,-1,1
1646,T34,T23,89,1,54,80,-1,80,05T34@2,07T23@3,11,89,-1,-1,3
1649,T22,T06,89,14,20,-1,-1,80,01T22@0,02T06@1,17,-1,-1,-1,1
1480,OTHER,T34,89,4,10,63,-1,-1,SELLER,00T34@0,0,89,-1,-1,0
1654,T34,T06,89,12,20,-1,-1,80,00T34@0,03T06@1,17,-1,-1,-1,1
1658,T22,T06,89,14,20,-1,-1,81,01T22@0,03T06@1,17,-1,-1,-1,1
1676,T22,T06,89,14,20,-1,-1,83,01T22@0,03T06@1,17,-1,-1,-1,1
1479,T23,OTHER,89,5,35,63,-1,-1,07T23@3,BUYER,0,89,-1,-1,4
1472,OTHER,T22,89,3,10,63,-1,-1,SELLER,01T22@0,0,89,-1,-1,0
1471,T34,OTHER,89,3,35,63,-1,-1,06T34@3,BUYER,0,89,-1,-1,4
1470,OTHER,T34,89,1,10,63,-1,-1,SELLER,00T34@0,0,89,-1,-1,0
1483,T34,OTHER,89,7,35,-1,-1,-1,06T34@3,BUYER,0,-1,-1,-1,4
1475,T23,OTHER,89,4,35,63,-1,-1,07T23@3,BUYER,0,89,-1,-1,4
1477,OTHER,T34,89,4,10,63,-1,-1,SELLER,00T34@0,0,89,-1,-1,0
1474,OTHER,T22,89,4,10,63,-1,-1,SELLER,01T22@0,0,89,-1,-1,0
1478,T23,OTHER,89,1,35,63,-1,-1,07T23@3,BUYER,0,89,-1,-1,4
1476,OTHER,T22,89,4,10,63,-1,-1,SELLER,01T22@0,0,89,-1,-1,0
1657,T22,T06,90,44,13,-1,-1,81,01T22@0,02T06@1,2,-1,-1,-1,1
1681,T22,T06,90,2,11,-1,-1,84,01T22@0,03T06@1,2,-1,-1,-1,1
1683,T22,T06,90,2,11,-1,-1,84,01T22@0,02T06@1,2,-1,-1,-1,1
1679,T34,T23,90,4,51,84,-1,84,05T34@2,07T23@3,12,90,-1,-1,3
1685,T22,T06,90,2,11,-1,-1,84,01T22@0,03T06@1,2,-1,-1,-1,1
1686,T22,T06,90,2,11,-1,-1,84,01T22@0,02T06@1,2,-1,-1,-1,1
1661,T22,T06,90,17,20,-1,-1,81,01T22@0,02T06@1,17,-1,-1,-1,1
1489,OTHER,T34,90,2,10,64,-1,-1,SELLER,00T34@0,0,90,-1,-1,0
1656,T34,T06,90,13,20,-1,-1,81,00T34@0,03T06@1,17,-1,-1,-1,1
1490,T23,OTHER,90,5,35,64,-1,-1,07T23@3,BUYER,0,90,-1,-1,4
1487,OTHER,T34,90,5,10,64,-1,-1,SELLER,00T34@0,0,90,-1,-1,0
1505,T34,OTHER,90,2,35,-1,-1,-1,06T34@3,BUYER,0,-1,-1,-1,4
1498,T34,OTHER,90,3,35,64,-1,-1,06T34@3,BUYER,0,90,-1,-1,4
1488,OTHER,T34,90,2,10,64,-1,-1,SELLER,00T34@0,0,90,-1,-1,0
1497,OTHER,T22,90,4,10,64,-1,-1,SELLER,01T22@0,0,90,-1,-1,0
1495,T23,OTHER,90,2,35,64,-1,-1,07T23@3,BUYER,0,90,-1,-1,4
1494,T34,OTHER,90,4,35,64,-1,-1,06T34@3,BUYER,0,90,-1,-1,4
1493,OTHER,T22,90,5,10,64,-1,-1,SELLER,01T22@0,0,90,-1,-1,0
1492,T23,OTHER,90,4,35,64,-1,-1,07T23@3,BUYER,0,90,-1,-1,4
1491,OTHER,T22,90,2,10,64,-1,-1,SELLER,01T22@0,0,90,-1,-1,0
1688,T06,T06,90,1,27,-1,-1,85,02T06@1,04T06@2,17,-1,-1,-1,2
1665,T22,T06,90,17,20,-1,-1,82,01T22@0,03T06@1,17,-1,-1,-1,1
1689,T22,T06,91,16,13,-1,-1,85,01T22@0,02T06@1,7,-1,-1,-1,1
1692,T06,T06,91,1,27,-1,-1,86,02T06@1,04T06@2,17,-1,-1,-1,2
1663,T34,T23,91,5,53,82,-1,82,05T34@2,07T23@3,9,91,-1,-1,3
1512,T34,OTHER,91,5,35,-1,-1,-1,06T34@3,BUYER,0,-1,-1,-1,4
1513,T34,OTHER,91,7,35,-1,-1,-1,06T34@3,BUYER,0,-1,-1,-1,4
1510,T34,OTHER,91,1,35,65,-1,-1,06T34@3,BUYER,0,91,-1,-1,4
1509,T23,OTHER,91,4,35,65,-1,-1,07T23@3,BUYER,0,91,-1,-1,4
1508,T23,OTHER,91,3,35,65,-1,-1,07T23@3,BUYER,0,91,-1,-1,4
1702,T34,T23,92,5,54,92,-1,92,05T34@2,07T23@3,14,92,-1,-1,3
1672,T34,T06,92,12,20,-1,-1,83,00T34@0,02T06@1,17,-1,-1,-1,1
1524,T34,OTHER,92,1,35,66,-1,-1,06T34@3,BUYER,0,92,-1,-1,4
1674,T22,T06,92,14,20,-1,-1,83,01T22@0,02T06@1,17,-1,-1,-1,1
1520,T23,OTHER,92,4,35,66,-1,-1,07T23@3,BUYER,0,92,-1,-1,4
1523,T23,OTHER,92,5,35,66,-1,-1,07T23@3,BUYER,0,92,-1,-1,4
1695,T34,T23,92,3,53,87,-1,87,05T34@2,07T23@3,13,92,-1,-1,3
1522,T34,OTHER,92,5,35,66,-1,-1,06T34@3,BUYER,0,92,-1,-1,4
1518,T34,OTHER,92,4,35,66,-1,-1,06T34@3,BUYER,0,92,-1,-1,4
1521,T23,OTHER,92,1,35,66,-1,-1,07T23@3,BUYER,0,92,-1,-1,4
1682,T34,T06,92,12,20,-1,-1,84,00T34@0,03T06@1,17,-1,-1,-1,1
1670,T22,T06,92,14,20,-1,-1,82,01T22@0,02T06@1,17,-1,-1,-1,1
1684,T34,T06,92,12,20,-1,-1,84,00T34@0,02T06@1,17,-1,-1,-1,1
1535,T23,OTHER,93,3,35,67,-1,-1,07T23@3,BUYER,0,93,-1,-1,4
1540,T34,OTHER,93,3,35,67,-1,-1,06T34@3,BUYER,0,93,-1,-1,4
1539,T23,OTHER,93,5,35,67,-1,-1,07T23@3,BUYER,0,93,-1,-1,4
1538,T34,OTHER,93,3,35,67,-1,-1,06T34@3,BUYER,0,93,-1,-1,4
1536,T34,OTHER,93,3,35,67,-1,-1,06T34@3,BUYER,0,93,-1,-1,4
1534,T23,OTHER,93,3,35,67,-1,-1,07T23@3,BUYER,0,93,-1,-1,4
1699,T34,T23,94,1,54,89,-1,89,05T34@2,07T23@3,11,94,-1,-1,3
1701,T34,T23,94,3,53,91,-1,91,05T34@2,07T23@3,12,94,-1,-1,3
1698,T34,T23,94,1,52,88,-1,88,05T34@2,07T23@3,13,94,-1,-1,3
1700,T34,T23,94,4,52,90,-1,90,05T34@2,07T23@3,12,94,-1,-1,3
1555,T34,OTHER,94,5,35,68,-1,-1,06T34@3,BUYER,0,94,-1,-1,4
1687,T34,T23,94,1,53,85,-1,85,05T34@2,07T23@3,13,94,-1,-1,3
1703,T34,T23,94,5,45,93,-1,93,05T34@2,07T23@3,16,94,-1,-1,3
1549,T23,OTHER,94,2,35,68,-1,-1,07T23@3,BUYER,0,94,-1,-1,4
1551,T34,OTHER,94,3,35,68,-1,-1,06T34@3,BUYER,0,94,-1,-1,4
1552,T23,OTHER,94,5,35,68,-1,-1,07T23@3,BUYER,0,94,-1,-1,4
1553,T23,OTHER,94,1,35,68,-1,-1,07T23@3,BUYER,0,94,-1,-1,4
1554,T23,OTHER,94,4,35,68,-1,-1,07T23@3,BUYER,0,94,-1,-1,4
1691,T34,T23,94,1,52,86,-1,86,05T34@2,07T23@3,13,94,-1,-1,3
1704,T22,T06,94,1,19,-1,-1,94,01T22@0,03T06@1,18,-1,-1,-1,1
