index,seller_type,buyer_type,delivery_time,quantity,unit_price,signed_at,nullified_at,concluded_at,seller,buyer,n_neg_steps,executed_at,erred_at,dropped_at,product
689,OTHER,T35,0,2,10,0,-1,-1,SELLER,00T35@0,0,0,-1,-1,0
1,OTHER,T35,0,4,10,0,-1,-1,SELLER,00T35@0,0,0,-1,-1,0
3,OTHER,T35,0,5,10,0,-1,-1,SELLER,01T35@0,0,0,-1,-1,0
423,OTHER,T35,0,2,10,0,-1,-1,SELLER,00T35@0,0,0,-1,-1,0
607,OTHER,T35,0,2,10,0,-1,-1,SELLER,01T35@0,0,0,-1,-1,0
502,OTHER,T35,0,1,10,0,-1,-1,SELLER,01T35@0,0,0,-1,-1,0
577,OTHER,T35,0,2,10,0,-1,-1,SELLER,00T35@0,0,0,-1,-1,0
673,OTHER,T35,0,1,10,0,-1,-1,SELLER,01T35@0,0,0,-1,-1,0
535,OTHER,T35,0,1,10,0,-1,-1,SELLER,00T35@0,0,0,-1,-1,0
718,OTHER,T35,1,1,10,0,-1,-1,SELLER,00T35@0,0,1,-1,-1,0
719,OTHER,T35,1,2,10,0,-1,-1,SELLER,01T35@0,0,1,-1,-1,0
651,OTHER,T35,1,2,10,0,-1,-1,SELLER,00T35@0,0,1,-1,-1,0
758,OTHER,T35,1,2,10,0,-1,-1,SELLER,00T35@0,0,1,-1,-1,0
121,OTHER,T35,1,2,10,0,-1,-1,SELLER,00T35@0,0,1,-1,-1,0
1160,T35,T22,1,5,10,1,-1,1,01T35@0,03T22@1,17,1,-1,-1,1
1175,T35,T09,1,16,21,-1,-1,1,05T35@2,07T09@3,17,-1,-1,-1,3
115,OTHER,T35,1,2,10,0,-1,-1,SELLER,01T35@0,0,1,-1,-1,0
1187,T22,T35,1,5,43,-1,-1,1,03T22@1,04T35@2,17,-1,-1,-1,2
478,OTHER,T35,1,2,10,0,-1,-1,SELLER,01T35@0,0,1,-1,-1,0
429,OTHER,T35,1,5,10,0,-1,-1,SELLER,00T35@0,0,1,-1,-1,0
1186,T35,T09,1,16,24,-1,-1,1,04T35@2,07T09@3,17,-1,-1,-1,3
245,OTHER,T35,1,2,10,0,-1,-1,SELLER,00T35@0,0,1,-1,-1,0
1181,T35,T09,2,30,20,-1,-1,1,04T35@2,07T09@3,17,-1,-1,-1,3
1188,T35,T09,2,30,20,-1,-1,1,05T35@2,07T09@3,17,-1,-1,-1,3
1168,T35,T22,2,5,9,1,-1,1,00T35@0,03T22@1,17,2,-1,-1,1
1167,T22,T35,2,5,43,1,-1,1,03T22@1,05T35@2,17,2,-1,-1,2
1193,T35,T22,2,5,9,2,-1,2,01T35@0,03T22@1,17,2,-1,-1,1
1196,T35,T35,2,10,16,2,-1,2,02T35@1,05T35@2,17,2,-1,-1,2
1212,T35,T35,2,10,16,2,-1,2,02T35@1,04T35@2,17,2,-1,-1,2
750,OTHER,T35,2,3,10,0,-1,-1,SELLER,00T35@0,0,2,-1,-1,0
744,OTHER,T35,2,1,10,0,-1,-1,SELLER,00T35@0,0,2,-1,-1,0
1216,T22,T35,2,5,43,-1,-1,2,03T22@1,05T35@2,17,-1,-1,-1,2
1220,T22,T35,2,10,16,-1,-1,2,03T22@1,05T35@2,17,-1,-1,-1,2
1158,T35,T22,2,5,10,1,-1,1,01T35@0,03T22@1,17,2,-1,-1,1
358,OTHER,T35,2,2,10,0,-1,-1,SELLER,01T35@0,0,2,-1,-1,0
391,OTHER,T35,2,3,10,0,-1,-1,SELLER,00T35@0,0,2,-1,-1,0
622,OTHER,T35,2,3,10,0,-1,-1,SELLER,01T35@0,0,2,-1,-1,0
460,OTHER,T35,2,1,10,0,-1,-1,SELLER,01T35@0,0,2,-1,-1,0
369,OTHER,T35,2,4,10,0,-1,-1,SELLER,01T35@0,0,2,-1,-1,0
512,OTHER,T35,2,3,10,0,-1,-1,SELLER,00T35@0,0,2,-1,-1,0
1214,T35,T09,3,60,21,-1,-1,2,05T35@2,07T09@3,17,-1,-1,-1,3
224,OTHER,T35,3,2,10,0,-1,-1,SELLER,01T35@0,0,3,-1,-1,0
1205,T35,T22,3,5,10,2,-1,2,00T35@0,03T22@1,17,3,-1,-1,1
1244,T35,T22,3,5,9,3,-1,3,00T35@0,03T22@1,17,3,-1,-1,1
521,OTHER,T35,3,2,10,0,-1,-1,SELLER,01T35@0,0,3,-1,-1,0
1184,T35,T09,3,40,20,-1,-1,1,04T35@2,07T09@3,17,-1,-1,-1,3
1183,T35,T09,3,40,20,-1,-1,1,05T35@2,07T09@3,17,-1,-1,-1,3
1260,T22,T35,3,9,14,-1,-1,3,03T22@1,05T35@2,17,-1,-1,-1,2
385,OTHER,T35,3,3,10,0,-1,-1,SELLER,01T35@0,0,3,-1,-1,0
1173,T35,T22,3,5,9,1,-1,1,01T35@0,03T22@1,17,3,-1,-1,1
1171,T22,T35,3,5,43,1,-1,1,03T22@1,05T35@2,17,3,-1,-1,2
601,OTHER,T35,3,1,10,0,-1,-1,SELLER,00T35@0,0,3,-1,-1,0
1213,T35,T22,3,5,10,2,-1,2,00T35@0,03T22@1,17,3,-1,-1,1
1154,T35,T22,3,5,10,1,-1,1,00T35@0,03T22@1,17,3,-1,-1,1
438,OTHER,T35,3,3,10,0,-1,-1,SELLER,01T35@0,0,3,-1,-1,0
656,OTHER,T35,3,4,10,0,-1,-1,SELLER,00T35@0,0,3,-1,-1,0
753,OTHER,T35,3,3,10,0,-1,-1,SELLER,01T35@0,0,3,-1,-1,0
667,OTHER,T35,3,2,10,0,-1,-1,SELLER,00T35@0,0,3,-1,-1,0
493,T34,OTHER,4,3,59,0,-1,-1,06T34@3,BUYER,0,4,-1,-1,4
624,OTHER,T35,4,4,10,0,-1,-1,SELLER,01T35@0,0,4,-1,-1,0
1208,T35,T22,4,5,10,2,-1,2,01T35@0,03T22@1,17,4,-1,-1,1
84,OTHER,T35,4,2,10,0,-1,-1,SELLER,00T35@0,0,4,-1,-1,0
741,OTHER,T35,4,2,10,0,-1,-1,SELLER,00T35@0,0,4,-1,-1,0
225,OTHER,T35,4,1,10,0,-1,-1,SELLER,01T35@0,0,4,-1,-1,0
1141,T09,OTHER,4,5,59,-1,-1,-1,07T09@3,BUYER,0,-1,-1,-1,4
1233,T35,T22,4,5,10,3,-1,3,01T35@0,03T22@1,17,4,-1,-1,1
1247,T35,T22,4,5,9,3,-1,3,00T35@0,03T22@1,17,4,-1,-1,1
1255,T35,T09,4,60,21,-1,-1,3,04T35@2,07T09@3,17,-1,-1,-1,3
1263,T35,T22,4,5,10,4,-1,4,01T35@0,03T22@1,17,4,-1,-1,1
1269,T35,T22,4,5,9,4,-1,4,00T35@0,03T22@1,17,4,-1,-1,1
1278,T35,T35,4,7,9,4,-1,4,00T35@0,02T35@1,17,4,-1,-1,1
1289,T22,T35,4,5,43,-1,-1,4,03T22@1,05T35@2,17,-1,-1,-1,2
1192,T35,T22,4,5,10,2,-1,2,01T35@0,03T22@1,17,4,-1,-1,1
1190,T35,T09,4,46,20,-1,-1,1,04T35@2,07T09@3,17,-1,-1,-1,3
638,T34,OTHER,4,1,59,0,-1,-1,06T34@3,BUYER,0,4,-1,-1,4
1178,T35,T09,4,60,24,-1,-1,1,04T35@2,07T09@3,17,-1,-1,-1,3
1031,T09,OTHER,4,1,59,-1,-1,-1,07T09@3,BUYER,0,-1,-1,-1,4
991,T09,OTHER,4,3,59,-1,-1,-1,07T09@3,BUYER,0,-1,-1,-1,4
1164,T22,T35,4,5,43,1,-1,1,03T22@1,04T35@2,17,4,-1,-1,2
604,T34,OTHER,4,2,59,0,-1,-1,06T34@3,BUYER,0,4,-1,-1,4
52,OTHER,T35,4,3,10,0,-1,-1,SELLER,00T35@0,0,4,-1,-1,0
252,OTHER,T35,4,1,10,0,-1,-1,SELLER,01T35@0,0,4,-1,-1,0
20,OTHER,T35,4,6,10,0,-1,-1,SELLER,00T35@0,0,4,-1,-1,0
1179,T35,T09,4,60,24,-1,-1,1,05T35@2,07T09@3,17,-1,-1,-1,3
1034,T09,OTHER,4,4,59,-1,-1,-1,07T09@3,BUYER,0,-1,-1,-1,4
1131,T09,OTHER,4,1,59,-1,-1,-1,07T09@3,BUYER,0,-1,-1,-1,4
1185,T35,T09,4,46,20,-1,-1,1,05T35@2,07T09@3,17,-1,-1,-1,3
248,OTHER,T35,4,1,10,0,-1,-1,SELLER,00T35@0,0,4,-1,-1,0
1287,T35,T09,5,60,21,-1,-1,4,04T35@2,07T09@3,17,-1,-1,-1,3
1286,T35,T09,5,60,21,-1,-1,4,05T35@2,07T09@3,17,-1,-1,-1,3
1290,T22,T35,5,5,43,-1,-1,4,03T22@1,05T35@2,17,-1,-1,-1,2
1304,T35,T22,5,5,10,5,-1,5,00T35@0,03T22@1,17,5,-1,-1,1
1275,T35,T22,5,5,9,4,-1,4,01T35@0,03T22@1,17,5,-1,-1,1
1322,T22,T35,5,27,28,-1,-1,5,03T22@1,05T35@2,2,-1,-1,-1,2
1268,T35,T35,5,7,10,4,-1,4,01T35@0,02T35@1,17,5,-1,-1,1
1323,T22,T35,5,8,14,-1,-1,5,03T22@1,05T35@2,17,-1,-1,-1,2
1262,T35,T22,5,5,9,4,-1,4,01T35@0,03T22@1,17,5,-1,-1,1
1329,T35,T35,5,12,9,-1,-1,5,01T35@0,02T35@1,17,-1,-1,-1,1
529,OTHER,T35,5,1,10,0,-1,-1,SELLER,01T35@0,0,5,-1,-1,0
1236,T35,T22,5,5,9,3,-1,3,01T35@0,03T22@1,17,5,-1,-1,1
674,OTHER,T35,5,4,10,0,-1,-1,SELLER,00T35@0,0,5,-1,-1,0
1228,T35,T22,5,5,10,3,-1,3,00T35@0,03T22@1,17,5,-1,-1,1
441,OTHER,T35,5,4,10,0,-1,-1,SELLER,01T35@0,0,5,-1,-1,0
432,T34,OTHER,5,2,59,0,-1,-1,06T34@3,BUYER,0,5,-1,-1,4
1217,T35,T09,5,60,24,-1,-1,2,04T35@2,07T09@3,17,-1,-1,-1,3
452,OTHER,T35,5,5,10,0,-1,-1,SELLER,00T35@0,0,5,-1,-1,0
971,T09,OTHER,5,5,59,-1,-1,-1,07T09@3,BUYER,0,-1,-1,-1,4
272,OTHER,T35,5,3,10,0,-1,-1,SELLER,01T35@0,0,5,-1,-1,0
899,T09,OTHER,5,1,59,-1,-1,-1,07T09@3,BUYER,0,-1,-1,-1,4
893,T09,OTHER,5,1,59,-1,-1,-1,07T09@3,BUYER,0,-1,-1,-1,4
398,OTHER,T35,5,1,10,0,-1,-1,SELLER,00T35@0,0,5,-1,-1,0
856,T09,OTHER,5,2,59,-1,-1,-1,07T09@3,BUYER,0,-1,-1,-1,4
892,T09,OTHER,5,4,59,-1,-1,-1,07T09@3,BUYER,0,-1,-1,-1,4
887,T09,OTHER,5,1,59,-1,-1,-1,07T09@3,BUYER,0,-1,-1,-1,4
716,OTHER,T35,5,2,10,0,-1,-1,SELLER,01T35@0,0,5,-1,-1,0
534,T34,OTHER,5,1,59,0,-1,-1,06T34@3,BUYER,0,5,-1,-1,4
1226,T22,T35,5,5,43,-1,-1,2,03T22@1,04T35@2,17,-1,-1,-1,2
33,T34,OTHER,5,3,59,0,-1,-1,06T34@3,BUYER,0,5,-1,-1,4
395,OTHER,T35,6,4,10,0,-1,-1,SELLER,00T35@0,0,6,-1,-1,0
407,OTHER,T35,6,1,10,0,-1,-1,SELLER,01T35@0,0,6,-1,-1,0
1361,T22,T35,6,5,43,-1,-1,6,03T22@1,05T35@2,17,-1,-1,-1,2
1265,T35,T22,6,5,9,4,-1,4,00T35@0,03T22@1,17,6,-1,-1,1
104,OTHER,T35,6,2,10,0,-1,-1,SELLER,00T35@0,0,6,-1,-1,0
1295,T22,T35,6,5,43,-1,-1,4,03T22@1,05T35@2,17,-1,-1,-1,2
1297,T35,T22,6,5,10,5,-1,5,01T35@0,03T22@1,17,6,-1,-1,1
7,OTHER,T35,6,1,10,0,-1,-1,SELLER,00T35@0,0,6,-1,-1,0
1303,T35,T22,6,5,10,5,-1,5,00T35@0,03T22@1,17,6,-1,-1,1
153,OTHER,T35,6,4,10,0,-1,-1,SELLER,01T35@0,0,6,-1,-1,0
1319,T35,T22,6,21,11,-1,-1,5,01T35@0,03T22@1,17,-1,-1,-1,1
469,OTHER,T35,6,2,10,0,-1,-1,SELLER,01T35@0,0,6,-1,-1,0
1337,T35,T22,6,5,9,6,-1,6,00T35@0,03T22@1,17,6,-1,-1,1
1324,T35,T09,6,60,21,-1,-1,5,04T35@2,07T09@3,17,-1,-1,-1,3
1333,T35,T35,6,7,14,6,-1,6,02T35@1,05T35@2,17,6,-1,-1,2
1253,T35,T09,6,60,24,-1,-1,3,05T35@2,07T09@3,17,-1,-1,-1,3
1331,T35,T22,6,5,9,6,-1,6,00T35@0,03T22@1,17,6,-1,-1,1
1328,T22,T35,6,5,43,-1,-1,5,03T22@1,05T35@2,17,-1,-1,-1,2
881,T09,OTHER,6,2,59,-1,-1,-1,07T09@3,BUYER,0,-1,-1,-1,4
984,T09,OTHER,6,3,59,-1,-1,-1,07T09@3,BUYER,0,-1,-1,-1,4
987,T09,OTHER,6,2,59,-1,-1,-1,07T09@3,BUYER,0,-1,-1,-1,4
294,OTHER,T35,6,1,10,0,-1,-1,SELLER,01T35@0,0,6,-1,-1,0
648,T34,OTHER,6,2,59,0,-1,-1,06T34@3,BUYER,0,6,-1,-1,4
1166,T22,T35,6,5,43,1,-1,1,03T22@1,05T35@2,17,6,-1,-1,2
809,T09,OTHER,6,4,59,-1,-1,-1,07T09@3,BUYER,0,-1,-1,-1,4
803,T09,OTHER,6,2,59,-1,-1,-1,07T09@3,BUYER,0,-1,-1,-1,4
359,T34,OTHER,6,2,59,0,-1,-1,06T34@3,BUYER,0,6,-1,-1,4
71,OTHER,T35,6,1,10,0,-1,-1,SELLER,01T35@0,0,6,-1,-1,0
696,OTHER,T35,6,4,10,0,-1,-1,SELLER,01T35@0,0,6,-1,-1,0
339,T34,OTHER,6,3,59,0,-1,-1,06T34@3,BUYER,0,6,-1,-1,4
580,T34,OTHER,7,4,59,0,-1,-1,06T34@3,BUYER,0,7,-1,-1,4
862,T09,OTHER,7,3,59,-1,-1,-1,07T09@3,BUYER,0,-1,-1,-1,4
1312,T35,T22,7,5,10,5,-1,5,01T35@0,03T22@1,17,7,-1,-1,1
176,T34,OTHER,7,4,59,0,-1,-1,06T34@3,BUYER,0,7,-1,-1,4
1145,T09,OTHER,7,2,59,-1,-1,-1,07T09@3,BUYER,0,-1,-1,-1,4
12,OTHER,T35,7,2,10,0,-1,-1,SELLER,01T35@0,0,7,-1,-1,0
525,OTHER,T35,7,1,10,0,-1,-1,SELLER,00T35@0,0,7,-1,-1,0
260,OTHER,T35,7,3,10,0,-1,-1,SELLER,00T35@0,0,7,-1,-1,0
646,OTHER,T35,7,2,10,0,-1,-1,SELLER,00T35@0,0,7,-1,-1,0
543,OTHER,T35,7,3,10,0,-1,-1,SELLER,00T35@0,0,7,-1,-1,0
64,OTHER,T35,7,4,10,0,-1,-1,SELLER,01T35@0,0,7,-1,-1,0
558,OTHER,T35,7,3,10,0,-1,-1,SELLER,00T35@0,0,7,-1,-1,0
1194,T22,T35,7,5,43,2,-1,2,03T22@1,04T35@2,17,7,-1,-1,2
496,OTHER,T35,7,2,10,0,-1,-1,SELLER,01T35@0,0,7,-1,-1,0
1232,T22,T35,7,5,43,3,-1,3,03T22@1,05T35@2,17,7,-1,-1,2
896,T09,OTHER,7,1,59,-1,-1,-1,07T09@3,BUYER,0,-1,-1,-1,4
1334,T35,T22,7,5,9,6,-1,6,01T35@0,03T22@1,17,7,-1,-1,1
157,T34,OTHER,7,3,59,0,-1,-1,06T34@3,BUYER,0,7,-1,-1,4
1392,T22,T35,7,5,43,-1,-1,7,03T22@1,05T35@2,17,-1,-1,-1,2
1374,T35,T22,7,5,10,7,-1,7,00T35@0,03T22@1,17,7,-1,-1,1
458,T34,OTHER,7,2,59,0,-1,-1,06T34@3,BUYER,0,7,-1,-1,4
1368,T35,T35,7,7,14,7,-1,7,02T35@1,05T35@2,17,7,-1,-1,2
1397,T22,T35,7,14,28,-1,-1,7,03T22@1,05T35@2,2,-1,-1,-1,2
152,T34,OTHER,7,1,59,0,-1,-1,06T34@3,BUYER,0,7,-1,-1,4
1327,T35,T09,8,60,24,-1,-1,5,05T35@2,07T09@3,17,-1,-1,-1,3
1056,T34,OTHER,8,3,59,-1,-1,-1,06T34@3,BUYER,0,-1,-1,-1,4
532,OTHER,T35,8,5,10,0,-1,-1,SELLER,00T35@0,0,8,-1,-1,0
404,T34,OTHER,8,1,59,0,-1,-1,06T34@3,BUYER,0,8,-1,-1,4
204,OTHER,T35,8,1,10,0,-1,-1,SELLER,01T35@0,0,8,-1,-1,0
592,OTHER,T35,8,3,10,0,-1,-1,SELLER,01T35@0,0,8,-1,-1,0
1243,T22,T35,8,5,41,3,-1,3,03T22@1,04T35@2,17,8,-1,-1,2
1242,T22,T35,8,5,43,3,-1,3,03T22@1,05T35@2,17,8,-1,-1,2
399,T34,OTHER,8,2,59,0,-1,-1,06T34@3,BUYER,0,8,-1,-1,4
275,OTHER,T35,8,1,10,0,-1,-1,SELLER,00T35@0,0,8,-1,-1,0
1353,T22,T35,8,5,43,-1,-1,6,03T22@1,04T35@2,17,-1,-1,-1,2
1206,T22,T35,8,5,41,2,-1,2,03T22@1,05T35@2,17,8,-1,-1,2
1393,T35,T09,8,60,21,-1,-1,7,04T35@2,07T09@3,17,-1,-1,-1,3
78,OTHER,T35,8,3,10,0,-1,-1,SELLER,01T35@0,0,8,-1,-1,0
575,T34,OTHER,8,2,59,0,-1,-1,06T34@3,BUYER,0,8,-1,-1,4
598,T34,OTHER,8,1,59,0,-1,-1,06T34@3,BUYER,0,8,-1,-1,4
1379,T35,T22,8,5,10,7,-1,7,00T35@0,03T22@1,17,8,-1,-1,1
446,OTHER,T35,8,1,10,0,-1,-1,SELLER,01T35@0,0,8,-1,-1,0
1281,T22,T35,8,5,43,4,-1,4,03T22@1,04T35@2,17,8,-1,-1,2
1066,T09,OTHER,8,2,59,-1,-1,-1,07T09@3,BUYER,0,-1,-1,-1,4
1404,T35,T35,8,6,14,8,-1,8,02T35@1,05T35@2,17,8,-1,-1,2
1412,T35,T22,8,5,10,8,-1,8,01T35@0,03T22@1,17,8,-1,-1,1
150,OTHER,T35,8,2,10,0,-1,-1,SELLER,00T35@0,0,8,-1,-1,0
418,OTHER,T35,8,4,10,0,-1,-1,SELLER,01T35@0,0,8,-1,-1,0
1341,T35,T22,8,5,9,6,-1,6,01T35@0,03T22@1,17,8,-1,-1,1
1431,T35,T22,8,27,9,-1,-1,8,01T35@0,03T22@1,17,-1,-1,-1,1
1036,T34,OTHER,8,4,59,-1,-1,-1,06T34@3,BUYER,0,-1,-1,-1,4
835,T09,OTHER,8,3,59,-1,-1,-1,07T09@3,BUYER,0,-1,-1,-1,4
890,T09,OTHER,8,2,59,-1,-1,-1,07T09@3,BUYER,0,-1,-1,-1,4
1464,T22,T35,9,7,14,-1,-1,9,03T22@1,04T35@2,17,-1,-1,-1,2
1399,T35,T22,9,5,10,8,-1,8,00T35@0,03T22@1,17,9,-1,-1,1
1429,T35,T22,9,27,10,-1,-1,8,00T35@0,03T22@1,17,-1,-1,-1,1
397,OTHER,T35,9,1,10,0,-1,-1,SELLER,01T35@0,0,9,-1,-1,0
860,T09,OTHER,9,5,59,-1,-1,-1,07T09@3,BUYER,0,-1,-1,-1,4
555,OTHER,T35,9,1,10,0,-1,-1,SELLER,00T35@0,0,9,-1,-1,0
1424,T35,T09,9,60,21,-1,-1,8,04T35@2,07T09@3,17,-1,-1,-1,3
75,T34,OTHER,9,3,59,0,-1,-1,06T34@3,BUYER,0,9,-1,-1,4
1339,T35,T22,9,21,8,6,-1,6,01T35@0,03T22@1,17,9,-1,-1,1
1199,T22,T35,9,5,41,2,-1,2,03T22@1,05T35@2,17,9,-1,-1,2
949,T34,OTHER,9,5,59,-1,-1,-1,06T34@3,BUYER,0,-1,-1,-1,4
1314,T35,T35,9,12,10,5,-1,5,00T35@0,02T35@1,17,9,-1,-1,1
1384,T35,T22,9,21,8,7,-1,7,01T35@0,03T22@1,17,9,-1,-1,1
954,T09,OTHER,9,1,59,-1,-1,-1,07T09@3,BUYER,0,-1,-1,-1,4
559,OTHER,T35,9,4,10,0,-1,-1,SELLER,00T35@0,0,9,-1,-1,0
1381,T35,T22,9,5,10,7,-1,7,01T35@0,03T22@1,17,9,-1,-1,1
31,T34,OTHER,9,2,59,0,-1,-1,06T34@3,BUYER,0,9,-1,-1,4
589,OTHER,T35,9,1,10,0,-1,-1,SELLER,01T35@0,0,9,-1,-1,0
182,OTHER,T35,9,1,10,0,-1,-1,SELLER,01T35@0,0,9,-1,-1,0
298,OTHER,T35,9,5,10,0,-1,-1,SELLER,01T35@0,0,9,-1,-1,0
1357,T35,T09,9,60,24,-1,-1,6,05T35@2,07T09@3,17,-1,-1,-1,3
149,OTHER,T35,9,3,10,0,-1,-1,SELLER,01T35@0,0,9,-1,-1,0
333,OTHER,T35,9,2,10,0,-1,-1,SELLER,00T35@0,0,9,-1,-1,0
1454,T35,T22,9,5,9,9,-1,9,00T35@0,03T22@1,17,9,-1,-1,1
1355,T22,T35,9,5,43,-1,-1,6,03T22@1,04T35@2,17,-1,-1,-1,2
106,OTHER,T35,9,2,10,0,-1,-1,SELLER,01T35@0,0,9,-1,-1,0
1364,T35,T22,9,5,10,7,-1,7,01T35@0,03T22@1,17,9,-1,-1,1
828,T09,OTHER,9,2,59,-1,-1,-1,07T09@3,BUYER,0,-1,-1,-1,4
1403,T35,T22,9,5,9,8,-1,8,00T35@0,03T22@1,17,9,-1,-1,1
1354,T35,T09,9,60,24,-1,-1,6,04T35@2,07T09@3,17,-1,-1,-1,3
1270,T22,T35,9,5,43,4,-1,4,03T22@1,05T35@2,17,9,-1,-1,2
1234,T22,T35,9,5,41,3,-1,3,03T22@1,05T35@2,17,9,-1,-1,2
1439,T35,T35,9,7,14,9,-1,9,02T35@1,04T35@2,17,9,-1,-1,2
1018,T34,OTHER,9,2,59,-1,-1,-1,06T34@3,BUYER,0,-1,-1,-1,4
2,OTHER,T35,10,3,10,0,-1,-1,SELLER,01T35@0,0,10,-1,-1,0
830,T09,OTHER,10,5,59,-1,-1,-1,07T09@3,BUYER,0,-1,-1,-1,4
793,T09,OTHER,10,2,59,-1,-1,-1,07T09@3,BUYER,0,-1,-1,-1,4
1159,T22,T35,10,5,41,1,-1,1,03T22@1,05T35@2,17,10,-1,-1,2
119,OTHER,T35,10,2,10,0,-1,-1,SELLER,00T35@0,0,10,-1,-1,0
278,OTHER,T35,10,2,10,0,-1,-1,SELLER,00T35@0,0,10,-1,-1,0
1396,T35,T09,10,60,24,-1,-1,7,05T35@2,07T09@3,17,-1,-1,-1,3
450,OTHER,T35,10,2,10,0,-1,-1,SELLER,00T35@0,0,10,-1,-1,0
330,OTHER,T35,10,2,10,0,-1,-1,SELLER,01T35@0,0,10,-1,-1,0
448,T34,OTHER,10,2,59,0,-1,-1,06T34@3,BUYER,0,10,-1,-1,4
1107,T09,OTHER,10,1,59,-1,-1,-1,07T09@3,BUYER,0,-1,-1,-1,4
1032,T34,OTHER,10,3,59,-1,-1,-1,06T34@3,BUYER,0,-1,-1,-1,4
761,T09,OTHER,10,3,59,-1,-1,-1,07T09@3,BUYER,0,-1,-1,-1,4
567,T34,OTHER,10,2,59,0,-1,-1,06T34@3,BUYER,0,10,-1,-1,4
1416,T35,T22,10,5,9,8,-1,8,00T35@0,03T22@1,17,10,-1,-1,1
1458,T22,T35,10,5,43,-1,-1,9,03T22@1,05T35@2,17,-1,-1,-1,2
1240,T22,T35,10,5,41,3,-1,3,03T22@1,04T35@2,17,10,-1,-1,2
1461,T35,T09,10,60,21,-1,-1,9,05T35@2,07T09@3,17,-1,-1,-1,3
1470,T35,T22,10,5,10,10,-1,10,01T35@0,03T22@1,17,10,-1,-1,1
1475,T35,T22,10,5,9,10,-1,10,00T35@0,03T22@1,17,10,-1,-1,1
1456,T35,T09,10,60,21,-1,-1,9,04T35@2,07T09@3,17,-1,-1,-1,3
495,OTHER,T35,10,6,10,0,-1,-1,SELLER,00T35@0,0,10,-1,-1,0
417,OTHER,T35,10,3,10,0,-1,-1,SELLER,01T35@0,0,10,-1,-1,0
1301,T22,T35,10,5,41,5,-1,5,03T22@1,04T35@2,17,10,-1,-1,2
1436,T35,T22,10,5,9,9,-1,9,00T35@0,03T22@1,17,10,-1,-1,1
1488,T22,T35,10,7,14,-1,-1,10,03T22@1,05T35@2,17,-1,-1,-1,2
1305,T22,T35,10,5,43,5,-1,5,03T22@1,04T35@2,17,10,-1,-1,2
381,T34,OTHER,10,2,59,0,-1,-1,06T34@3,BUYER,0,10,-1,-1,4
1482,T35,T35,10,5,14,10,-1,10,02T35@1,04T35@2,17,10,-1,-1,2
1425,T22,T35,10,5,43,-1,-1,8,03T22@1,05T35@2,17,-1,-1,-1,2
1238,T22,T35,11,5,41,3,-1,3,03T22@1,04T35@2,17,11,-1,-1,2
1453,T35,T22,11,5,10,9,-1,9,00T35@0,03T22@1,17,11,-1,-1,1
1448,T35,T22,11,5,10,9,-1,9,00T35@0,03T22@1,17,11,-1,-1,1
289,OTHER,T35,11,2,10,0,-1,-1,SELLER,00T35@0,0,11,-1,-1,0
1055,T34,OTHER,11,4,59,-1,-1,-1,06T34@3,BUYER,0,-1,-1,-1,4
1342,T22,T35,11,7,15,6,-1,6,03T22@1,05T35@2,17,11,-1,-1,2
1035,T09,OTHER,11,3,59,-1,-1,-1,07T09@3,BUYER,0,-1,-1,-1,4
1282,T35,T35,11,8,15,4,-1,4,02T35@1,04T35@2,17,11,-1,-1,2
1428,T35,T09,11,60,24,-1,-1,8,05T35@2,07T09@3,17,-1,-1,-1,3
1283,T22,T35,11,8,15,4,-1,4,03T22@1,04T35@2,17,11,-1,-1,2
1318,T35,T35,11,8,15,5,-1,5,02T35@1,05T35@2,17,11,-1,-1,2
886,T09,OTHER,11,3,59,-1,-1,-1,07T09@3,BUYER,0,-1,-1,-1,4
50,T34,OTHER,11,3,59,0,-1,-1,06T34@3,BUYER,0,11,-1,-1,4
874,T09,OTHER,11,3,59,-1,-1,-1,07T09@3,BUYER,0,-1,-1,-1,4
851,T09,OTHER,11,1,59,-1,-1,-1,07T09@3,BUYER,0,-1,-1,-1,4
191,OTHER,T35,11,1,10,0,-1,-1,SELLER,00T35@0,0,11,-1,-1,0
1489,T35,T09,11,60,21,-1,-1,10,04T35@2,07T09@3,17,-1,-1,-1,3
1518,T35,T22,11,5,9,11,-1,11,01T35@0,03T22@1,17,11,-1,-1,1
603,OTHER,T35,11,1,10,0,-1,-1,SELLER,00T35@0,0,11,-1,-1,0
27,OTHER,T35,11,2,10,0,-1,-1,SELLER,01T35@0,0,11,-1,-1,0
1477,T35,T22,11,5,10,10,-1,10,00T35@0,03T22@1,17,11,-1,-1,1
1391,T22,T35,11,7,15,-1,-1,7,03T22@1,05T35@2,17,-1,-1,-1,2
1375,T35,T35,11,7,15,7,-1,7,02T35@1,04T35@2,17,11,-1,-1,2
538,OTHER,T35,11,3,10,0,-1,-1,SELLER,00T35@0,0,11,-1,-1,0
30,OTHER,T35,11,2,10,0,-1,-1,SELLER,00T35@0,0,11,-1,-1,0
1198,T22,T35,11,5,41,2,-1,2,03T22@1,04T35@2,17,11,-1,-1,2
1197,T22,T35,11,10,13,2,-1,2,03T22@1,04T35@2,17,11,-1,-1,2
1083,T34,OTHER,11,3,59,-1,-1,-1,06T34@3,BUYER,0,-1,-1,-1,4
1229,T35,T35,11,9,15,3,-1,3,02T35@1,05T35@2,17,11,-1,-1,2
1508,T35,T35,11,7,14,11,-1,11,02T35@1,04T35@2,17,11,-1,-1,2
1533,T22,T35,11,7,14,-1,-1,11,03T22@1,04T35@2,17,-1,-1,-1,2
274,OTHER,T35,11,1,10,0,-1,-1,SELLER,01T35@0,0,11,-1,-1,0
548,OTHER,T35,11,4,10,0,-1,-1,SELLER,00T35@0,0,11,-1,-1,0
451,OTHER,T35,11,4,10,0,-1,-1,SELLER,01T35@0,0,11,-1,-1,0
1520,T35,T35,12,5,15,11,-1,11,02T35@1,05T35@2,17,12,-1,-1,2
473,OTHER,T35,12,6,10,0,-1,-1,SELLER,00T35@0,0,12,-1,-1,0
889,T09,OTHER,12,3,59,-1,-1,-1,07T09@3,BUYER,0,-1,-1,-1,4
21,OTHER,T35,12,2,10,0,-1,-1,SELLER,00T35@0,0,12,-1,-1,0
1521,T35,T22,12,5,9,11,-1,11,01T35@0,03T22@1,17,12,-1,-1,1
1545,T35,T22,12,5,9,12,-1,12,01T35@0,03T22@1,17,12,-1,-1,1
443,T34,OTHER,12,3,59,0,-1,-1,06T34@3,BUYER,0,12,-1,-1,4
1538,T22,T35,12,3,14,12,-1,12,03T22@1,04T35@2,17,12,-1,-1,2
367,OTHER,T35,12,1,10,0,-1,-1,SELLER,01T35@0,0,12,-1,-1,0
1529,T35,T09,12,60,21,-1,-1,11,05T35@2,07T09@3,17,-1,-1,-1,3
1560,T35,T22,12,5,9,12,-1,12,01T35@0,03T22@1,17,12,-1,-1,1
668,OTHER,T35,12,5,10,0,-1,-1,SELLER,01T35@0,0,12,-1,-1,0
1565,T22,T35,12,3,14,-1,-1,12,03T22@1,05T35@2,17,-1,-1,-1,2
394,T34,OTHER,12,4,59,0,-1,-1,06T34@3,BUYER,0,12,-1,-1,4
685,OTHER,T35,12,1,10,0,-1,-1,SELLER,00T35@0,0,12,-1,-1,0
1555,T35,T35,12,3,14,12,-1,12,02T35@1,04T35@2,17,12,-1,-1,2
1564,T22,T35,12,5,43,-1,-1,12,03T22@1,05T35@2,17,-1,-1,-1,2
1563,T22,T35,12,3,14,-1,-1,12,03T22@1,05T35@2,17,-1,-1,-1,2
1387,T22,T35,12,5,43,-1,-1,7,03T22@1,04T35@2,17,-1,-1,-1,2
1302,T22,T35,12,5,41,5,-1,5,03T22@1,04T35@2,17,12,-1,-1,2
1471,T35,T35,12,5,15,10,-1,10,02T35@1,05T35@2,17,12,-1,-1,2
1422,T22,T35,12,6,15,-1,-1,8,03T22@1,05T35@2,17,-1,-1,-1,2
1274,T22,T35,12,5,41,4,-1,4,03T22@1,05T35@2,17,12,-1,-1,2
1070,T09,OTHER,12,5,59,-1,-1,-1,07T09@3,BUYER,0,-1,-1,-1,4
258,OTHER,T35,12,3,10,0,-1,-1,SELLER,01T35@0,0,12,-1,-1,0
1513,T35,T22,12,5,10,11,-1,11,01T35@0,03T22@1,17,12,-1,-1,1
1346,T22,T35,12,5,41,6,-1,6,03T22@1,05T35@2,17,12,-1,-1,2
1487,T35,T22,12,5,10,10,-1,10,00T35@0,03T22@1,17,12,-1,-1,1
1465,T22,T35,12,5,43,-1,-1,9,03T22@1,04T35@2,17,-1,-1,-1,2
982,T34,OTHER,12,2,59,-1,-1,-1,06T34@3,BUYER,0,-1,-1,-1,4
1426,T22,T35,12,5,43,-1,-1,8,03T22@1,05T35@2,17,-1,-1,-1,2
124,OTHER,T35,12,2,10,0,-1,-1,SELLER,01T35@0,0,12,-1,-1,0
1517,T35,T22,12,5,9,11,-1,11,00T35@0,03T22@1,17,12,-1,-1,1
1476,T35,T22,12,5,10,10,-1,10,01T35@0,03T22@1,17,12,-1,-1,1
962,T34,OTHER,12,1,59,-1,-1,-1,06T34@3,BUYER,0,-1,-1,-1,4
942,T09,OTHER,12,2,59,-1,-1,-1,07T09@3,BUYER,0,-1,-1,-1,4
1401,T35,T35,12,6,15,8,-1,8,02T35@1,04T35@2,17,12,-1,-1,2
677,T34,OTHER,13,2,59,0,-1,-1,06T34@3,BUYER,0,13,-1,-1,4
1596,T35,T22,13,5,9,13,-1,13,01T35@0,03T22@1,17,13,-1,-1,1
1309,T22,T35,13,5,41,5,-1,5,03T22@1,05T35@2,17,13,-1,-1,2
1500,T22,T35,13,5,43,-1,-1,10,03T22@1,05T35@2,17,-1,-1,-1,2
563,OTHER,T35,13,3,10,0,-1,-1,SELLER,01T35@0,0,13,-1,-1,0
505,OTHER,T35,13,4,10,0,-1,-1,SELLER,00T35@0,0,13,-1,-1,0
1540,T35,T22,13,5,10,12,-1,12,00T35@0,03T22@1,17,13,-1,-1,1
1142,T09,OTHER,13,2,59,-1,-1,-1,07T09@3,BUYER,0,-1,-1,-1,4
1561,T22,T35,13,5,43,-1,-1,12,03T22@1,04T35@2,17,-1,-1,-1,2
222,OTHER,T35,13,2,10,0,-1,-1,SELLER,00T35@0,0,13,-1,-1,0
1459,T22,T35,13,7,15,-1,-1,9,03T22@1,05T35@2,17,-1,-1,-1,2
1457,T22,T35,13,5,43,-1,-1,9,03T22@1,04T35@2,17,-1,-1,-1,2
376,OTHER,T35,13,1,10,0,-1,-1,SELLER,01T35@0,0,13,-1,-1,0
1497,T35,T09,13,60,24,-1,-1,10,05T35@2,07T09@3,17,-1,-1,-1,3
1506,T35,T22,13,5,9,11,-1,11,01T35@0,03T22@1,17,13,-1,-1,1
424,OTHER,T35,13,1,10,0,-1,-1,SELLER,00T35@0,0,13,-1,-1,0
1567,T35,T09,13,60,21,-1,-1,12,04T35@2,07T09@3,17,-1,-1,-1,3
946,T09,OTHER,13,4,59,-1,-1,-1,07T09@3,BUYER,0,-1,-1,-1,4
865,T09,OTHER,13,2,59,-1,-1,-1,07T09@3,BUYER,0,-1,-1,-1,4
1398,T22,T35,13,5,41,8,-1,8,03T22@1,05T35@2,17,13,-1,-1,2
1015,T09,OTHER,13,2,59,-1,-1,-1,07T09@3,BUYER,0,-1,-1,-1,4
290,T34,OTHER,13,2,59,0,-1,-1,06T34@3,BUYER,0,13,-1,-1,4
1072,T09,OTHER,13,2,59,-1,-1,-1,07T09@3,BUYER,0,-1,-1,-1,4
1366,T22,T35,13,5,41,7,-1,7,03T22@1,04T35@2,17,13,-1,-1,2
818,T09,OTHER,13,2,59,-1,-1,-1,07T09@3,BUYER,0,-1,-1,-1,4
1598,T35,T35,13,7,14,13,-1,13,02T35@1,05T35@2,17,13,-1,-1,2
1586,T22,T35,13,3,14,13,-1,13,03T22@1,05T35@2,17,13,-1,-1,2
459,OTHER,T35,13,2,10,0,-1,-1,SELLER,01T35@0,0,13,-1,-1,0
1573,T35,T22,13,5,9,13,-1,13,00T35@0,03T22@1,17,13,-1,-1,1
1609,T22,T35,13,3,14,-1,-1,13,03T22@1,04T35@2,17,-1,-1,-1,2
1445,T35,T35,13,7,15,9,-1,9,02T35@1,05T35@2,17,13,-1,-1,2
746,OTHER,T35,13,4,10,0,-1,-1,SELLER,00T35@0,0,13,-1,-1,0
1605,T22,T35,13,11,28,-1,-1,13,03T22@1,04T35@2,2,-1,-1,-1,2
737,OTHER,T35,13,2,10,0,-1,-1,SELLER,00T35@0,0,13,-1,-1,0
167,OTHER,T35,13,1,10,0,-1,-1,SELLER,00T35@0,0,13,-1,-1,0
1106,T34,OTHER,13,2,59,-1,-1,-1,06T34@3,BUYER,0,-1,-1,-1,4
1646,T22,T35,14,2,14,-1,-1,14,03T22@1,04T35@2,17,-1,-1,-1,2
1648,T22,T35,14,5,43,-1,-1,14,03T22@1,05T35@2,17,-1,-1,-1,2
907,T09,OTHER,14,1,59,-1,-1,-1,07T09@3,BUYER,0,-1,-1,-1,4
1584,T22,T35,14,3,15,13,-1,13,03T22@1,05T35@2,17,14,-1,-1,2
1443,T35,T35,14,5,15,9,-1,9,02T35@1,04T35@2,17,14,-1,-1,2
102,OTHER,T35,14,2,10,0,-1,-1,SELLER,00T35@0,0,14,-1,-1,0
410,OTHER,T35,14,5,10,0,-1,-1,SELLER,00T35@0,0,14,-1,-1,0
1440,T22,T35,14,5,41,9,-1,9,03T22@1,04T35@2,17,14,-1,-1,2
1435,T35,T35,14,5,15,9,-1,9,02T35@1,05T35@2,17,14,-1,-1,2
1299,T22,T35,14,5,41,5,-1,5,03T22@1,04T35@2,17,14,-1,-1,2
1587,T35,T22,14,5,9,13,-1,13,00T35@0,03T22@1,17,14,-1,-1,1
4,OTHER,T35,14,2,10,0,-1,-1,SELLER,00T35@0,0,14,-1,-1,0
1382,T22,T35,14,5,41,7,-1,7,03T22@1,04T35@2,17,14,-1,-1,2
1415,T22,T35,14,5,41,8,-1,8,03T22@1,05T35@2,17,14,-1,-1,2
203,OTHER,T35,14,3,10,0,-1,-1,SELLER,01T35@0,0,14,-1,-1,0
173,T34,OTHER,14,3,59,0,-1,-1,06T34@3,BUYER,0,14,-1,-1,4
1628,T35,T35,14,7,14,14,-1,14,02T35@1,04T35@2,17,14,-1,-1,2
1640,T22,T35,14,2,15,-1,-1,14,03T22@1,05T35@2,17,-1,-1,-1,2
1543,T35,T22,14,5,10,12,-1,12,00T35@0,03T22@1,17,14,-1,-1,1
1495,T22,T35,14,5,43,-1,-1,10,03T22@1,04T35@2,17,-1,-1,-1,2
1595,T35,T22,14,5,10,13,-1,13,01T35@0,03T22@1,17,14,-1,-1,1
265,OTHER,T35,14,3,10,0,-1,-1,SELLER,01T35@0,0,14,-1,-1,0
267,T34,OTHER,14,1,59,0,-1,-1,06T34@3,BUYER,0,14,-1,-1,4
1620,T35,T22,14,5,10,14,-1,14,00T35@0,03T22@1,17,14,-1,-1,1
1616,T35,T35,14,7,14,14,-1,14,02T35@1,05T35@2,17,14,-1,-1,2
1126,T09,OTHER,14,2,59,-1,-1,-1,07T09@3,BUYER,0,-1,-1,-1,4
1527,T35,T09,14,60,24,-1,-1,11,04T35@2,07T09@3,17,-1,-1,-1,3
41,OTHER,T35,14,1,10,0,-1,-1,SELLER,01T35@0,0,14,-1,-1,0
1115,T09,OTHER,14,3,59,-1,-1,-1,07T09@3,BUYER,0,-1,-1,-1,4
1073,T09,OTHER,14,4,59,-1,-1,-1,07T09@3,BUYER,0,-1,-1,-1,4
1611,T35,T09,14,60,21,-1,-1,13,04T35@2,07T09@3,17,-1,-1,-1,3
1613,T35,T35,14,2,15,14,-1,14,02T35@1,05T35@2,17,14,-1,-1,2
308,OTHER,T35,14,1,10,0,-1,-1,SELLER,00T35@0,0,14,-1,-1,0
25,T34,OTHER,14,2,59,0,-1,-1,06T34@3,BUYER,0,14,-1,-1,4
1626,T22,T35,14,2,14,14,-1,14,03T22@1,04T35@2,17,14,-1,-1,2
1117,T34,OTHER,14,4,59,-1,-1,-1,06T34@3,BUYER,0,-1,-1,-1,4
1547,T35,T35,14,3,15,12,-1,12,02T35@1,05T35@2,17,14,-1,-1,2
1485,T35,T35,14,7,15,10,-1,10,02T35@1,05T35@2,17,14,-1,-1,2
1634,T35,T35,14,2,14,14,-1,14,02T35@1,04T35@2,17,14,-1,-1,2
1519,T35,T35,14,4,15,11,-1,11,02T35@1,04T35@2,17,14,-1,-1,2
1591,T35,T35,14,3,15,13,-1,13,02T35@1,04T35@2,17,14,-1,-1,2
1552,T35,T22,14,5,10,12,-1,12,01T35@0,03T22@1,17,14,-1,-1,1
1639,T22,T35,14,6,28,-1,-1,14,03T22@1,04T35@2,2,-1,-1,-1,2
1593,T35,T35,14,3,15,13,-1,13,02T35@1,05T35@2,17,14,-1,-1,2
606,OTHER,T35,14,3,10,0,-1,-1,SELLER,01T35@0,0,14,-1,-1,0
1000,T34,OTHER,15,7,59,-1,-1,-1,06T34@3,BUYER,0,-1,-1,-1,4
979,T34,OTHER,15,3,59,-1,-1,-1,06T34@3,BUYER,0,-1,-1,-1,4
1642,T35,T09,15,60,21,-1,-1,14,04T35@2,07T09@3,17,-1,-1,-1,3
557,OTHER,T35,15,4,10,0,-1,-1,SELLER,00T35@0,0,15,-1,-1,0
1074,T09,OTHER,15,3,59,-1,-1,-1,07T09@3,BUYER,0,-1,-1,-1,4
1365,T22,T35,15,5,41,7,-1,7,03T22@1,04T35@2,17,15,-1,-1,2
1644,T35,T09,15,60,21,-1,-1,14,05T35@2,07T09@3,17,-1,-1,-1,3
571,OTHER,T35,15,5,10,0,-1,-1,SELLER,01T35@0,0,15,-1,-1,0
827,T09,OTHER,15,2,59,-1,-1,-1,07T09@3,BUYER,0,-1,-1,-1,4
1343,T22,T35,15,5,41,6,-1,6,03T22@1,04T35@2,17,15,-1,-1,2
1668,T35,T22,15,5,10,15,-1,15,00T35@0,03T22@1,17,15,-1,-1,1
1469,T22,T35,15,5,41,10,-1,10,03T22@1,04T35@2,17,15,-1,-1,2
1536,T22,T35,15,5,43,12,-1,12,03T22@1,05T35@2,17,15,-1,-1,2
1629,T35,T22,15,5,9,14,-1,14,00T35@0,03T22@1,17,15,-1,-1,1
1622,T35,T22,15,5,10,14,-1,14,01T35@0,03T22@1,17,15,-1,-1,1
1174,T35,T34,15,10,20,1,-1,1,05T35@2,06T34@3,17,15,-1,-1,3
1577,T35,T22,15,5,10,13,-1,13,01T35@0,03T22@1,17,15,-1,-1,1
565,T34,OTHER,15,1,59,0,-1,-1,06T34@3,BUYER,0,15,-1,-1,4
1627,T35,T22,15,5,10,14,-1,14,01T35@0,03T22@1,17,15,-1,-1,1
1169,T35,T34,15,10,20,1,-1,1,04T35@2,06T34@3,17,15,-1,-1,3
467,OTHER,T35,15,2,10,0,-1,-1,SELLER,01T35@0,0,15,-1,-1,0
1496,T22,T35,15,5,43,-1,-1,10,03T22@1,05T35@2,17,-1,-1,-1,2
1570,T35,T09,15,60,24,-1,-1,12,05T35@2,07T09@3,17,-1,-1,-1,3
288,T34,OTHER,15,2,59,0,-1,-1,06T34@3,BUYER,0,15,-1,-1,4
66,OTHER,T35,15,5,10,0,-1,-1,SELLER,00T35@0,0,15,-1,-1,0
10,T34,OTHER,15,2,59,0,-1,-1,06T34@3,BUYER,0,15,-1,-1,4
156,OTHER,T35,15,3,10,0,-1,-1,SELLER,00T35@0,0,15,-1,-1,0
158,OTHER,T35,15,1,10,0,-1,-1,SELLER,00T35@0,0,15,-1,-1,0
1011,T34,OTHER,16,3,59,-1,-1,-1,06T34@3,BUYER,0,-1,-1,-1,4
92,OTHER,T35,16,1,10,0,-1,-1,SELLER,01T35@0,0,16,-1,-1,0
1658,T35,T22,16,5,9,15,-1,15,01T35@0,03T22@1,17,16,-1,-1,1
1203,T35,T34,16,10,20,2,-1,2,05T35@2,06T34@3,17,16,-1,-1,3
1641,T22,T35,16,5,43,-1,-1,14,03T22@1,04T35@2,17,-1,-1,-1,2
513,OTHER,T35,16,3,10,0,-1,-1,SELLER,01T35@0,0,16,-1,-1,0
1610,T35,T09,16,60,24,-1,-1,13,05T35@2,07T09@3,17,-1,-1,-1,3
1663,T22,T35,16,5,43,15,-1,15,03T22@1,05T35@2,17,16,-1,-1,2
509,OTHER,T35,16,1,10,0,-1,-1,SELLER,00T35@0,0,16,-1,-1,0
342,T34,OTHER,16,4,59,0,-1,-1,06T34@3,BUYER,0,16,-1,-1,4
165,OTHER,T35,16,2,10,0,-1,-1,SELLER,00T35@0,0,16,-1,-1,0
283,T34,OTHER,16,1,59,0,-1,-1,06T34@3,BUYER,0,16,-1,-1,4
384,OTHER,T35,16,2,10,0,-1,-1,SELLER,01T35@0,0,16,-1,-1,0
489,OTHER,T35,16,2,10,0,-1,-1,SELLER,01T35@0,0,16,-1,-1,0
1617,T35,T22,16,5,10,14,-1,14,01T35@0,03T22@1,17,16,-1,-1,1
1608,T22,T35,16,5,43,-1,-1,13,03T22@1,04T35@2,17,-1,-1,-1,2
1544,T35,T35,16,7,15,12,-1,12,02T35@1,05T35@2,17,16,-1,-1,2
1661,T35,T22,16,5,10,15,-1,15,01T35@0,03T22@1,17,16,-1,-1,1
1546,T22,T35,16,5,43,12,-1,12,03T22@1,05T35@2,17,16,-1,-1,2
948,T09,OTHER,16,3,59,-1,-1,-1,07T09@3,BUYER,0,-1,-1,-1,4
442,OTHER,T35,16,3,10,0,-1,-1,SELLER,00T35@0,0,16,-1,-1,0
943,T09,OTHER,16,2,59,-1,-1,-1,07T09@3,BUYER,0,-1,-1,-1,4
1693,T35,T35,16,6,14,16,-1,16,02T35@1,05T35@2,17,16,-1,-1,2
1698,T35,T22,16,8,10,16,-1,16,00T35@0,03T22@1,17,16,-1,-1,1
1700,T35,T22,16,8,10,16,-1,16,01T35@0,03T22@1,17,16,-1,-1,1
1682,T35,T22,16,5,9,16,-1,16,00T35@0,03T22@1,17,16,-1,-1,1
1667,T35,T22,16,5,10,15,-1,15,00T35@0,03T22@1,17,16,-1,-1,1
595,OTHER,T35,16,3,10,0,-1,-1,SELLER,01T35@0,0,16,-1,-1,0
1712,T22,T35,16,5,43,-1,-1,16,03T22@1,05T35@2,17,-1,-1,-1,2
1705,T22,T35,16,6,14,-1,-1,16,03T22@1,05T35@2,17,-1,-1,-1,2
882,T09,OTHER,16,3,59,-1,-1,-1,07T09@3,BUYER,0,-1,-1,-1,4
1060,T34,OTHER,16,1,59,-1,-1,-1,06T34@3,BUYER,0,-1,-1,-1,4
323,OTHER,T35,16,3,10,0,-1,-1,SELLER,00T35@0,0,16,-1,-1,0
1046,T34,OTHER,16,3,59,-1,-1,-1,06T34@3,BUYER,0,-1,-1,-1,4
164,OTHER,T35,17,2,10,0,-1,-1,SELLER,00T35@0,0,17,-1,-1,0
1467,T22,T35,17,5,41,10,-1,10,03T22@1,04T35@2,17,17,-1,-1,2
679,OTHER,T35,17,5,10,0,-1,-1,SELLER,00T35@0,0,17,-1,-1,0
1702,T35,T22,17,5,9,16,-1,16,00T35@0,03T22@1,17,17,-1,-1,1
1655,T22,T35,17,5,43,15,-1,15,03T22@1,05T35@2,17,17,-1,-1,2
1713,T35,T09,17,60,21,-1,-1,16,05T35@2,07T09@3,17,-1,-1,-1,3
1731,T35,T22,17,5,10,17,-1,17,01T35@0,03T22@1,17,17,-1,-1,1
1734,T22,T35,17,5,43,-1,-1,17,03T22@1,04T35@2,17,-1,-1,-1,2
1689,T35,T22,17,5,10,16,-1,16,00T35@0,03T22@1,17,17,-1,-1,1
697,OTHER,T35,17,3,10,0,-1,-1,SELLER,01T35@0,0,17,-1,-1,0
360,OTHER,T35,17,2,10,0,-1,-1,SELLER,01T35@0,0,17,-1,-1,0
699,T34,OTHER,17,2,59,0,-1,-1,06T34@3,BUYER,0,17,-1,-1,4
1664,T35,T22,17,5,10,15,-1,15,00T35@0,03T22@1,17,17,-1,-1,1
523,OTHER,T35,17,1,10,0,-1,-1,SELLER,00T35@0,0,17,-1,-1,0
1723,T35,T22,17,5,9,17,-1,17,01T35@0,03T22@1,17,17,-1,-1,1
950,T09,OTHER,17,2,59,-1,-1,-1,07T09@3,BUYER,0,-1,-1,-1,4
1100,T09,OTHER,17,2,59,-1,-1,-1,07T09@3,BUYER,0,-1,-1,-1,4
29,OTHER,T35,17,2,10,0,-1,-1,SELLER,00T35@0,0,17,-1,-1,0
34,T34,OTHER,17,1,59,0,-1,-1,06T34@3,BUYER,0,17,-1,-1,4
814,T09,OTHER,17,5,59,-1,-1,-1,07T09@3,BUYER,0,-1,-1,-1,4
257,OTHER,T35,17,3,10,0,-1,-1,SELLER,01T35@0,0,17,-1,-1,0
1119,T34,OTHER,17,4,59,-1,-1,-1,06T34@3,BUYER,0,-1,-1,-1,4
1510,T22,T35,17,5,41,11,-1,11,03T22@1,05T35@2,17,17,-1,-1,2
837,T09,OTHER,17,2,59,-1,-1,-1,07T09@3,BUYER,0,-1,-1,-1,4
1604,T22,T35,17,5,43,-1,-1,13,03T22@1,05T35@2,17,-1,-1,-1,2
1246,T35,T34,17,10,20,3,-1,3,04T35@2,06T34@3,17,17,-1,-1,3
765,T09,OTHER,17,2,59,-1,-1,-1,07T09@3,BUYER,0,-1,-1,-1,4
316,OTHER,T35,17,2,10,0,-1,-1,SELLER,01T35@0,0,17,-1,-1,0
1670,T22,T35,18,5,43,-1,-1,15,03T22@1,04T35@2,17,-1,-1,-1,2
623,OTHER,T35,18,3,10,0,-1,-1,SELLER,00T35@0,0,18,-1,-1,0
1273,T35,T34,18,10,20,4,-1,4,05T35@2,06T34@3,17,18,-1,-1,3
401,OTHER,T35,18,2,10,0,-1,-1,SELLER,00T35@0,0,18,-1,-1,0
1742,T35,T09,18,60,21,-1,-1,17,04T35@2,07T09@3,17,-1,-1,-1,3
141,T34,OTHER,18,2,59,0,-1,-1,06T34@3,BUYER,0,18,-1,-1,4
1744,T22,T35,18,11,28,-1,-1,17,03T22@1,04T35@2,5,-1,-1,-1,2
1739,T35,T09,18,60,21,-1,-1,17,05T35@2,07T09@3,17,-1,-1,-1,3
263,OTHER,T35,18,2,10,0,-1,-1,SELLER,01T35@0,0,18,-1,-1,0
1672,T35,T09,18,60,24,-1,-1,15,05T35@2,07T09@3,17,-1,-1,-1,3
894,T09,OTHER,18,1,59,-1,-1,-1,07T09@3,BUYER,0,-1,-1,-1,4
197,OTHER,T35,18,1,10,0,-1,-1,SELLER,01T35@0,0,18,-1,-1,0
1725,T35,T22,18,5,10,17,-1,17,01T35@0,03T22@1,17,18,-1,-1,1
18,T34,OTHER,18,2,59,0,-1,-1,06T34@3,BUYER,0,18,-1,-1,4
1139,T09,OTHER,18,2,59,-1,-1,-1,07T09@3,BUYER,0,-1,-1,-1,4
1583,T22,T35,18,5,41,13,-1,13,03T22@1,05T35@2,17,18,-1,-1,2
908,T34,OTHER,18,2,59,-1,-1,-1,06T34@3,BUYER,0,-1,-1,-1,4
926,T34,OTHER,18,3,59,-1,-1,-1,06T34@3,BUYER,0,-1,-1,-1,4
1580,T22,T35,18,5,43,13,-1,13,03T22@1,04T35@2,17,18,-1,-1,2
1411,T22,T35,18,5,41,8,-1,8,03T22@1,04T35@2,17,18,-1,-1,2
1697,T35,T22,18,5,10,16,-1,16,00T35@0,03T22@1,17,18,-1,-1,1
8,OTHER,T35,18,5,10,0,-1,-1,SELLER,01T35@0,0,18,-1,-1,0
1671,T35,T09,18,60,24,-1,-1,15,04T35@2,07T09@3,17,-1,-1,-1,3
1753,T35,T35,18,6,14,18,-1,18,02T35@1,05T35@2,17,18,-1,-1,2
425,OTHER,T35,18,1,10,0,-1,-1,SELLER,01T35@0,0,18,-1,-1,0
820,T09,OTHER,18,2,59,-1,-1,-1,07T09@3,BUYER,0,-1,-1,-1,4
1755,T35,T22,18,7,9,18,-1,18,01T35@0,03T22@1,17,18,-1,-1,1
1614,T22,T35,18,7,15,14,-1,14,03T22@1,05T35@2,17,18,-1,-1,2
299,T34,OTHER,18,2,59,0,-1,-1,06T34@3,BUYER,0,18,-1,-1,4
1775,T22,T35,18,6,14,-1,-1,18,03T22@1,05T35@2,17,-1,-1,-1,2
285,OTHER,T35,18,1,10,0,-1,-1,SELLER,00T35@0,0,18,-1,-1,0
1768,T35,T22,18,7,9,18,-1,18,00T35@0,03T22@1,17,18,-1,-1,1
148,OTHER,T35,18,3,10,0,-1,-1,SELLER,00T35@0,0,18,-1,-1,0
1525,T22,T35,18,5,41,11,-1,11,03T22@1,04T35@2,17,18,-1,-1,2
650,OTHER,T35,18,2,10,0,-1,-1,SELLER,00T35@0,0,18,-1,-1,0
1002,T09,OTHER,18,4,59,-1,-1,-1,07T09@3,BUYER,0,-1,-1,-1,4
1801,T35,T22,19,5,10,19,-1,19,00T35@0,03T22@1,17,19,-1,-1,1
132,T34,OTHER,19,2,59,0,-1,-1,06T34@3,BUYER,0,19,-1,-1,4
1308,T35,T34,19,10,20,5,-1,5,05T35@2,06T34@3,17,19,-1,-1,3
1796,T35,T22,19,5,9,19,-1,19,01T35@0,03T22@1,17,19,-1,-1,1
1707,T35,T09,19,60,24,-1,-1,16,04T35@2,07T09@3,17,-1,-1,-1,3
1802,T22,T35,19,4,14,19,-1,19,03T22@1,04T35@2,17,19,-1,-1,2
1810,T22,T35,19,5,43,-1,-1,19,03T22@1,05T35@2,17,-1,-1,-1,2
714,OTHER,T35,19,2,10,0,-1,-1,SELLER,00T35@0,0,19,-1,-1,0
1104,T34,OTHER,19,2,59,-1,-1,-1,06T34@3,BUYER,0,-1,-1,-1,4
1016,T34,OTHER,19,2,59,-1,-1,-1,06T34@3,BUYER,0,-1,-1,-1,4
1001,T34,OTHER,19,2,59,-1,-1,-1,06T34@3,BUYER,0,-1,-1,-1,4
1761,T35,T22,19,5,9,18,-1,18,00T35@0,03T22@1,17,19,-1,-1,1
1730,T35,T22,19,5,10,17,-1,17,01T35@0,03T22@1,17,19,-1,-1,1
162,OTHER,T35,19,2,10,0,-1,-1,SELLER,01T35@0,0,19,-1,-1,0
1728,T35,T22,19,5,9,17,-1,17,01T35@0,03T22@1,17,19,-1,-1,1
340,OTHER,T35,19,3,10,0,-1,-1,SELLER,00T35@0,0,19,-1,-1,0
1772,T35,T09,19,60,21,-1,-1,18,04T35@2,07T09@3,17,-1,-1,-1,3
1770,T35,T09,19,60,21,-1,-1,18,05T35@2,07T09@3,17,-1,-1,-1,3
1210,T35,T34,19,1,21,2,-1,2,04T35@2,06T34@3,17,19,-1,-1,3
1740,T22,T35,19,5,43,-1,-1,17,03T22@1,05T35@2,17,-1,-1,-1,2
1090,T09,OTHER,19,3,59,-1,-1,-1,07T09@3,BUYER,0,-1,-1,-1,4
840,T34,OTHER,19,2,59,-1,-1,-1,06T34@3,BUYER,0,-1,-1,-1,4
850,T09,OTHER,19,2,59,-1,-1,-1,07T09@3,BUYER,0,-1,-1,-1,4
844,T09,OTHER,19,2,59,-1,-1,-1,07T09@3,BUYER,0,-1,-1,-1,4
1752,T35,T22,19,5,10,18,-1,18,00T35@0,03T22@1,17,19,-1,-1,1
1763,T35,T22,19,5,9,18,-1,18,00T35@0,03T22@1,17,19,-1,-1,1
237,OTHER,T35,19,3,10,0,-1,-1,SELLER,01T35@0,0,19,-1,-1,0
760,OTHER,T35,19,2,10,0,-1,-1,SELLER,00T35@0,0,19,-1,-1,0
687,OTHER,T35,19,2,10,0,-1,-1,SELLER,00T35@0,0,19,-1,-1,0
177,OTHER,T35,19,1,10,0,-1,-1,SELLER,01T35@0,0,19,-1,-1,0
56,T34,OTHER,19,3,59,0,-1,-1,06T34@3,BUYER,0,19,-1,-1,4
1437,T22,T35,19,5,41,9,-1,9,03T22@1,04T35@2,17,19,-1,-1,2
1522,T22,T35,19,5,41,11,-1,11,03T22@1,04T35@2,17,19,-1,-1,2
1537,T22,T35,19,5,41,12,-1,12,03T22@1,04T35@2,17,19,-1,-1,2
83,OTHER,T35,19,3,10,0,-1,-1,SELLER,01T35@0,0,19,-1,-1,0
82,OTHER,T35,19,2,10,0,-1,-1,SELLER,01T35@0,0,19,-1,-1,0
1675,T22,T35,19,5,43,-1,-1,15,03T22@1,04T35@2,17,-1,-1,-1,2
1575,T22,T35,19,5,41,13,-1,13,03T22@1,04T35@2,17,19,-1,-1,2
1338,T35,T34,20,10,20,6,-1,6,05T35@2,06T34@3,17,20,-1,-1,3
792,T09,OTHER,20,4,59,-1,-1,-1,07T09@3,BUYER,0,-1,-1,-1,4
1239,T35,T34,20,1,21,3,-1,3,05T35@2,06T34@3,17,20,-1,-1,3
770,T09,OTHER,20,1,59,-1,-1,-1,07T09@3,BUYER,0,-1,-1,-1,4
1636,T22,T35,20,5,41,14,-1,14,03T22@1,05T35@2,17,20,-1,-1,2
45,OTHER,T35,20,3,10,0,-1,-1,SELLER,01T35@0,0,20,-1,-1,0
627,T34,OTHER,20,1,59,0,-1,-1,06T34@3,BUYER,0,20,-1,-1,4
1832,T35,T22,20,5,9,20,-1,20,01T35@0,03T22@1,17,20,-1,-1,1
1665,T22,T35,20,5,43,15,-1,15,03T22@1,04T35@2,17,20,-1,-1,2
1751,T35,T22,20,5,9,18,-1,18,00T35@0,03T22@1,17,20,-1,-1,1
1830,T35,T22,20,7,9,20,-1,20,00T35@0,03T22@1,17,20,-1,-1,1
1505,T22,T35,20,5,41,11,-1,11,03T22@1,05T35@2,17,20,-1,-1,2
1823,T35,T22,20,7,9,20,-1,20,01T35@0,03T22@1,17,20,-1,-1,1
70,T34,OTHER,20,4,59,0,-1,-1,06T34@3,BUYER,0,20,-1,-1,4
1012,T09,OTHER,20,1,59,-1,-1,-1,07T09@3,BUYER,0,-1,-1,-1,4
1659,T22,T35,20,5,41,15,-1,15,03T22@1,04T35@2,17,20,-1,-1,2
1812,T35,T09,20,60,21,-1,-1,19,04T35@2,07T09@3,17,-1,-1,-1,3
1811,T35,T09,20,60,21,-1,-1,19,05T35@2,07T09@3,17,-1,-1,-1,3
1784,T35,T22,20,5,9,19,-1,19,01T35@0,03T22@1,17,20,-1,-1,1
181,OTHER,T35,20,1,10,0,-1,-1,SELLER,01T35@0,0,20,-1,-1,0
1340,T35,T34,20,10,20,6,-1,6,04T35@2,06T34@3,17,20,-1,-1,3
1788,T35,T22,20,5,9,19,-1,19,00T35@0,03T22@1,17,20,-1,-1,1
1736,T22,T35,20,5,43,-1,-1,17,03T22@1,04T35@2,17,-1,-1,-1,2
74,OTHER,T35,20,1,10,0,-1,-1,SELLER,00T35@0,0,20,-1,-1,0
129,T34,OTHER,20,1,59,0,-1,-1,06T34@3,BUYER,0,20,-1,-1,4
445,OTHER,T35,20,2,10,0,-1,-1,SELLER,01T35@0,0,20,-1,-1,0
969,T34,OTHER,20,3,59,-1,-1,-1,06T34@3,BUYER,0,-1,-1,-1,4
22,OTHER,T35,20,1,10,0,-1,-1,SELLER,00T35@0,0,20,-1,-1,0
389,OTHER,T35,20,2,10,0,-1,-1,SELLER,00T35@0,0,20,-1,-1,0
116,OTHER,T35,20,4,10,0,-1,-1,SELLER,00T35@0,0,20,-1,-1,0
1120,T09,OTHER,20,1,59,-1,-1,-1,07T09@3,BUYER,0,-1,-1,-1,4
1594,T22,T35,20,5,41,13,-1,13,03T22@1,04T35@2,17,20,-1,-1,2
453,OTHER,T35,20,6,10,0,-1,-1,SELLER,00T35@0,0,20,-1,-1,0
1701,T35,T35,20,6,15,16,-1,16,02T35@1,04T35@2,17,20,-1,-1,2
1136,T09,OTHER,20,4,59,-1,-1,-1,07T09@3,BUYER,0,-1,-1,-1,4
1699,T22,T35,20,6,15,16,-1,16,03T22@1,04T35@2,17,20,-1,-1,2
1819,T35,T22,21,5,10,20,-1,20,01T35@0,03T22@1,17,21,-1,-1,1
1280,T35,T34,21,1,21,4,-1,4,04T35@2,06T34@3,17,21,-1,-1,3
1053,T34,OTHER,21,1,59,-1,-1,-1,06T34@3,BUYER,0,-1,-1,-1,4
349,OTHER,T35,21,2,10,0,-1,-1,SELLER,01T35@0,0,21,-1,-1,0
1038,T09,OTHER,21,4,59,-1,-1,-1,07T09@3,BUYER,0,-1,-1,-1,4
652,OTHER,T35,21,2,10,0,-1,-1,SELLER,00T35@0,0,21,-1,-1,0
433,OTHER,T35,21,4,10,0,-1,-1,SELLER,01T35@0,0,21,-1,-1,0
449,OTHER,T35,21,4,10,0,-1,-1,SELLER,00T35@0,0,21,-1,-1,0
1797,T35,T22,21,5,9,19,-1,19,00T35@0,03T22@1,17,21,-1,-1,1
932,T09,OTHER,21,2,59,-1,-1,-1,07T09@3,BUYER,0,-1,-1,-1,4
578,T34,OTHER,21,1,59,0,-1,-1,06T34@3,BUYER,0,21,-1,-1,4
388,OTHER,T35,21,2,10,0,-1,-1,SELLER,01T35@0,0,21,-1,-1,0
1503,T22,T35,21,5,41,11,-1,11,03T22@1,04T35@2,17,21,-1,-1,2
1004,T34,OTHER,21,4,59,-1,-1,-1,06T34@3,BUYER,0,-1,-1,-1,4
1858,T35,T22,21,8,9,21,-1,21,01T35@0,03T22@1,17,21,-1,-1,1
303,T34,OTHER,21,4,59,0,-1,-1,06T34@3,BUYER,0,21,-1,-1,4
859,T09,OTHER,21,3,59,-1,-1,-1,07T09@3,BUYER,0,-1,-1,-1,4
1833,T35,T09,21,60,21,-1,-1,20,04T35@2,07T09@3,17,-1,-1,-1,3
1856,T22,T35,21,4,14,21,-1,21,03T22@1,04T35@2,17,21,-1,-1,2
1051,T34,OTHER,21,1,59,-1,-1,-1,06T34@3,BUYER,0,-1,-1,-1,4
1837,T35,T09,21,60,21,-1,-1,20,05T35@2,07T09@3,17,-1,-1,-1,3
1774,T22,T35,21,5,43,-1,-1,18,03T22@1,05T35@2,17,-1,-1,-1,2
1857,T35,T22,21,8,9,21,-1,21,00T35@0,03T22@1,17,21,-1,-1,1
621,OTHER,T35,21,4,10,0,-1,-1,SELLER,01T35@0,0,21,-1,-1,0
24,OTHER,T35,21,2,10,0,-1,-1,SELLER,00T35@0,0,21,-1,-1,0
1903,T22,T35,22,4,14,-1,-1,22,03T22@1,04T35@2,17,-1,-1,-1,2
1306,T35,T34,22,1,21,5,-1,5,04T35@2,06T34@3,17,22,-1,-1,3
1834,T22,T35,22,5,28,-1,-1,20,03T22@1,05T35@2,6,-1,-1,-1,2
1623,T22,T35,22,5,41,14,-1,14,03T22@1,05T35@2,17,22,-1,-1,2
504,OTHER,T35,22,2,10,0,-1,-1,SELLER,00T35@0,0,22,-1,-1,0
236,OTHER,T35,22,2,10,0,-1,-1,SELLER,00T35@0,0,22,-1,-1,0
1870,T35,T09,22,60,21,-1,-1,21,05T35@2,07T09@3,17,-1,-1,-1,3
1113,T34,OTHER,22,2,59,-1,-1,-1,06T34@3,BUYER,0,-1,-1,-1,4
944,T09,OTHER,22,1,59,-1,-1,-1,07T09@3,BUYER,0,-1,-1,-1,4
1866,T35,T22,22,5,10,21,-1,21,00T35@0,03T22@1,17,22,-1,-1,1
790,T09,OTHER,22,5,59,-1,-1,-1,07T09@3,BUYER,0,-1,-1,-1,4
1809,T22,T35,22,5,43,-1,-1,19,03T22@1,05T35@2,17,-1,-1,-1,2
329,OTHER,T35,22,2,10,0,-1,-1,SELLER,01T35@0,0,22,-1,-1,0
1906,T22,T35,22,11,28,-1,-1,22,03T22@1,04T35@2,2,-1,-1,-1,2
711,OTHER,T35,22,3,10,0,-1,-1,SELLER,01T35@0,0,22,-1,-1,0
352,T34,OTHER,22,1,59,0,-1,-1,06T34@3,BUYER,0,22,-1,-1,4
1852,T35,T22,22,5,9,21,-1,21,00T35@0,03T22@1,17,22,-1,-1,1
1847,T35,T22,22,5,9,21,-1,21,00T35@0,03T22@1,17,22,-1,-1,1
1098,T34,OTHER,22,7,59,-1,-1,-1,06T34@3,BUYER,0,-1,-1,-1,4
1829,T35,T22,22,5,10,20,-1,20,00T35@0,03T22@1,17,22,-1,-1,1
1896,T35,T35,22,4,14,22,-1,22,02T35@1,05T35@2,17,22,-1,-1,2
1550,T22,T35,22,5,41,12,-1,12,03T22@1,05T35@2,17,22,-1,-1,2
346,OTHER,T35,22,2,10,0,-1,-1,SELLER,01T35@0,0,22,-1,-1,0
1831,T35,T22,22,5,10,20,-1,20,01T35@0,03T22@1,17,22,-1,-1,1
990,T09,OTHER,22,1,59,-1,-1,-1,07T09@3,BUYER,0,-1,-1,-1,4
1887,T35,T22,22,5,10,22,-1,22,00T35@0,03T22@1,17,22,-1,-1,1
46,OTHER,T35,22,1,10,0,-1,-1,SELLER,01T35@0,0,22,-1,-1,0
1369,T35,T34,22,9,20,7,-1,7,05T35@2,06T34@3,17,22,-1,-1,3
151,OTHER,T35,22,3,10,0,-1,-1,SELLER,01T35@0,0,22,-1,-1,0
1759,T22,T35,22,6,15,18,-1,18,03T22@1,04T35@2,17,22,-1,-1,2
1680,T22,T35,22,5,41,16,-1,16,03T22@1,05T35@2,17,22,-1,-1,2
117,OTHER,T35,22,2,10,0,-1,-1,SELLER,00T35@0,0,22,-1,-1,0
665,OTHER,T35,22,3,10,0,-1,-1,SELLER,01T35@0,0,22,-1,-1,0
1757,T35,T35,22,6,15,18,-1,18,02T35@1,04T35@2,17,22,-1,-1,2
128,T34,OTHER,22,1,59,0,-1,-1,06T34@3,BUYER,0,22,-1,-1,4
1376,T35,T34,22,9,20,7,-1,7,04T35@2,06T34@3,17,22,-1,-1,3
619,T34,OTHER,22,2,59,0,-1,-1,06T34@3,BUYER,0,22,-1,-1,4
1900,T35,T09,23,60,21,-1,-1,22,04T35@2,07T09@3,17,-1,-1,-1,3
1067,T34,OTHER,23,2,59,-1,-1,-1,06T34@3,BUYER,0,-1,-1,-1,4
669,OTHER,T35,23,3,10,0,-1,-1,SELLER,00T35@0,0,23,-1,-1,0
1007,T34,OTHER,23,2,59,-1,-1,-1,06T34@3,BUYER,0,-1,-1,-1,4
873,T09,OTHER,23,4,59,-1,-1,-1,07T09@3,BUYER,0,-1,-1,-1,4
936,T09,OTHER,23,2,59,-1,-1,-1,07T09@3,BUYER,0,-1,-1,-1,4
1919,T35,T22,23,5,9,23,-1,23,00T35@0,03T22@1,17,23,-1,-1,1
350,OTHER,T35,23,2,10,0,-1,-1,SELLER,00T35@0,0,23,-1,-1,0
1612,T22,T35,23,5,41,14,-1,14,03T22@1,05T35@2,17,23,-1,-1,2
48,OTHER,T35,23,1,10,0,-1,-1,SELLER,01T35@0,0,23,-1,-1,0
596,OTHER,T35,23,3,10,0,-1,-1,SELLER,01T35@0,0,23,-1,-1,0
616,OTHER,T35,23,3,10,0,-1,-1,SELLER,00T35@0,0,23,-1,-1,0
1859,T35,T22,23,5,9,21,-1,21,01T35@0,03T22@1,17,23,-1,-1,1
373,T34,OTHER,23,4,59,0,-1,-1,06T34@3,BUYER,0,23,-1,-1,4
1935,T22,T35,23,9,14,-1,-1,23,03T22@1,05T35@2,17,-1,-1,-1,2
1877,T35,T22,23,5,10,22,-1,22,00T35@0,03T22@1,17,23,-1,-1,1
1878,T35,T22,23,5,10,22,-1,22,00T35@0,03T22@1,17,23,-1,-1,1
1924,T35,T22,23,5,9,23,-1,23,01T35@0,03T22@1,17,23,-1,-1,1
1889,T35,T22,23,5,9,22,-1,22,01T35@0,03T22@1,17,23,-1,-1,1
1842,T22,T35,23,5,43,-1,-1,20,03T22@1,05T35@2,17,-1,-1,-1,2
1798,T22,T35,23,9,15,19,-1,19,03T22@1,05T35@2,17,23,-1,-1,2
336,T34,OTHER,23,2,59,0,-1,-1,06T34@3,BUYER,0,23,-1,-1,4
698,OTHER,T35,23,3,10,0,-1,-1,SELLER,00T35@0,0,23,-1,-1,0
1019,T09,OTHER,23,1,59,-1,-1,-1,07T09@3,BUYER,0,-1,-1,-1,4
411,OTHER,T35,23,2,10,0,-1,-1,SELLER,00T35@0,0,23,-1,-1,0
1791,T35,T35,23,4,15,19,-1,19,02T35@1,04T35@2,17,23,-1,-1,2
1112,T09,OTHER,23,3,59,-1,-1,-1,07T09@3,BUYER,0,-1,-1,-1,4
1783,T35,T35,23,9,15,19,-1,19,02T35@1,05T35@2,17,23,-1,-1,2
1778,T22,T35,23,5,43,-1,-1,18,03T22@1,05T35@2,17,-1,-1,-1,2
179,OTHER,T35,23,3,10,0,-1,-1,SELLER,01T35@0,0,23,-1,-1,0
210,OTHER,T35,24,1,10,0,-1,-1,SELLER,01T35@0,0,24,-1,-1,0
1961,T35,T22,24,6,10,24,-1,24,00T35@0,03T22@1,17,24,-1,-1,1
508,OTHER,T35,24,3,10,0,-1,-1,SELLER,01T35@0,0,24,-1,-1,0
1621,T22,T35,24,5,41,14,-1,14,03T22@1,04T35@2,17,24,-1,-1,2
1442,T35,T34,24,9,20,9,-1,9,05T35@2,06T34@3,17,24,-1,-1,3
1911,T35,T22,24,5,9,23,-1,23,01T35@0,03T22@1,17,24,-1,-1,1
1835,T22,T35,24,5,43,-1,-1,20,03T22@1,05T35@2,17,-1,-1,-1,2
852,T09,OTHER,24,2,59,-1,-1,-1,07T09@3,BUYER,0,-1,-1,-1,4
1950,T35,T22,24,6,10,24,-1,24,01T35@0,03T22@1,17,24,-1,-1,1
1941,T22,T35,24,7,28,-1,-1,23,03T22@1,04T35@2,5,-1,-1,-1,2
993,T09,OTHER,24,1,59,-1,-1,-1,07T09@3,BUYER,0,-1,-1,-1,4
1938,T35,T09,24,60,21,-1,-1,23,04T35@2,07T09@3,17,-1,-1,-1,3
35,OTHER,T35,24,2,10,0,-1,-1,SELLER,01T35@0,0,24,-1,-1,0
216,OTHER,T35,24,2,10,0,-1,-1,SELLER,00T35@0,0,24,-1,-1,0
986,T34,OTHER,24,3,59,-1,-1,-1,06T34@3,BUYER,0,-1,-1,-1,4
961,T34,OTHER,24,2,59,-1,-1,-1,06T34@3,BUYER,0,-1,-1,-1,4
1936,T22,T35,24,5,43,-1,-1,23,03T22@1,05T35@2,17,-1,-1,-1,2
517,OTHER,T35,24,3,10,0,-1,-1,SELLER,00T35@0,0,24,-1,-1,0
561,OTHER,T35,24,4,10,0,-1,-1,SELLER,00T35@0,0,24,-1,-1,0
1873,T35,T09,24,60,24,-1,-1,21,04T35@2,07T09@3,17,-1,-1,-1,3
1962,T22,T35,24,4,14,24,-1,24,03T22@1,05T35@2,17,24,-1,-1,2
163,OTHER,T35,24,4,10,0,-1,-1,SELLER,01T35@0,0,24,-1,-1,0
1884,T35,T22,24,5,10,22,-1,22,00T35@0,03T22@1,17,24,-1,-1,1
1095,T09,OTHER,24,3,59,-1,-1,-1,07T09@3,BUYER,0,-1,-1,-1,4
1679,T22,T35,24,5,41,16,-1,16,03T22@1,05T35@2,17,24,-1,-1,2
266,T34,OTHER,24,2,59,0,-1,-1,06T34@3,BUYER,0,24,-1,-1,4
1446,T35,T34,24,9,20,9,-1,9,04T35@2,06T34@3,17,24,-1,-1,3
55,T34,OTHER,24,2,59,0,-1,-1,06T34@3,BUYER,0,24,-1,-1,4
1956,T35,T35,24,9,14,24,-1,24,02T35@1,04T35@2,17,24,-1,-1,2
1762,T22,T35,24,5,41,18,-1,18,03T22@1,05T35@2,17,24,-1,-1,2
973,T34,OTHER,24,2,59,-1,-1,-1,06T34@3,BUYER,0,-1,-1,-1,4
1029,T09,OTHER,24,3,59,-1,-1,-1,07T09@3,BUYER,0,-1,-1,-1,4
1912,T35,T22,24,5,10,23,-1,23,00T35@0,03T22@1,17,24,-1,-1,1
378,OTHER,T35,24,1,10,0,-1,-1,SELLER,00T35@0,0,24,-1,-1,0
1902,T22,T35,24,5,43,-1,-1,22,03T22@1,05T35@2,17,-1,-1,-1,2
215,OTHER,T35,25,6,10,0,-1,-1,SELLER,00T35@0,0,25,-1,-1,0
1417,T35,T34,25,5,23,8,-1,8,05T35@2,06T34@3,17,25,-1,-1,3
1685,T22,T35,25,5,41,16,-1,16,03T22@1,05T35@2,17,25,-1,-1,2
1058,T09,OTHER,25,2,59,-1,-1,-1,07T09@3,BUYER,0,-1,-1,-1,4
279,OTHER,T35,25,1,10,0,-1,-1,SELLER,00T35@0,0,25,-1,-1,0
1905,T35,T09,25,60,24,-1,-1,22,05T35@2,07T09@3,17,-1,-1,-1,3
1040,T09,OTHER,25,3,59,-1,-1,-1,07T09@3,BUYER,0,-1,-1,-1,4
107,OTHER,T35,25,2,10,0,-1,-1,SELLER,01T35@0,0,25,-1,-1,0
1865,T35,T35,25,4,15,21,-1,21,02T35@1,04T35@2,17,25,-1,-1,2
583,OTHER,T35,25,1,10,0,-1,-1,SELLER,00T35@0,0,25,-1,-1,0
560,T34,OTHER,25,2,59,0,-1,-1,06T34@3,BUYER,0,25,-1,-1,4
302,OTHER,T35,25,5,10,0,-1,-1,SELLER,01T35@0,0,25,-1,-1,0
1917,T35,T22,25,5,9,23,-1,23,01T35@0,03T22@1,17,25,-1,-1,1
218,T34,OTHER,25,1,59,0,-1,-1,06T34@3,BUYER,0,25,-1,-1,4
1955,T35,T22,25,5,10,24,-1,24,01T35@0,03T22@1,17,25,-1,-1,1
1999,T35,T22,25,8,9,25,-1,25,01T35@0,03T22@1,17,25,-1,-1,1
421,OTHER,T35,25,1,10,0,-1,-1,SELLER,01T35@0,0,25,-1,-1,0
348,T34,OTHER,25,1,59,0,-1,-1,06T34@3,BUYER,0,25,-1,-1,4
1874,T22,T35,25,5,43,-1,-1,21,03T22@1,05T35@2,17,-1,-1,-1,2
111,OTHER,T35,25,1,10,0,-1,-1,SELLER,01T35@0,0,25,-1,-1,0
1981,T35,T22,25,8,10,25,-1,25,00T35@0,03T22@1,17,25,-1,-1,1
198,T34,OTHER,25,2,59,0,-1,-1,06T34@3,BUYER,0,25,-1,-1,4
1410,T35,T34,25,5,23,8,-1,8,04T35@2,06T34@3,17,25,-1,-1,3
2009,T22,T35,25,5,43,-1,-1,25,03T22@1,05T35@2,17,-1,-1,-1,2
877,T34,OTHER,25,6,59,-1,-1,-1,06T34@3,BUYER,0,-1,-1,-1,4
161,OTHER,T35,25,2,10,0,-1,-1,SELLER,00T35@0,0,25,-1,-1,0
1483,T35,T34,25,9,20,10,-1,10,05T35@2,06T34@3,17,25,-1,-1,3
728,OTHER,T35,25,1,10,0,-1,-1,SELLER,00T35@0,0,25,-1,-1,0
1993,T35,T22,25,5,9,25,-1,25,00T35@0,03T22@1,17,25,-1,-1,1
1122,T09,OTHER,25,3,59,-1,-1,-1,07T09@3,BUYER,0,-1,-1,-1,4
1948,T35,T22,25,5,9,24,-1,24,01T35@0,03T22@1,17,25,-1,-1,1
2024,T35,T22,26,5,10,26,-1,26,01T35@0,03T22@1,17,26,-1,-1,1
38,T34,OTHER,26,2,59,0,-1,-1,06T34@3,BUYER,0,26,-1,-1,4
813,T09,OTHER,26,4,59,-1,-1,-1,07T09@3,BUYER,0,-1,-1,-1,4
1890,T35,T35,26,4,15,22,-1,22,02T35@1,04T35@2,17,26,-1,-1,2
231,OTHER,T35,26,3,10,0,-1,-1,SELLER,01T35@0,0,26,-1,-1,0
1081,T34,OTHER,26,5,59,-1,-1,-1,06T34@3,BUYER,0,-1,-1,-1,4
2006,T35,T09,26,60,21,-1,-1,25,04T35@2,07T09@3,17,-1,-1,-1,3
1732,T22,T35,26,5,41,17,-1,17,03T22@1,05T35@2,17,26,-1,-1,2
1971,T22,T35,26,1,42,-1,-1,24,03T22@1,04T35@2,17,-1,-1,-1,2
1862,T22,T35,26,5,41,21,-1,21,03T22@1,04T35@2,17,26,-1,-1,2
2023,T35,T35,26,9,14,26,-1,26,02T35@1,05T35@2,17,26,-1,-1,2
1987,T35,T22,26,5,9,25,-1,25,00T35@0,03T22@1,17,26,-1,-1,1
1991,T35,T22,26,5,10,25,-1,25,01T35@0,03T22@1,17,26,-1,-1,1
817,T09,OTHER,26,3,59,-1,-1,-1,07T09@3,BUYER,0,-1,-1,-1,4
730,OTHER,T35,26,2,10,0,-1,-1,SELLER,01T35@0,0,26,-1,-1,0
1960,T35,T22,26,5,9,24,-1,24,01T35@0,03T22@1,17,26,-1,-1,1
100,OTHER,T35,26,2,10,0,-1,-1,SELLER,00T35@0,0,26,-1,-1,0
2036,T22,T35,26,1,42,-1,-1,26,03T22@1,05T35@2,17,-1,-1,-1,2
2001,T22,T35,26,1,42,-1,-1,25,03T22@1,04T35@2,17,-1,-1,-1,2
1828,T22,T35,26,5,41,20,-1,20,03T22@1,04T35@2,17,26,-1,-1,2
927,T09,OTHER,26,3,59,-1,-1,-1,07T09@3,BUYER,0,-1,-1,-1,4
546,OTHER,T35,26,4,10,0,-1,-1,SELLER,00T35@0,0,26,-1,-1,0
939,T09,OTHER,26,1,59,-1,-1,-1,07T09@3,BUYER,0,-1,-1,-1,4
1894,T22,T35,26,4,15,22,-1,22,03T22@1,05T35@2,17,26,-1,-1,2
1690,T22,T35,26,5,41,16,-1,16,03T22@1,05T35@2,17,26,-1,-1,2
597,OTHER,T35,26,4,10,0,-1,-1,SELLER,01T35@0,0,26,-1,-1,0
1959,T35,T22,26,5,10,24,-1,24,01T35@0,03T22@1,17,26,-1,-1,1
614,OTHER,T35,26,1,10,0,-1,-1,SELLER,01T35@0,0,26,-1,-1,0
721,T34,OTHER,26,2,59,0,-1,-1,06T34@3,BUYER,0,26,-1,-1,4
1943,T35,T09,26,60,24,-1,-1,23,05T35@2,07T09@3,17,-1,-1,-1,3
193,OTHER,T35,26,1,10,0,-1,-1,SELLER,00T35@0,0,26,-1,-1,0
103,OTHER,T35,26,3,10,0,-1,-1,SELLER,00T35@0,0,26,-1,-1,0
2016,T35,T35,26,6,14,26,-1,26,02T35@1,04T35@2,17,26,-1,-1,2
1942,T22,T35,26,5,43,-1,-1,23,03T22@1,04T35@2,17,-1,-1,-1,2
1781,T22,T35,26,5,41,19,-1,19,03T22@1,04T35@2,17,26,-1,-1,2
1920,T35,T35,27,9,15,23,-1,23,02T35@1,04T35@2,17,27,-1,-1,2
1721,T22,T35,27,5,41,17,-1,17,03T22@1,04T35@2,17,27,-1,-1,2
824,T09,OTHER,27,4,59,-1,-1,-1,07T09@3,BUYER,0,-1,-1,-1,4
1915,T22,T35,27,9,15,23,-1,23,03T22@1,04T35@2,17,27,-1,-1,2
593,OTHER,T35,27,2,10,0,-1,-1,SELLER,01T35@0,0,27,-1,-1,0
1973,T35,T09,27,60,24,-1,-1,24,04T35@2,07T09@3,17,-1,-1,-1,3
829,T09,OTHER,27,3,59,-1,-1,-1,07T09@3,BUYER,0,-1,-1,-1,4
326,OTHER,T35,27,1,10,0,-1,-1,SELLER,00T35@0,0,27,-1,-1,0
426,T34,OTHER,27,1,59,0,-1,-1,06T34@3,BUYER,0,27,-1,-1,4
1909,T22,T35,27,5,43,-1,-1,22,03T22@1,05T35@2,17,-1,-1,-1,2
812,T09,OTHER,27,1,59,-1,-1,-1,07T09@3,BUYER,0,-1,-1,-1,4
1758,T22,T35,27,5,41,18,-1,18,03T22@1,05T35@2,17,27,-1,-1,2
415,OTHER,T35,27,3,10,0,-1,-1,SELLER,01T35@0,0,27,-1,-1,0
2019,T35,T22,27,5,10,26,-1,26,01T35@0,03T22@1,17,27,-1,-1,1
183,OTHER,T35,27,4,10,0,-1,-1,SELLER,01T35@0,0,27,-1,-1,0
2054,T35,T22,27,5,9,27,-1,27,01T35@0,03T22@1,17,27,-1,-1,1
199,T34,OTHER,27,3,59,0,-1,-1,06T34@3,BUYER,0,27,-1,-1,4
2017,T35,T22,27,5,10,26,-1,26,00T35@0,03T22@1,17,27,-1,-1,1
1996,T35,T22,27,5,10,25,-1,25,01T35@0,03T22@1,17,27,-1,-1,1
311,T34,OTHER,27,2,59,0,-1,-1,06T34@3,BUYER,0,27,-1,-1,4
1473,T35,T34,27,5,23,10,-1,10,04T35@2,06T34@3,17,27,-1,-1,3
579,OTHER,T35,27,1,10,0,-1,-1,SELLER,01T35@0,0,27,-1,-1,0
344,OTHER,T35,27,3,10,0,-1,-1,SELLER,00T35@0,0,27,-1,-1,0
1945,T22,T35,27,5,43,-1,-1,23,03T22@1,05T35@2,17,-1,-1,-1,2
1020,T09,OTHER,27,3,59,-1,-1,-1,07T09@3,BUYER,0,-1,-1,-1,4
618,OTHER,T35,27,2,10,0,-1,-1,SELLER,00T35@0,0,27,-1,-1,0
2066,T35,T35,27,4,14,27,-1,27,02T35@1,05T35@2,17,27,-1,-1,2
681,OTHER,T35,27,3,10,0,-1,-1,SELLER,00T35@0,0,27,-1,-1,0
2014,T35,T22,27,5,9,26,-1,26,00T35@0,03T22@1,17,27,-1,-1,1
1138,T34,OTHER,27,3,59,-1,-1,-1,06T34@3,BUYER,0,-1,-1,-1,4
2062,T35,T22,27,5,10,27,-1,27,00T35@0,03T22@1,17,27,-1,-1,1
1977,T35,T09,27,60,24,-1,-1,24,05T35@2,07T09@3,17,-1,-1,-1,3
1930,T35,T35,27,9,15,23,-1,23,02T35@1,05T35@2,17,27,-1,-1,2
2042,T35,T09,27,60,21,-1,-1,26,04T35@2,07T09@3,17,-1,-1,-1,3
647,OTHER,T35,27,1,10,0,-1,-1,SELLER,01T35@0,0,27,-1,-1,0
2070,T35,T09,28,60,21,-1,-1,27,04T35@2,07T09@3,17,-1,-1,-1,3
2071,T35,T09,28,60,21,-1,-1,27,05T35@2,07T09@3,17,-1,-1,-1,3
2002,T22,T35,28,5,43,-1,-1,25,03T22@1,04T35@2,17,-1,-1,-1,2
922,T09,OTHER,28,2,59,-1,-1,-1,07T09@3,BUYER,0,-1,-1,-1,4
2075,T22,T35,28,5,43,-1,-1,27,03T22@1,05T35@2,17,-1,-1,-1,2
1116,T34,OTHER,28,3,59,-1,-1,-1,06T34@3,BUYER,0,-1,-1,-1,4
2086,T35,T22,28,8,10,28,-1,28,01T35@0,03T22@1,17,28,-1,-1,1
2058,T35,T22,28,5,9,27,-1,27,01T35@0,03T22@1,17,28,-1,-1,1
1947,T35,T35,28,4,15,24,-1,24,02T35@1,05T35@2,17,28,-1,-1,2
2090,T35,T22,28,5,9,28,-1,28,00T35@0,03T22@1,17,28,-1,-1,1
314,OTHER,T35,28,2,10,0,-1,-1,SELLER,01T35@0,0,28,-1,-1,0
1137,T09,OTHER,28,1,59,-1,-1,-1,07T09@3,BUYER,0,-1,-1,-1,4
455,OTHER,T35,28,1,10,0,-1,-1,SELLER,00T35@0,0,28,-1,-1,0
2107,T22,T35,28,5,43,-1,-1,28,03T22@1,05T35@2,17,-1,-1,-1,2
2091,T35,T22,28,8,10,28,-1,28,00T35@0,03T22@1,17,28,-1,-1,1
305,T34,OTHER,28,4,59,0,-1,-1,06T34@3,BUYER,0,28,-1,-1,4
386,OTHER,T35,28,4,10,0,-1,-1,SELLER,00T35@0,0,28,-1,-1,0
494,OTHER,T35,28,2,10,0,-1,-1,SELLER,01T35@0,0,28,-1,-1,0
2049,T35,T22,28,5,9,27,-1,27,00T35@0,03T22@1,17,28,-1,-1,1
1511,T35,T34,28,5,23,11,-1,11,04T35@2,06T34@3,17,28,-1,-1,3
757,OTHER,T35,28,2,10,0,-1,-1,SELLER,00T35@0,0,28,-1,-1,0
640,OTHER,T35,28,3,10,0,-1,-1,SELLER,00T35@0,0,28,-1,-1,0
2025,T35,T22,28,5,9,26,-1,26,00T35@0,03T22@1,17,28,-1,-1,1
2039,T22,T35,28,5,43,-1,-1,26,03T22@1,04T35@2,17,-1,-1,-1,2
1502,T35,T34,28,5,23,11,-1,11,05T35@2,06T34@3,17,28,-1,-1,3
97,OTHER,T35,28,3,10,0,-1,-1,SELLER,01T35@0,0,28,-1,-1,0
207,OTHER,T35,28,2,10,0,-1,-1,SELLER,00T35@0,0,28,-1,-1,0
658,OTHER,T35,28,1,10,0,-1,-1,SELLER,00T35@0,0,28,-1,-1,0
983,T09,OTHER,28,3,59,-1,-1,-1,07T09@3,BUYER,0,-1,-1,-1,4
2008,T35,T09,28,60,24,-1,-1,25,05T35@2,07T09@3,17,-1,-1,-1,3
1782,T22,T35,28,5,41,19,-1,19,03T22@1,05T35@2,17,28,-1,-1,2
854,T09,OTHER,28,4,59,-1,-1,-1,07T09@3,BUYER,0,-1,-1,-1,4
1978,T22,T35,28,9,15,-1,-1,24,03T22@1,04T35@2,17,-1,-1,-1,2
1041,T09,OTHER,28,3,59,-1,-1,-1,07T09@3,BUYER,0,-1,-1,-1,4
214,OTHER,T35,29,4,10,0,-1,-1,SELLER,00T35@0,0,29,-1,-1,0
295,T34,OTHER,29,2,59,0,-1,-1,06T34@3,BUYER,0,29,-1,-1,4
552,OTHER,T35,29,2,10,0,-1,-1,SELLER,01T35@0,0,29,-1,-1,0
637,OTHER,T35,29,3,10,0,-1,-1,SELLER,00T35@0,0,29,-1,-1,0
2098,T35,T22,29,5,10,28,-1,28,01T35@0,03T22@1,17,29,-1,-1,1
725,OTHER,T35,29,1,10,0,-1,-1,SELLER,01T35@0,0,29,-1,-1,0
90,T34,OTHER,29,2,59,0,-1,-1,06T34@3,BUYER,0,29,-1,-1,4
1800,T22,T35,29,5,41,19,-1,19,03T22@1,04T35@2,17,29,-1,-1,2
2069,T35,T22,29,5,10,27,-1,27,00T35@0,03T22@1,17,29,-1,-1,1
118,OTHER,T35,29,1,10,0,-1,-1,SELLER,00T35@0,0,29,-1,-1,0
662,OTHER,T35,29,2,10,0,-1,-1,SELLER,01T35@0,0,29,-1,-1,0
1633,T35,T34,29,9,20,14,-1,14,05T35@2,06T34@3,17,29,-1,-1,3
68,T34,OTHER,29,2,59,0,-1,-1,06T34@3,BUYER,0,29,-1,-1,4
1618,T35,T34,29,9,20,14,-1,14,04T35@2,06T34@3,17,29,-1,-1,3
1867,T22,T35,29,5,41,21,-1,21,03T22@1,04T35@2,17,29,-1,-1,2
2119,T35,T22,29,6,10,29,-1,29,01T35@0,03T22@1,17,29,-1,-1,1
32,OTHER,T35,29,4,10,0,-1,-1,SELLER,01T35@0,0,29,-1,-1,0
841,T09,OTHER,29,1,59,-1,-1,-1,07T09@3,BUYER,0,-1,-1,-1,4
2106,T35,T09,29,60,21,-1,-1,28,05T35@2,07T09@3,17,-1,-1,-1,3
976,T34,OTHER,29,4,59,-1,-1,-1,06T34@3,BUYER,0,-1,-1,-1,4
475,OTHER,T35,29,3,10,0,-1,-1,SELLER,01T35@0,0,29,-1,-1,0
1535,T35,T34,29,5,23,12,-1,12,05T35@2,06T34@3,17,29,-1,-1,3
2113,T35,T22,29,5,9,29,-1,29,01T35@0,03T22@1,17,29,-1,-1,1
1549,T35,T34,29,5,23,12,-1,12,04T35@2,06T34@3,17,29,-1,-1,3
1091,T09,OTHER,29,2,59,-1,-1,-1,07T09@3,BUYER,0,-1,-1,-1,4
802,T34,OTHER,29,4,59,-1,-1,-1,06T34@3,BUYER,0,-1,-1,-1,4
2128,T35,T22,29,6,10,29,-1,29,00T35@0,03T22@1,17,29,-1,-1,1
2104,T22,T35,29,5,43,-1,-1,28,03T22@1,05T35@2,17,-1,-1,-1,2
2122,T22,T35,29,4,14,29,-1,29,03T22@1,04T35@2,17,29,-1,-1,2
857,T09,OTHER,29,3,59,-1,-1,-1,07T09@3,BUYER,0,-1,-1,-1,4
1976,T22,T35,29,5,43,-1,-1,24,03T22@1,04T35@2,17,-1,-1,-1,2
1968,T22,T35,29,5,41,24,-1,24,03T22@1,04T35@2,17,29,-1,-1,2
2043,T35,T09,29,60,24,-1,-1,26,05T35@2,07T09@3,17,-1,-1,-1,3
144,T34,OTHER,30,3,59,0,-1,-1,06T34@3,BUYER,0,30,-1,-1,4
531,OTHER,T35,30,1,10,0,-1,-1,SELLER,01T35@0,0,30,-1,-1,0
2137,T35,T09,30,60,21,-1,-1,29,05T35@2,07T09@3,17,-1,-1,-1,3
2164,T35,T22,30,5,9,30,-1,30,00T35@0,03T22@1,17,30,-1,-1,1
2022,T22,T35,30,9,15,26,-1,26,03T22@1,05T35@2,17,30,-1,-1,2
57,OTHER,T35,30,2,10,0,-1,-1,SELLER,00T35@0,0,30,-1,-1,0
2114,T35,T22,30,5,9,29,-1,29,00T35@0,03T22@1,17,30,-1,-1,1
1021,T34,OTHER,30,2,59,-1,-1,-1,06T34@3,BUYER,0,-1,-1,-1,4
2124,T35,T22,30,5,10,29,-1,29,00T35@0,03T22@1,17,30,-1,-1,1
110,OTHER,T35,30,5,10,0,-1,-1,SELLER,00T35@0,0,30,-1,-1,0
678,OTHER,T35,30,4,10,0,-1,-1,SELLER,01T35@0,0,30,-1,-1,0
514,T34,OTHER,30,1,59,0,-1,-1,06T34@3,BUYER,0,30,-1,-1,4
1816,T22,T35,30,5,41,20,-1,20,03T22@1,05T35@2,17,30,-1,-1,2
2138,T35,T09,30,60,21,-1,-1,29,04T35@2,07T09@3,17,-1,-1,-1,3
1666,T35,T34,30,9,20,15,-1,15,04T35@2,06T34@3,17,30,-1,-1,3
905,T09,OTHER,30,1,59,-1,-1,-1,07T09@3,BUYER,0,-1,-1,-1,4
2158,T35,T22,30,5,9,30,-1,30,01T35@0,03T22@1,17,30,-1,-1,1
2096,T35,T22,30,5,9,28,-1,28,01T35@0,03T22@1,17,30,-1,-1,1
2172,T22,T35,30,9,28,-1,-1,30,03T22@1,04T35@2,2,-1,-1,-1,2
390,OTHER,T35,30,4,10,0,-1,-1,SELLER,00T35@0,0,30,-1,-1,0
1077,T09,OTHER,30,7,59,-1,-1,-1,07T09@3,BUYER,0,-1,-1,-1,4
2099,T35,T22,30,5,10,28,-1,28,00T35@0,03T22@1,17,30,-1,-1,1
1882,T22,T35,30,5,41,22,-1,22,03T22@1,05T35@2,17,30,-1,-1,2
1588,T35,T34,30,5,23,13,-1,13,04T35@2,06T34@3,17,30,-1,-1,3
1928,T22,T35,30,5,41,23,-1,23,03T22@1,04T35@2,17,30,-1,-1,2
371,OTHER,T35,30,3,10,0,-1,-1,SELLER,01T35@0,0,30,-1,-1,0
2038,T22,T35,30,6,15,-1,-1,26,03T22@1,04T35@2,17,-1,-1,-1,2
1075,T34,OTHER,30,3,59,-1,-1,-1,06T34@3,BUYER,0,-1,-1,-1,4
1966,T22,T35,30,5,41,24,-1,24,03T22@1,04T35@2,17,30,-1,-1,2
2166,T22,T35,30,9,14,-1,-1,30,03T22@1,05T35@2,17,-1,-1,-1,2
2034,T22,T35,30,5,43,-1,-1,26,03T22@1,04T35@2,17,-1,-1,-1,2
1026,T34,OTHER,30,3,59,-1,-1,-1,06T34@3,BUYER,0,-1,-1,-1,4
1599,T35,T34,30,5,23,13,-1,13,05T35@2,06T34@3,17,30,-1,-1,3
588,OTHER,T35,30,1,10,0,-1,-1,SELLER,00T35@0,0,30,-1,-1,0
2048,T22,T35,31,4,15,27,-1,27,03T22@1,04T35@2,17,31,-1,-1,2
2060,T35,T35,31,4,15,27,-1,27,02T35@1,04T35@2,17,31,-1,-1,2
286,OTHER,T35,31,2,10,0,-1,-1,SELLER,00T35@0,0,31,-1,-1,0
1087,T34,OTHER,31,3,59,-1,-1,-1,06T34@3,BUYER,0,-1,-1,-1,4
2041,T22,T35,31,5,43,-1,-1,26,03T22@1,05T35@2,17,-1,-1,-1,2
1047,T34,OTHER,31,3,59,-1,-1,-1,06T34@3,BUYER,0,-1,-1,-1,4
2191,T35,T35,31,4,14,31,-1,31,02T35@1,05T35@2,17,31,-1,-1,2
228,T34,OTHER,31,4,59,0,-1,-1,06T34@3,BUYER,0,31,-1,-1,4
832,T09,OTHER,31,4,59,-1,-1,-1,07T09@3,BUYER,0,-1,-1,-1,4
2131,T35,T22,31,5,9,29,-1,29,01T35@0,03T22@1,17,31,-1,-1,1
2202,T35,T22,31,6,10,31,-1,31,00T35@0,03T22@1,17,31,-1,-1,1
2178,T22,T35,31,1,42,-1,-1,30,03T22@1,04T35@2,17,-1,-1,-1,2
223,OTHER,T35,31,7,10,0,-1,-1,SELLER,01T35@0,0,31,-1,-1,0
2157,T35,T22,31,5,10,30,-1,30,01T35@0,03T22@1,17,31,-1,-1,1
683,OTHER,T35,31,1,10,0,-1,-1,SELLER,00T35@0,0,31,-1,-1,0
875,T09,OTHER,31,3,59,-1,-1,-1,07T09@3,BUYER,0,-1,-1,-1,4
2105,T35,T09,31,60,24,-1,-1,28,04T35@2,07T09@3,17,-1,-1,-1,3
2196,T35,T22,31,6,9,31,-1,31,01T35@0,03T22@1,17,31,-1,-1,1
1892,T22,T35,31,5,41,22,-1,22,03T22@1,05T35@2,17,31,-1,-1,2
617,OTHER,T35,31,3,10,0,-1,-1,SELLER,00T35@0,0,31,-1,-1,0
951,T34,OTHER,31,2,59,-1,-1,-1,06T34@3,BUYER,0,-1,-1,-1,4
2195,T35,T35,31,9,14,31,-1,31,02T35@1,04T35@2,17,31,-1,-1,2
1855,T22,T35,31,5,41,21,-1,21,03T22@1,04T35@2,17,31,-1,-1,2
2192,T35,T22,31,5,9,31,-1,31,01T35@0,03T22@1,17,31,-1,-1,1
85,OTHER,T35,31,2,10,0,-1,-1,SELLER,01T35@0,0,31,-1,-1,0
2175,T35,T09,31,60,21,-1,-1,30,05T35@2,07T09@3,17,-1,-1,-1,3
456,OTHER,T35,31,4,10,0,-1,-1,SELLER,00T35@0,0,31,-1,-1,0
434,T34,OTHER,31,1,59,0,-1,-1,06T34@3,BUYER,0,31,-1,-1,4
2076,T22,T35,31,5,43,-1,-1,27,03T22@1,04T35@2,17,-1,-1,-1,2
2074,T22,T35,31,4,15,-1,-1,27,03T22@1,05T35@2,17,-1,-1,-1,2
9,OTHER,T35,31,1,10,0,-1,-1,SELLER,01T35@0,0,31,-1,-1,0
2163,T35,T22,31,5,9,30,-1,30,00T35@0,03T22@1,17,31,-1,-1,1
751,OTHER,T35,32,5,10,0,-1,-1,SELLER,00T35@0,0,32,-1,-1,0
1951,T22,T35,32,5,41,24,-1,24,03T22@1,04T35@2,17,32,-1,-1,2
748,OTHER,T35,32,3,10,0,-1,-1,SELLER,01T35@0,0,32,-1,-1,0
2201,T35,T22,32,5,10,31,-1,31,00T35@0,03T22@1,17,32,-1,-1,1
190,OTHER,T35,32,1,10,0,-1,-1,SELLER,00T35@0,0,32,-1,-1,0
2222,T35,T22,32,5,10,32,-1,32,00T35@0,03T22@1,17,32,-1,-1,1
140,OTHER,T35,32,1,10,0,-1,-1,SELLER,01T35@0,0,32,-1,-1,0
1719,T35,T34,32,9,20,17,-1,17,04T35@2,06T34@3,17,32,-1,-1,3
1059,T09,OTHER,32,5,59,-1,-1,-1,07T09@3,BUYER,0,-1,-1,-1,4
1718,T35,T34,32,9,20,17,-1,17,05T35@2,06T34@3,17,32,-1,-1,3
99,T34,OTHER,32,1,59,0,-1,-1,06T34@3,BUYER,0,32,-1,-1,4
1660,T35,T34,32,5,23,15,-1,15,05T35@2,06T34@3,17,32,-1,-1,3
490,OTHER,T35,32,2,10,0,-1,-1,SELLER,01T35@0,0,32,-1,-1,0
749,OTHER,T35,32,1,10,0,-1,-1,SELLER,00T35@0,0,32,-1,-1,0
2211,T35,T09,32,60,21,-1,-1,31,04T35@2,07T09@3,17,-1,-1,-1,3
202,OTHER,T35,32,2,10,0,-1,-1,SELLER,01T35@0,0,32,-1,-1,0
2149,T35,T22,32,5,10,30,-1,30,00T35@0,03T22@1,17,32,-1,-1,1
934,T09,OTHER,32,1,59,-1,-1,-1,07T09@3,BUYER,0,-1,-1,-1,4
989,T34,OTHER,32,3,59,-1,-1,-1,06T34@3,BUYER,0,-1,-1,-1,4
341,OTHER,T35,32,2,10,0,-1,-1,SELLER,00T35@0,0,32,-1,-1,0
2169,T22,T35,32,5,43,-1,-1,30,03T22@1,04T35@2,17,-1,-1,-1,2
778,T09,OTHER,32,3,59,-1,-1,-1,07T09@3,BUYER,0,-1,-1,-1,4
219,OTHER,T35,32,3,10,0,-1,-1,SELLER,01T35@0,0,32,-1,-1,0
822,T09,OTHER,32,1,59,-1,-1,-1,07T09@3,BUYER,0,-1,-1,-1,4
900,T09,OTHER,32,2,59,-1,-1,-1,07T09@3,BUYER,0,-1,-1,-1,4
269,T34,OTHER,32,4,59,0,-1,-1,06T34@3,BUYER,0,32,-1,-1,4
2139,T22,T35,32,5,43,-1,-1,29,03T22@1,05T35@2,17,-1,-1,-1,2
1151,T34,OTHER,33,3,59,-1,-1,-1,06T34@3,BUYER,0,-1,-1,-1,4
1929,T22,T35,33,5,41,23,-1,23,03T22@1,05T35@2,17,33,-1,-1,2
2183,T35,T22,33,5,10,31,-1,31,00T35@0,03T22@1,17,33,-1,-1,1
885,T09,OTHER,33,3,59,-1,-1,-1,07T09@3,BUYER,0,-1,-1,-1,4
2276,T22,T35,33,1,42,-1,-1,33,03T22@1,04T35@2,17,-1,-1,-1,2
610,OTHER,T35,33,1,10,0,-1,-1,SELLER,01T35@0,0,33,-1,-1,0
573,OTHER,T35,33,6,10,0,-1,-1,SELLER,01T35@0,0,33,-1,-1,0
911,T09,OTHER,33,3,59,-1,-1,-1,07T09@3,BUYER,0,-1,-1,-1,4
1683,T35,T34,33,5,23,16,-1,16,04T35@2,06T34@3,17,33,-1,-1,3
527,OTHER,T35,33,3,10,0,-1,-1,SELLER,00T35@0,0,33,-1,-1,0
2274,T22,T35,33,4,14,-1,-1,33,03T22@1,05T35@2,17,-1,-1,-1,2
498,OTHER,T35,33,1,10,0,-1,-1,SELLER,01T35@0,0,33,-1,-1,0
1123,T09,OTHER,33,3,59,-1,-1,-1,07T09@3,BUYER,0,-1,-1,-1,4
465,OTHER,T35,33,2,10,0,-1,-1,SELLER,00T35@0,0,33,-1,-1,0
2089,T22,T35,33,5,43,28,-1,28,03T22@1,05T35@2,17,33,-1,-1,2
1949,T22,T35,33,5,41,24,-1,24,03T22@1,04T35@2,17,33,-1,-1,2
1684,T35,T34,33,5,23,16,-1,16,05T35@2,06T34@3,17,33,-1,-1,3
883,T09,OTHER,33,1,59,-1,-1,-1,07T09@3,BUYER,0,-1,-1,-1,4
663,T34,OTHER,33,1,59,0,-1,-1,06T34@3,BUYER,0,33,-1,-1,4
366,T34,OTHER,33,3,59,0,-1,-1,06T34@3,BUYER,0,33,-1,-1,4
2209,T22,T35,33,1,42,-1,-1,31,03T22@1,05T35@2,17,-1,-1,-1,2
2142,T22,T35,33,5,43,-1,-1,29,03T22@1,05T35@2,17,-1,-1,-1,2
2123,T22,T35,33,4,15,29,-1,29,03T22@1,05T35@2,17,33,-1,-1,2
2267,T35,T22,33,8,10,33,-1,33,00T35@0,03T22@1,17,33,-1,-1,1
2120,T35,T35,33,4,15,29,-1,29,02T35@1,05T35@2,17,33,-1,-1,2
712,OTHER,T35,33,4,10,0,-1,-1,SELLER,00T35@0,0,33,-1,-1,0
2200,T35,T22,33,5,10,31,-1,31,01T35@0,03T22@1,17,33,-1,-1,1
2232,T35,T22,33,5,10,32,-1,32,01T35@0,03T22@1,17,33,-1,-1,1
2167,T35,T09,33,60,24,-1,-1,30,04T35@2,07T09@3,17,-1,-1,-1,3
780,T09,OTHER,33,3,59,-1,-1,-1,07T09@3,BUYER,0,-1,-1,-1,4
2244,T35,T09,33,60,21,-1,-1,32,05T35@2,07T09@3,17,-1,-1,-1,3
671,OTHER,T35,33,3,10,0,-1,-1,SELLER,00T35@0,0,33,-1,-1,0
2245,T22,T35,33,1,42,-1,-1,32,03T22@1,05T35@2,17,-1,-1,-1,2
2255,T35,T22,33,8,9,33,-1,33,01T35@0,03T22@1,17,33,-1,-1,1
2237,T35,T22,33,5,10,32,-1,32,01T35@0,03T22@1,17,33,-1,-1,1
2130,T35,T35,33,4,15,29,-1,29,02T35@1,04T35@2,17,33,-1,-1,2
270,T34,OTHER,34,4,59,0,-1,-1,06T34@3,BUYER,0,34,-1,-1,4
59,OTHER,T35,34,3,10,0,-1,-1,SELLER,00T35@0,0,34,-1,-1,0
1085,T09,OTHER,34,2,59,-1,-1,-1,07T09@3,BUYER,0,-1,-1,-1,4
1992,T22,T35,34,5,41,25,-1,25,03T22@1,04T35@2,17,34,-1,-1,2
251,OTHER,T35,34,2,10,0,-1,-1,SELLER,00T35@0,0,34,-1,-1,0
200,OTHER,T35,34,2,10,0,-1,-1,SELLER,01T35@0,0,34,-1,-1,0
205,T34,OTHER,34,2,59,0,-1,-1,06T34@3,BUYER,0,34,-1,-1,4
784,T09,OTHER,34,1,59,-1,-1,-1,07T09@3,BUYER,0,-1,-1,-1,4
635,OTHER,T35,34,1,10,0,-1,-1,SELLER,00T35@0,0,34,-1,-1,0
2283,T35,T22,34,7,9,34,-1,34,01T35@0,03T22@1,17,34,-1,-1,1
2285,T35,T22,34,5,9,34,-1,34,01T35@0,03T22@1,17,34,-1,-1,1
600,OTHER,T35,34,3,10,0,-1,-1,SELLER,00T35@0,0,34,-1,-1,0
2162,T35,T35,34,9,15,30,-1,30,02T35@1,05T35@2,17,34,-1,-1,2
2278,T35,T09,34,60,21,-1,-1,33,04T35@2,07T09@3,17,-1,-1,-1,3
2168,T22,T35,34,9,15,-1,-1,30,03T22@1,04T35@2,17,-1,-1,-1,2
2171,T22,T35,34,5,43,-1,-1,30,03T22@1,04T35@2,17,-1,-1,-1,2
2288,T35,T22,34,7,9,34,-1,34,00T35@0,03T22@1,17,34,-1,-1,1
2269,T35,T09,34,60,21,-1,-1,33,05T35@2,07T09@3,17,-1,-1,-1,3
2277,T22,T35,34,11,28,-1,-1,33,03T22@1,05T35@2,5,-1,-1,-1,2
775,T09,OTHER,34,4,59,-1,-1,-1,07T09@3,BUYER,0,-1,-1,-1,4
2229,T35,T22,34,5,10,32,-1,32,01T35@0,03T22@1,17,34,-1,-1,1
2030,T22,T35,34,5,41,26,-1,26,03T22@1,04T35@2,17,34,-1,-1,2
880,T09,OTHER,34,1,59,-1,-1,-1,07T09@3,BUYER,0,-1,-1,-1,4
2253,T35,T22,34,5,10,33,-1,33,01T35@0,03T22@1,17,34,-1,-1,1
2143,T22,T35,34,5,43,-1,-1,29,03T22@1,04T35@2,17,-1,-1,-1,2
915,T09,OTHER,34,3,59,-1,-1,-1,07T09@3,BUYER,0,-1,-1,-1,4
2205,T22,T35,34,5,43,-1,-1,31,03T22@1,05T35@2,17,-1,-1,-1,2
2266,T35,T22,34,5,10,33,-1,33,01T35@0,03T22@1,17,34,-1,-1,1
734,OTHER,T35,34,5,10,0,-1,-1,SELLER,01T35@0,0,34,-1,-1,0
2203,T35,T09,34,60,24,-1,-1,31,05T35@2,07T09@3,17,-1,-1,-1,3
2271,T22,T35,34,5,43,-1,-1,33,03T22@1,05T35@2,17,-1,-1,-1,2
2051,T22,T35,34,5,41,27,-1,27,03T22@1,04T35@2,17,34,-1,-1,2
2152,T35,T35,34,9,15,30,-1,30,02T35@1,04T35@2,17,34,-1,-1,2
569,OTHER,T35,34,4,10,0,-1,-1,SELLER,00T35@0,0,34,-1,-1,0
888,T34,OTHER,34,2,59,-1,-1,-1,06T34@3,BUYER,0,-1,-1,-1,4
2305,T22,T35,34,5,43,-1,-1,34,03T22@1,04T35@2,17,-1,-1,-1,2
405,T34,OTHER,34,1,59,0,-1,-1,06T34@3,BUYER,0,34,-1,-1,4
2223,T35,T22,34,5,10,32,-1,32,00T35@0,03T22@1,17,34,-1,-1,1
2126,T22,T35,34,5,41,29,-1,29,03T22@1,04T35@2,17,34,-1,-1,2
1097,T34,OTHER,35,4,59,-1,-1,-1,06T34@3,BUYER,0,-1,-1,-1,4
2061,T22,T35,35,5,41,27,-1,27,03T22@1,04T35@2,17,35,-1,-1,2
634,OTHER,T35,35,4,10,0,-1,-1,SELLER,00T35@0,0,35,-1,-1,0
884,T09,OTHER,35,1,59,-1,-1,-1,07T09@3,BUYER,0,-1,-1,-1,4
520,OTHER,T35,35,4,10,0,-1,-1,SELLER,01T35@0,0,35,-1,-1,0
2297,T35,T22,35,5,9,34,-1,34,01T35@0,03T22@1,17,35,-1,-1,1
382,OTHER,T35,35,4,10,0,-1,-1,SELLER,00T35@0,0,35,-1,-1,0
2303,T35,T09,35,60,21,-1,-1,34,05T35@2,07T09@3,17,-1,-1,-1,3
923,T09,OTHER,35,2,59,-1,-1,-1,07T09@3,BUYER,0,-1,-1,-1,4
2311,T35,T09,35,60,21,-1,-1,34,04T35@2,07T09@3,17,-1,-1,-1,3
2314,T35,T22,35,7,10,35,-1,35,01T35@0,03T22@1,17,35,-1,-1,1
2317,T35,T22,35,7,10,35,-1,35,00T35@0,03T22@1,17,35,-1,-1,1
273,OTHER,T35,35,1,10,0,-1,-1,SELLER,01T35@0,0,35,-1,-1,0
605,OTHER,T35,35,1,10,0,-1,-1,SELLER,00T35@0,0,35,-1,-1,0
2289,T35,T22,35,5,9,34,-1,34,00T35@0,03T22@1,17,35,-1,-1,1
2261,T35,T22,35,5,9,33,-1,33,00T35@0,03T22@1,17,35,-1,-1,1
906,T09,OTHER,35,5,59,-1,-1,-1,07T09@3,BUYER,0,-1,-1,-1,4
462,OTHER,T35,35,4,10,0,-1,-1,SELLER,01T35@0,0,35,-1,-1,0
2239,T35,T09,35,60,24,-1,-1,32,04T35@2,07T09@3,17,-1,-1,-1,3
2197,T22,T35,35,9,15,31,-1,31,03T22@1,04T35@2,17,35,-1,-1,2
466,OTHER,T35,35,2,10,0,-1,-1,SELLER,01T35@0,0,35,-1,-1,0
680,T34,OTHER,35,1,59,0,-1,-1,06T34@3,BUYER,0,35,-1,-1,4
357,T34,OTHER,35,2,59,0,-1,-1,06T34@3,BUYER,0,35,-1,-1,4
1985,T22,T35,35,5,41,25,-1,25,03T22@1,04T35@2,17,35,-1,-1,2
2151,T22,T35,35,5,43,30,-1,30,03T22@1,05T35@2,17,35,-1,-1,2
1042,T09,OTHER,35,2,59,-1,-1,-1,07T09@3,BUYER,0,-1,-1,-1,4
1766,T35,T34,35,5,23,18,-1,18,04T35@2,06T34@3,17,35,-1,-1,3
1764,T35,T34,35,5,23,18,-1,18,05T35@2,06T34@3,17,35,-1,-1,3
2260,T35,T22,35,5,10,33,-1,33,00T35@0,03T22@1,17,35,-1,-1,1
815,T09,OTHER,35,3,59,-1,-1,-1,07T09@3,BUYER,0,-1,-1,-1,4
729,T34,OTHER,36,3,59,0,-1,-1,06T34@3,BUYER,0,36,-1,-1,4
2216,T22,T35,36,6,15,32,-1,32,03T22@1,04T35@2,17,36,-1,-1,2
723,OTHER,T35,36,1,10,0,-1,-1,SELLER,00T35@0,0,36,-1,-1,0
318,OTHER,T35,36,2,10,0,-1,-1,SELLER,00T35@0,0,36,-1,-1,0
754,OTHER,T35,36,4,10,0,-1,-1,SELLER,01T35@0,0,36,-1,-1,0
1849,T35,T34,36,9,20,21,-1,21,04T35@2,06T34@3,17,36,-1,-1,3
904,T09,OTHER,36,2,59,-1,-1,-1,07T09@3,BUYER,0,-1,-1,-1,4
1850,T35,T34,36,9,20,21,-1,21,05T35@2,06T34@3,17,36,-1,-1,3
2097,T22,T35,36,5,41,28,-1,28,03T22@1,04T35@2,17,36,-1,-1,2
2132,T22,T35,36,1,42,29,-1,29,03T22@1,04T35@2,17,36,-1,-1,2
2207,T22,T35,36,5,43,-1,-1,31,03T22@1,05T35@2,17,-1,-1,-1,2
2226,T35,T35,36,6,15,32,-1,32,02T35@1,04T35@2,17,36,-1,-1,2
2270,T22,T35,36,5,43,-1,-1,33,03T22@1,04T35@2,17,-1,-1,-1,2
776,T09,OTHER,36,2,59,-1,-1,-1,07T09@3,BUYER,0,-1,-1,-1,4
2181,T22,T35,36,1,42,31,-1,31,03T22@1,05T35@2,17,36,-1,-1,2
1789,T35,T34,36,5,23,19,-1,19,04T35@2,06T34@3,17,36,-1,-1,3
1787,T35,T34,36,5,23,19,-1,19,05T35@2,06T34@3,17,36,-1,-1,3
866,T09,OTHER,36,2,59,-1,-1,-1,07T09@3,BUYER,0,-1,-1,-1,4
2240,T22,T35,36,5,43,-1,-1,32,03T22@1,05T35@2,17,-1,-1,-1,2
608,T34,OTHER,36,2,59,0,-1,-1,06T34@3,BUYER,0,36,-1,-1,4
249,OTHER,T35,36,1,10,0,-1,-1,SELLER,00T35@0,0,36,-1,-1,0
653,OTHER,T35,36,3,10,0,-1,-1,SELLER,00T35@0,0,36,-1,-1,0
2318,T35,T22,36,5,9,35,-1,35,00T35@0,03T22@1,17,36,-1,-1,1
187,OTHER,T35,36,5,10,0,-1,-1,SELLER,00T35@0,0,36,-1,-1,0
2301,T35,T22,36,5,9,34,-1,34,01T35@0,03T22@1,17,36,-1,-1,1
736,OTHER,T35,36,1,10,0,-1,-1,SELLER,00T35@0,0,36,-1,-1,0
2332,T35,T22,36,5,10,35,-1,35,00T35@0,03T22@1,17,36,-1,-1,1
101,OTHER,T35,36,1,10,0,-1,-1,SELLER,01T35@0,0,36,-1,-1,0
2345,T35,T09,36,60,21,-1,-1,35,04T35@2,07T09@3,17,-1,-1,-1,3
2365,T35,T22,36,5,9,36,-1,36,00T35@0,03T22@1,17,36,-1,-1,1
988,T09,OTHER,36,7,59,-1,-1,-1,07T09@3,BUYER,0,-1,-1,-1,4
470,OTHER,T35,36,2,10,0,-1,-1,SELLER,01T35@0,0,36,-1,-1,0
916,T09,OTHER,36,1,59,-1,-1,-1,07T09@3,BUYER,0,-1,-1,-1,4
2354,T35,T22,36,5,9,36,-1,36,00T35@0,03T22@1,17,36,-1,-1,1
941,T09,OTHER,36,1,59,-1,-1,-1,07T09@3,BUYER,0,-1,-1,-1,4
2375,T22,T35,36,6,14,-1,-1,36,03T22@1,05T35@2,17,-1,-1,-1,2
2259,T35,T35,37,6,15,33,-1,33,02T35@1,04T35@2,17,37,-1,-1,2
2052,T22,T35,37,5,41,27,-1,27,03T22@1,05T35@2,17,37,-1,-1,2
2320,T35,T22,37,5,9,35,-1,35,00T35@0,03T22@1,17,37,-1,-1,1
967,T34,OTHER,37,2,59,-1,-1,-1,06T34@3,BUYER,0,-1,-1,-1,4
2256,T22,T35,37,6,15,33,-1,33,03T22@1,04T35@2,17,37,-1,-1,2
501,OTHER,T35,37,1,10,0,-1,-1,SELLER,00T35@0,0,37,-1,-1,0
960,T09,OTHER,37,1,59,-1,-1,-1,07T09@3,BUYER,0,-1,-1,-1,4
625,OTHER,T35,37,2,10,0,-1,-1,SELLER,01T35@0,0,37,-1,-1,0
615,OTHER,T35,37,1,10,0,-1,-1,SELLER,00T35@0,0,37,-1,-1,0
2282,T22,T35,37,5,43,-1,-1,33,03T22@1,04T35@2,17,-1,-1,-1,2
2262,T35,T35,37,4,15,33,-1,33,02T35@1,05T35@2,17,37,-1,-1,2
966,T09,OTHER,37,3,59,-1,-1,-1,07T09@3,BUYER,0,-1,-1,-1,4
806,T09,OTHER,37,3,59,-1,-1,-1,07T09@3,BUYER,0,-1,-1,-1,4
2368,T35,T22,37,5,9,36,-1,36,00T35@0,03T22@1,17,37,-1,-1,1
482,OTHER,T35,37,4,10,0,-1,-1,SELLER,00T35@0,0,37,-1,-1,0
684,OTHER,T35,37,2,10,0,-1,-1,SELLER,00T35@0,0,37,-1,-1,0
217,OTHER,T35,37,2,10,0,-1,-1,SELLER,00T35@0,0,37,-1,-1,0
479,OTHER,T35,37,1,10,0,-1,-1,SELLER,01T35@0,0,37,-1,-1,0
1003,T09,OTHER,37,3,59,-1,-1,-1,07T09@3,BUYER,0,-1,-1,-1,4
2376,T35,T09,37,60,21,-1,-1,36,05T35@2,07T09@3,17,-1,-1,-1,3
2184,T22,T35,37,5,41,31,-1,31,03T22@1,04T35@2,17,37,-1,-1,2
2385,T35,T22,37,6,9,37,-1,37,01T35@0,03T22@1,17,37,-1,-1,1
2227,T22,T35,37,5,41,32,-1,32,03T22@1,04T35@2,17,37,-1,-1,2
1815,T35,T34,37,5,23,20,-1,20,05T35@2,06T34@3,17,37,-1,-1,3
1820,T35,T34,37,5,23,20,-1,20,04T35@2,06T34@3,17,37,-1,-1,3
296,T34,OTHER,37,4,59,0,-1,-1,06T34@3,BUYER,0,37,-1,-1,4
2397,T35,T22,37,5,9,37,-1,37,00T35@0,03T22@1,17,37,-1,-1,1
1888,T35,T34,37,9,20,22,-1,22,04T35@2,06T34@3,17,37,-1,-1,3
133,T34,OTHER,37,2,59,0,-1,-1,06T34@3,BUYER,0,37,-1,-1,4
2394,T35,T22,37,6,10,37,-1,37,00T35@0,03T22@1,17,37,-1,-1,1
895,T34,OTHER,37,2,59,-1,-1,-1,06T34@3,BUYER,0,-1,-1,-1,4
2082,T22,T35,37,5,41,28,-1,28,03T22@1,04T35@2,17,37,-1,-1,2
2329,T35,T22,37,5,10,35,-1,35,01T35@0,03T22@1,17,37,-1,-1,1
402,OTHER,T35,37,3,10,0,-1,-1,SELLER,01T35@0,0,37,-1,-1,0
396,OTHER,T35,37,4,10,0,-1,-1,SELLER,00T35@0,0,37,-1,-1,0
2422,T35,T35,38,9,14,38,-1,38,02T35@1,04T35@2,17,38,-1,-1,2
113,OTHER,T35,38,1,10,0,-1,-1,SELLER,01T35@0,0,38,-1,-1,0
539,OTHER,T35,38,1,10,0,-1,-1,SELLER,00T35@0,0,38,-1,-1,0
2254,T22,T35,38,5,43,33,-1,33,03T22@1,05T35@2,17,38,-1,-1,2
1146,T09,OTHER,38,3,59,-1,-1,-1,07T09@3,BUYER,0,-1,-1,-1,4
2155,T22,T35,38,5,41,30,-1,30,03T22@1,04T35@2,17,38,-1,-1,2
2396,T35,T22,38,5,9,37,-1,37,00T35@0,03T22@1,17,38,-1,-1,1
777,T09,OTHER,38,2,59,-1,-1,-1,07T09@3,BUYER,0,-1,-1,-1,4
2306,T22,T35,38,9,15,-1,-1,34,03T22@1,05T35@2,17,-1,-1,-1,2
2307,T22,T35,38,5,43,-1,-1,34,03T22@1,04T35@2,17,-1,-1,-1,2
2372,T22,T35,38,5,43,-1,-1,36,03T22@1,04T35@2,17,-1,-1,-1,2
2440,T22,T35,38,16,28,-1,-1,38,03T22@1,05T35@2,2,-1,-1,-1,2
2430,T35,T22,38,5,10,38,-1,38,01T35@0,03T22@1,17,38,-1,-1,1
170,OTHER,T35,38,2,10,0,-1,-1,SELLER,00T35@0,0,38,-1,-1,0
1148,T34,OTHER,38,4,59,-1,-1,-1,06T34@3,BUYER,0,-1,-1,-1,4
1932,T35,T34,38,9,20,23,-1,23,04T35@2,06T34@3,17,38,-1,-1,3
997,T09,OTHER,38,3,59,-1,-1,-1,07T09@3,BUYER,0,-1,-1,-1,4
47,OTHER,T35,38,4,10,0,-1,-1,SELLER,01T35@0,0,38,-1,-1,0
2358,T35,T22,38,5,9,36,-1,36,00T35@0,03T22@1,17,38,-1,-1,1
335,OTHER,T35,38,3,10,0,-1,-1,SELLER,01T35@0,0,38,-1,-1,0
43,T34,OTHER,38,1,59,0,-1,-1,06T34@3,BUYER,0,38,-1,-1,4
2409,T35,T09,38,60,21,-1,-1,37,05T35@2,07T09@3,17,-1,-1,-1,3
255,OTHER,T35,38,3,10,0,-1,-1,SELLER,00T35@0,0,38,-1,-1,0
2435,T22,T35,38,5,43,-1,-1,38,03T22@1,05T35@2,17,-1,-1,-1,2
867,T09,OTHER,38,2,59,-1,-1,-1,07T09@3,BUYER,0,-1,-1,-1,4
2408,T35,T09,38,60,21,-1,-1,37,04T35@2,07T09@3,17,-1,-1,-1,3
2351,T35,T22,38,5,10,36,-1,36,00T35@0,03T22@1,17,38,-1,-1,1
722,T34,OTHER,38,3,59,0,-1,-1,06T34@3,BUYER,0,38,-1,-1,4
2390,T35,T22,38,5,9,37,-1,37,00T35@0,03T22@1,17,38,-1,-1,1
2442,T22,T35,38,9,14,-1,-1,38,03T22@1,04T35@2,17,-1,-1,-1,2
2411,T22,T35,38,5,43,-1,-1,37,03T22@1,05T35@2,17,-1,-1,-1,2
2291,T35,T35,38,9,15,34,-1,34,02T35@1,05T35@2,17,38,-1,-1,2
412,OTHER,T35,38,6,10,0,-1,-1,SELLER,00T35@0,0,38,-1,-1,0
2346,T35,T09,38,60,24,-1,-1,35,05T35@2,07T09@3,17,-1,-1,-1,3
878,T09,OTHER,38,2,59,-1,-1,-1,07T09@3,BUYER,0,-1,-1,-1,4
2423,T35,T22,38,5,9,38,-1,38,01T35@0,03T22@1,17,38,-1,-1,1
1037,T34,OTHER,39,4,59,-1,-1,-1,06T34@3,BUYER,0,-1,-1,-1,4
291,OTHER,T35,39,3,10,0,-1,-1,SELLER,00T35@0,0,39,-1,-1,0
542,OTHER,T35,39,2,10,0,-1,-1,SELLER,01T35@0,0,39,-1,-1,0
2392,T35,T22,39,5,9,37,-1,37,01T35@0,03T22@1,17,39,-1,-1,1
2436,T22,T35,39,1,42,-1,-1,38,03T22@1,04T35@2,17,-1,-1,-1,2
756,OTHER,T35,39,1,10,0,-1,-1,SELLER,01T35@0,0,39,-1,-1,0
701,OTHER,T35,39,2,10,0,-1,-1,SELLER,00T35@0,0,39,-1,-1,0
2230,T22,T35,39,5,41,32,-1,32,03T22@1,05T35@2,17,39,-1,-1,2
1017,T34,OTHER,39,2,59,-1,-1,-1,06T34@3,BUYER,0,-1,-1,-1,4
2419,T35,T22,39,5,9,38,-1,38,00T35@0,03T22@1,17,39,-1,-1,1
768,T09,OTHER,39,2,59,-1,-1,-1,07T09@3,BUYER,0,-1,-1,-1,4
26,OTHER,T35,39,1,10,0,-1,-1,SELLER,00T35@0,0,39,-1,-1,0
213,OTHER,T35,39,3,10,0,-1,-1,SELLER,00T35@0,0,39,-1,-1,0
2321,T35,T35,39,6,15,35,-1,35,02T35@1,04T35@2,17,39,-1,-1,2
2446,T35,T09,39,60,21,-1,-1,38,05T35@2,07T09@3,17,-1,-1,-1,3
2322,T22,T35,39,4,15,35,-1,35,03T22@1,05T35@2,17,39,-1,-1,2
134,T34,OTHER,39,2,59,0,-1,-1,06T34@3,BUYER,0,39,-1,-1,4
2425,T35,T22,39,5,9,38,-1,38,01T35@0,03T22@1,17,39,-1,-1,1
2449,T35,T22,39,6,10,39,-1,39,01T35@0,03T22@1,17,39,-1,-1,1
80,T34,OTHER,39,4,59,0,-1,-1,06T34@3,BUYER,0,39,-1,-1,4
2339,T22,T35,39,6,15,-1,-1,35,03T22@1,04T35@2,17,-1,-1,-1,2
632,OTHER,T35,39,4,10,0,-1,-1,SELLER,01T35@0,0,39,-1,-1,0
1099,T09,OTHER,39,5,59,-1,-1,-1,07T09@3,BUYER,0,-1,-1,-1,4
313,OTHER,T35,39,3,10,0,-1,-1,SELLER,01T35@0,0,39,-1,-1,0
2450,T35,T35,39,4,14,39,-1,39,02T35@1,05T35@2,17,39,-1,-1,2
1967,T35,T34,39,9,20,24,-1,24,04T35@2,06T34@3,17,39,-1,-1,3
2374,T35,T09,39,60,24,-1,-1,36,04T35@2,07T09@3,17,-1,-1,-1,3
675,OTHER,T35,39,1,10,0,-1,-1,SELLER,01T35@0,0,39,-1,-1,0
2333,T35,T35,39,4,15,35,-1,35,02T35@1,05T35@2,17,39,-1,-1,2
978,T09,OTHER,39,1,59,-1,-1,-1,07T09@3,BUYER,0,-1,-1,-1,4
1880,T35,T34,39,5,23,22,-1,22,05T35@2,06T34@3,17,39,-1,-1,3
2338,T22,T35,39,5,43,-1,-1,35,03T22@1,04T35@2,17,-1,-1,-1,2
2470,T35,T22,39,6,9,39,-1,39,00T35@0,03T22@1,17,39,-1,-1,1
86,OTHER,T35,40,2,10,0,-1,-1,SELLER,01T35@0,0,40,-1,-1,0
2459,T35,T22,40,5,10,39,-1,39,00T35@0,03T22@1,17,40,-1,-1,1
510,OTHER,T35,40,1,10,0,-1,-1,SELLER,00T35@0,0,40,-1,-1,0
602,OTHER,T35,40,4,10,0,-1,-1,SELLER,00T35@0,0,40,-1,-1,0
2343,T22,T35,40,5,43,-1,-1,35,03T22@1,05T35@2,17,-1,-1,-1,2
137,T34,OTHER,40,2,59,0,-1,-1,06T34@3,BUYER,0,40,-1,-1,4
2456,T35,T22,40,5,10,39,-1,39,01T35@0,03T22@1,17,40,-1,-1,1
700,OTHER,T35,40,2,10,0,-1,-1,SELLER,00T35@0,0,40,-1,-1,0
2370,T22,T35,40,5,43,-1,-1,36,03T22@1,05T35@2,17,-1,-1,-1,2
2219,T22,T35,40,5,41,32,-1,32,03T22@1,05T35@2,17,40,-1,-1,2
2441,T22,T35,40,5,43,-1,-1,38,03T22@1,05T35@2,17,-1,-1,-1,2
581,OTHER,T35,40,4,10,0,-1,-1,SELLER,00T35@0,0,40,-1,-1,0
2362,T35,T35,40,4,15,36,-1,36,02T35@1,04T35@2,17,40,-1,-1,2
2363,T35,T35,40,6,15,36,-1,36,02T35@1,05T35@2,17,40,-1,-1,2
362,OTHER,T35,40,1,10,0,-1,-1,SELLER,01T35@0,0,40,-1,-1,0
2421,T35,T22,40,5,10,38,-1,38,00T35@0,03T22@1,17,40,-1,-1,1
1044,T34,OTHER,40,2,59,-1,-1,-1,06T34@3,BUYER,0,-1,-1,-1,4
994,T09,OTHER,40,3,59,-1,-1,-1,07T09@3,BUYER,0,-1,-1,-1,4
957,T09,OTHER,40,1,59,-1,-1,-1,07T09@3,BUYER,0,-1,-1,-1,4
1921,T35,T34,40,5,23,23,-1,23,05T35@2,06T34@3,17,40,-1,-1,3
2481,T35,T09,40,60,21,-1,-1,39,05T35@2,07T09@3,17,-1,-1,-1,3
280,OTHER,T35,40,1,10,0,-1,-1,SELLER,00T35@0,0,40,-1,-1,0
2510,T22,T35,40,5,43,-1,-1,40,03T22@1,04T35@2,17,-1,-1,-1,2
972,T34,OTHER,40,5,59,-1,-1,-1,06T34@3,BUYER,0,-1,-1,-1,4
2503,T35,T22,40,5,9,40,-1,40,00T35@0,03T22@1,17,40,-1,-1,1
2188,T22,T35,40,5,41,31,-1,31,03T22@1,05T35@2,17,40,-1,-1,2
232,OTHER,T35,40,4,10,0,-1,-1,SELLER,01T35@0,0,40,-1,-1,0
2509,T22,T35,40,6,14,-1,-1,40,03T22@1,04T35@2,17,-1,-1,-1,2
1984,T35,T34,40,9,20,25,-1,25,05T35@2,06T34@3,17,40,-1,-1,3
240,T34,OTHER,40,3,59,0,-1,-1,06T34@3,BUYER,0,40,-1,-1,4
868,T09,OTHER,40,2,59,-1,-1,-1,07T09@3,BUYER,0,-1,-1,-1,4
918,T34,OTHER,40,2,59,-1,-1,-1,06T34@3,BUYER,0,-1,-1,-1,4
315,OTHER,T35,40,1,10,0,-1,-1,SELLER,00T35@0,0,40,-1,-1,0
2502,T35,T22,41,5,10,40,-1,40,00T35@0,03T22@1,17,41,-1,-1,1
2535,T35,T35,41,9,14,41,-1,41,02T35@1,05T35@2,17,41,-1,-1,2
281,OTHER,T35,41,4,10,0,-1,-1,SELLER,00T35@0,0,41,-1,-1,0
2473,T35,T22,41,5,10,39,-1,39,00T35@0,03T22@1,17,41,-1,-1,1
849,T09,OTHER,41,3,59,-1,-1,-1,07T09@3,BUYER,0,-1,-1,-1,4
2536,T35,T22,41,8,10,41,-1,41,00T35@0,03T22@1,17,41,-1,-1,1
122,OTHER,T35,41,3,10,0,-1,-1,SELLER,00T35@0,0,41,-1,-1,0
661,OTHER,T35,41,1,10,0,-1,-1,SELLER,00T35@0,0,41,-1,-1,0
2506,T35,T09,41,60,21,-1,-1,40,04T35@2,07T09@3,17,-1,-1,-1,3
2443,T22,T35,41,5,43,-1,-1,38,03T22@1,05T35@2,17,-1,-1,-1,2
355,OTHER,T35,41,3,10,0,-1,-1,SELLER,00T35@0,0,41,-1,-1,0
2526,T35,T22,41,8,9,41,-1,41,01T35@0,03T22@1,17,41,-1,-1,1
356,OTHER,T35,41,2,10,0,-1,-1,SELLER,01T35@0,0,41,-1,-1,0
135,T34,OTHER,41,1,59,0,-1,-1,06T34@3,BUYER,0,41,-1,-1,4
2538,T22,T35,41,9,14,-1,-1,41,03T22@1,05T35@2,17,-1,-1,-1,2
259,T34,OTHER,41,5,59,0,-1,-1,06T34@3,BUYER,0,41,-1,-1,4
486,OTHER,T35,41,3,10,0,-1,-1,SELLER,01T35@0,0,41,-1,-1,0
437,OTHER,T35,41,1,10,0,-1,-1,SELLER,00T35@0,0,41,-1,-1,0
2356,T22,T35,41,5,43,36,-1,36,03T22@1,05T35@2,17,41,-1,-1,2
727,OTHER,T35,41,1,10,0,-1,-1,SELLER,00T35@0,0,41,-1,-1,0
1946,T35,T34,41,5,23,24,-1,24,05T35@2,06T34@3,17,41,-1,-1,3
541,OTHER,T35,41,2,10,0,-1,-1,SELLER,01T35@0,0,41,-1,-1,0
2463,T35,T22,41,5,10,39,-1,39,00T35@0,03T22@1,17,41,-1,-1,1
2382,T22,T35,41,4,15,37,-1,37,03T22@1,05T35@2,17,41,-1,-1,2
1133,T34,OTHER,41,1,59,-1,-1,-1,06T34@3,BUYER,0,-1,-1,-1,4
1109,T34,OTHER,41,3,59,-1,-1,-1,06T34@3,BUYER,0,-1,-1,-1,4
2399,T35,T35,41,4,15,37,-1,37,02T35@1,05T35@2,17,41,-1,-1,2
2539,T22,T35,41,1,42,-1,-1,41,03T22@1,05T35@2,17,-1,-1,-1,2
963,T09,OTHER,41,1,59,-1,-1,-1,07T09@3,BUYER,0,-1,-1,-1,4
929,T34,OTHER,41,1,59,-1,-1,-1,06T34@3,BUYER,0,-1,-1,-1,4
2437,T35,T09,41,60,24,-1,-1,38,04T35@2,07T09@3,17,-1,-1,-1,3
1147,T09,OTHER,41,3,59,-1,-1,-1,07T09@3,BUYER,0,-1,-1,-1,4
974,T34,OTHER,41,2,59,-1,-1,-1,06T34@3,BUYER,0,-1,-1,-1,4
2028,T35,T34,41,9,20,26,-1,26,04T35@2,06T34@3,17,41,-1,-1,3
2499,T35,T22,41,5,9,40,-1,40,01T35@0,03T22@1,17,41,-1,-1,1
365,T34,OTHER,42,2,59,0,-1,-1,06T34@3,BUYER,0,42,-1,-1,4
2543,T35,T09,42,60,21,-1,-1,41,04T35@2,07T09@3,17,-1,-1,-1,3
2531,T35,T22,42,5,9,41,-1,41,01T35@0,03T22@1,17,42,-1,-1,1
629,T34,OTHER,42,2,59,0,-1,-1,06T34@3,BUYER,0,42,-1,-1,4
463,OTHER,T35,42,5,10,0,-1,-1,SELLER,00T35@0,0,42,-1,-1,0
1982,T35,T34,42,5,23,25,-1,25,04T35@2,06T34@3,17,42,-1,-1,3
2534,T35,T22,42,5,10,41,-1,41,01T35@0,03T22@1,17,42,-1,-1,1
420,OTHER,T35,42,3,10,0,-1,-1,SELLER,00T35@0,0,42,-1,-1,0
2564,T35,T35,42,6,14,42,-1,42,02T35@1,04T35@2,17,42,-1,-1,2
67,OTHER,T35,42,4,10,0,-1,-1,SELLER,01T35@0,0,42,-1,-1,0
795,T09,OTHER,42,3,59,-1,-1,-1,07T09@3,BUYER,0,-1,-1,-1,4
2546,T22,T35,42,11,28,-1,-1,41,03T22@1,04T35@2,5,-1,-1,-1,2
2523,T35,T22,42,5,10,41,-1,41,00T35@0,03T22@1,17,42,-1,-1,1
2497,T35,T22,42,5,10,40,-1,40,00T35@0,03T22@1,17,42,-1,-1,1
1125,T09,OTHER,42,1,59,-1,-1,-1,07T09@3,BUYER,0,-1,-1,-1,4
924,T09,OTHER,42,2,59,-1,-1,-1,07T09@3,BUYER,0,-1,-1,-1,4
959,T34,OTHER,42,4,59,-1,-1,-1,06T34@3,BUYER,0,-1,-1,-1,4
710,OTHER,T35,42,1,10,0,-1,-1,SELLER,00T35@0,0,42,-1,-1,0
2495,T35,T22,42,5,9,40,-1,40,01T35@0,03T22@1,17,42,-1,-1,1
2572,T35,T22,42,5,10,42,-1,42,00T35@0,03T22@1,17,42,-1,-1,1
572,OTHER,T35,42,3,10,0,-1,-1,SELLER,00T35@0,0,42,-1,-1,0
211,OTHER,T35,42,1,10,0,-1,-1,SELLER,00T35@0,0,42,-1,-1,0
1024,T09,OTHER,42,3,59,-1,-1,-1,07T09@3,BUYER,0,-1,-1,-1,4
2235,T22,T35,42,5,41,32,-1,32,03T22@1,04T35@2,17,42,-1,-1,2
16,OTHER,T35,42,1,10,0,-1,-1,SELLER,01T35@0,0,42,-1,-1,0
264,OTHER,T35,42,1,10,0,-1,-1,SELLER,01T35@0,0,42,-1,-1,0
457,T34,OTHER,42,1,59,0,-1,-1,06T34@3,BUYER,0,42,-1,-1,4
2300,T22,T35,42,5,41,34,-1,34,03T22@1,04T35@2,17,42,-1,-1,2
2505,T22,T35,42,5,43,-1,-1,40,03T22@1,04T35@2,17,-1,-1,-1,2
262,OTHER,T35,42,1,10,0,-1,-1,SELLER,00T35@0,0,42,-1,-1,0
799,T09,OTHER,42,2,59,-1,-1,-1,07T09@3,BUYER,0,-1,-1,-1,4
2065,T35,T34,42,9,20,27,-1,27,05T35@2,06T34@3,17,42,-1,-1,3
2477,T35,T09,42,60,24,-1,-1,39,04T35@2,07T09@3,17,-1,-1,-1,3
2518,T35,T22,43,5,9,41,-1,41,00T35@0,03T22@1,17,43,-1,-1,1
912,T34,OTHER,43,3,59,-1,-1,-1,06T34@3,BUYER,0,-1,-1,-1,4
549,OTHER,T35,43,1,10,0,-1,-1,SELLER,01T35@0,0,43,-1,-1,0
2319,T22,T35,43,5,41,35,-1,35,03T22@1,04T35@2,17,43,-1,-1,2
476,OTHER,T35,43,3,10,0,-1,-1,SELLER,00T35@0,0,43,-1,-1,0
37,OTHER,T35,43,3,10,0,-1,-1,SELLER,00T35@0,0,43,-1,-1,0
1078,T09,OTHER,43,2,59,-1,-1,-1,07T09@3,BUYER,0,-1,-1,-1,4
2515,T35,T09,43,60,24,-1,-1,40,05T35@2,07T09@3,17,-1,-1,-1,3
2476,T22,T35,43,5,43,-1,-1,39,03T22@1,05T35@2,17,-1,-1,-1,2
93,T34,OTHER,43,3,59,0,-1,-1,06T34@3,BUYER,0,43,-1,-1,4
2570,T35,T22,43,5,10,42,-1,42,00T35@0,03T22@1,17,43,-1,-1,1
2576,T35,T09,43,60,21,-1,-1,42,04T35@2,07T09@3,17,-1,-1,-1,3
2453,T22,T35,43,9,15,39,-1,39,03T22@1,04T35@2,17,43,-1,-1,2
804,T09,OTHER,43,3,59,-1,-1,-1,07T09@3,BUYER,0,-1,-1,-1,4
2595,T35,T22,43,5,10,43,-1,43,01T35@0,03T22@1,17,43,-1,-1,1
2026,T35,T34,43,5,23,26,-1,26,05T35@2,06T34@3,17,43,-1,-1,3
2573,T35,T22,43,5,10,42,-1,42,01T35@0,03T22@1,17,43,-1,-1,1
2585,T35,T35,43,6,14,43,-1,43,02T35@1,05T35@2,17,43,-1,-1,2
2579,T35,T09,43,60,21,-1,-1,42,05T35@2,07T09@3,17,-1,-1,-1,3
724,OTHER,T35,43,3,10,0,-1,-1,SELLER,00T35@0,0,43,-1,-1,0
464,OTHER,T35,43,2,10,0,-1,-1,SELLER,01T35@0,0,43,-1,-1,0
511,OTHER,T35,43,3,10,0,-1,-1,SELLER,01T35@0,0,43,-1,-1,0
292,OTHER,T35,43,3,10,0,-1,-1,SELLER,01T35@0,0,43,-1,-1,0
763,T09,OTHER,43,3,59,-1,-1,-1,07T09@3,BUYER,0,-1,-1,-1,4
1050,T34,OTHER,43,2,59,-1,-1,-1,06T34@3,BUYER,0,-1,-1,-1,4
524,T34,OTHER,43,2,59,0,-1,-1,06T34@3,BUYER,0,43,-1,-1,4
786,T09,OTHER,43,2,59,-1,-1,-1,07T09@3,BUYER,0,-1,-1,-1,4
73,OTHER,T35,43,2,10,0,-1,-1,SELLER,00T35@0,0,43,-1,-1,0
2451,T35,T35,43,9,15,39,-1,39,02T35@1,04T35@2,17,43,-1,-1,2
2597,T35,T22,44,5,9,43,-1,43,00T35@0,03T22@1,17,44,-1,-1,1
2571,T35,T22,44,5,10,42,-1,42,00T35@0,03T22@1,17,44,-1,-1,1
120,OTHER,T35,44,3,10,0,-1,-1,SELLER,01T35@0,0,44,-1,-1,0
2501,T35,T35,44,4,15,40,-1,40,02T35@1,05T35@2,17,44,-1,-1,2
2388,T22,T35,44,1,42,37,-1,37,03T22@1,05T35@2,17,44,-1,-1,2
2507,T22,T35,44,5,43,-1,-1,40,03T22@1,04T35@2,17,-1,-1,-1,2
2296,T22,T35,44,5,41,34,-1,34,03T22@1,04T35@2,17,44,-1,-1,2
587,OTHER,T35,44,2,10,0,-1,-1,SELLER,00T35@0,0,44,-1,-1,0
769,T09,OTHER,44,4,59,-1,-1,-1,07T09@3,BUYER,0,-1,-1,-1,4
2611,T35,T09,44,60,21,-1,-1,43,05T35@2,07T09@3,17,-1,-1,-1,3
2068,T35,T34,44,5,23,27,-1,27,04T35@2,06T34@3,17,44,-1,-1,3
1150,T09,OTHER,44,2,59,-1,-1,-1,07T09@3,BUYER,0,-1,-1,-1,4
345,OTHER,T35,44,5,10,0,-1,-1,SELLER,00T35@0,0,44,-1,-1,0
2619,T35,T22,44,8,10,44,-1,44,00T35@0,03T22@1,17,44,-1,-1,1
1089,T34,OTHER,44,2,59,-1,-1,-1,06T34@3,BUYER,0,-1,-1,-1,4
2475,T22,T35,44,5,43,-1,-1,39,03T22@1,05T35@2,17,-1,-1,-1,2
2548,T35,T09,44,60,24,-1,-1,41,05T35@2,07T09@3,17,-1,-1,-1,3
2492,T35,T35,44,6,15,40,-1,40,02T35@1,04T35@2,17,44,-1,-1,2
2629,T35,T22,44,8,9,44,-1,44,01T35@0,03T22@1,17,44,-1,-1,1
917,T09,OTHER,44,1,59,-1,-1,-1,07T09@3,BUYER,0,-1,-1,-1,4
1140,T09,OTHER,44,3,59,-1,-1,-1,07T09@3,BUYER,0,-1,-1,-1,4
243,T34,OTHER,44,1,59,0,-1,-1,06T34@3,BUYER,0,44,-1,-1,4
2569,T35,T22,44,5,9,42,-1,42,00T35@0,03T22@1,17,44,-1,-1,1
138,T34,OTHER,44,3,59,0,-1,-1,06T34@3,BUYER,0,44,-1,-1,4
855,T34,OTHER,44,4,59,-1,-1,-1,06T34@3,BUYER,0,-1,-1,-1,4
136,OTHER,T35,44,5,10,0,-1,-1,SELLER,01T35@0,0,44,-1,-1,0
2583,T22,T35,44,5,43,-1,-1,42,03T22@1,04T35@2,17,-1,-1,-1,2
327,OTHER,T35,44,3,10,0,-1,-1,SELLER,00T35@0,0,44,-1,-1,0
2115,T35,T34,44,9,20,29,-1,29,04T35@2,06T34@3,17,44,-1,-1,3
372,OTHER,T35,44,2,10,0,-1,-1,SELLER,01T35@0,0,44,-1,-1,0
2593,T35,T22,44,5,9,43,-1,43,00T35@0,03T22@1,17,44,-1,-1,1
2347,T22,T35,44,5,41,36,-1,36,03T22@1,04T35@2,17,44,-1,-1,2
2471,T22,T35,44,1,42,39,-1,39,03T22@1,04T35@2,17,44,-1,-1,2
2603,T35,T22,44,5,10,43,-1,43,00T35@0,03T22@1,17,44,-1,-1,1
185,T34,OTHER,45,1,59,0,-1,-1,06T34@3,BUYER,0,45,-1,-1,4
2631,T35,T22,45,5,9,44,-1,44,00T35@0,03T22@1,17,45,-1,-1,1
2664,T35,T22,45,7,10,45,-1,45,00T35@0,03T22@1,17,45,-1,-1,1
2665,T22,T35,45,4,14,45,-1,45,03T22@1,04T35@2,17,45,-1,-1,2
2095,T35,T34,45,5,23,28,-1,28,05T35@2,06T34@3,17,45,-1,-1,3
444,OTHER,T35,45,1,10,0,-1,-1,SELLER,00T35@0,0,45,-1,-1,0
392,OTHER,T35,45,2,10,0,-1,-1,SELLER,01T35@0,0,45,-1,-1,0
2667,T35,T22,45,7,10,45,-1,45,01T35@0,03T22@1,17,45,-1,-1,1
537,OTHER,T35,45,4,10,0,-1,-1,SELLER,01T35@0,0,45,-1,-1,0
2578,T22,T35,45,5,43,-1,-1,42,03T22@1,04T35@2,17,-1,-1,-1,2
2083,T35,T34,45,5,23,28,-1,28,04T35@2,06T34@3,17,45,-1,-1,3
63,OTHER,T35,45,2,10,0,-1,-1,SELLER,01T35@0,0,45,-1,-1,0
562,OTHER,T35,45,1,10,0,-1,-1,SELLER,00T35@0,0,45,-1,-1,0
690,OTHER,T35,45,1,10,0,-1,-1,SELLER,01T35@0,0,45,-1,-1,0
708,OTHER,T35,45,2,10,0,-1,-1,SELLER,00T35@0,0,45,-1,-1,0
2678,T22,T35,45,4,14,-1,-1,45,03T22@1,05T35@2,17,-1,-1,-1,2
633,OTHER,T35,45,2,10,0,-1,-1,SELLER,01T35@0,0,45,-1,-1,0
2638,T35,T09,45,60,21,-1,-1,44,04T35@2,07T09@3,17,-1,-1,-1,3
641,OTHER,T35,45,5,10,0,-1,-1,SELLER,00T35@0,0,45,-1,-1,0
2628,T35,T22,45,5,10,44,-1,44,00T35@0,03T22@1,17,45,-1,-1,1
2623,T35,T22,45,5,9,44,-1,44,00T35@0,03T22@1,17,45,-1,-1,1
816,T09,OTHER,45,4,59,-1,-1,-1,07T09@3,BUYER,0,-1,-1,-1,4
2381,T22,T35,45,5,41,37,-1,37,03T22@1,04T35@2,17,45,-1,-1,2
2156,T35,T34,45,9,20,30,-1,30,04T35@2,06T34@3,17,45,-1,-1,3
928,T09,OTHER,45,1,59,-1,-1,-1,07T09@3,BUYER,0,-1,-1,-1,4
2649,T35,T35,45,6,14,45,-1,45,02T35@1,05T35@2,17,45,-1,-1,2
2544,T22,T35,45,5,43,-1,-1,41,03T22@1,05T35@2,17,-1,-1,-1,2
58,T34,OTHER,45,2,59,0,-1,-1,06T34@3,BUYER,0,45,-1,-1,4
11,T34,OTHER,45,3,59,0,-1,-1,06T34@3,BUYER,0,45,-1,-1,4
2607,T35,T22,45,5,10,43,-1,43,00T35@0,03T22@1,17,45,-1,-1,1
879,T34,OTHER,45,5,59,-1,-1,-1,06T34@3,BUYER,0,-1,-1,-1,4
782,T09,OTHER,45,1,59,-1,-1,-1,07T09@3,BUYER,0,-1,-1,-1,4
2464,T22,T35,45,5,41,39,-1,39,03T22@1,05T35@2,17,45,-1,-1,2
1057,T34,OTHER,45,3,59,-1,-1,-1,06T34@3,BUYER,0,-1,-1,-1,4
2704,T35,T22,46,5,9,46,-1,46,00T35@0,03T22@1,17,46,-1,-1,1
2681,T35,T09,46,60,21,-1,-1,45,05T35@2,07T09@3,17,-1,-1,-1,3
2707,T22,T35,46,7,28,-1,-1,46,03T22@1,05T35@2,5,-1,-1,-1,2
2496,T22,T35,46,1,42,40,-1,40,03T22@1,04T35@2,17,46,-1,-1,2
1111,T09,OTHER,46,4,59,-1,-1,-1,07T09@3,BUYER,0,-1,-1,-1,4
2713,T22,T35,46,4,14,-1,-1,46,03T22@1,05T35@2,17,-1,-1,-1,2
2698,T35,T35,46,4,14,46,-1,46,02T35@1,05T35@2,17,46,-1,-1,2
964,T34,OTHER,46,2,59,-1,-1,-1,06T34@3,BUYER,0,-1,-1,-1,4
2692,T35,T22,46,5,10,46,-1,46,01T35@0,03T22@1,17,46,-1,-1,1
2714,T22,T35,46,4,14,-1,-1,46,03T22@1,04T35@2,17,-1,-1,-1,2
2688,T35,T35,46,9,14,46,-1,46,02T35@1,04T35@2,17,46,-1,-1,2
2577,T22,T35,46,5,43,-1,-1,42,03T22@1,04T35@2,17,-1,-1,-1,2
1135,T34,OTHER,46,3,59,-1,-1,-1,06T34@3,BUYER,0,-1,-1,-1,4
347,OTHER,T35,46,4,10,0,-1,-1,SELLER,01T35@0,0,46,-1,-1,0
2461,T22,T35,46,1,42,39,-1,39,03T22@1,04T35@2,17,46,-1,-1,2
762,T09,OTHER,46,2,59,-1,-1,-1,07T09@3,BUYER,0,-1,-1,-1,4
2190,T35,T34,46,9,20,31,-1,31,04T35@2,06T34@3,17,46,-1,-1,3
705,OTHER,T35,46,2,10,0,-1,-1,SELLER,00T35@0,0,46,-1,-1,0
2400,T22,T35,46,5,41,37,-1,37,03T22@1,05T35@2,17,46,-1,-1,2
695,OTHER,T35,46,4,10,0,-1,-1,SELLER,00T35@0,0,46,-1,-1,0
2610,T22,T35,46,5,43,-1,-1,43,03T22@1,05T35@2,17,-1,-1,-1,2
688,OTHER,T35,46,1,10,0,-1,-1,SELLER,01T35@0,0,46,-1,-1,0
2616,T35,T09,46,60,24,-1,-1,43,04T35@2,07T09@3,17,-1,-1,-1,3
676,OTHER,T35,46,4,10,0,-1,-1,SELLER,01T35@0,0,46,-1,-1,0
2563,T22,T35,46,9,15,42,-1,42,03T22@1,05T35@2,17,46,-1,-1,2
2625,T35,T22,46,5,9,44,-1,44,00T35@0,03T22@1,17,46,-1,-1,1
2559,T35,T35,46,9,15,42,-1,42,02T35@1,05T35@2,17,46,-1,-1,2
551,OTHER,T35,46,3,10,0,-1,-1,SELLER,00T35@0,0,46,-1,-1,0
1086,T09,OTHER,46,1,59,-1,-1,-1,07T09@3,BUYER,0,-1,-1,-1,4
554,T34,OTHER,46,1,59,0,-1,-1,06T34@3,BUYER,0,46,-1,-1,4
2660,T35,T22,46,5,10,45,-1,45,00T35@0,03T22@1,17,46,-1,-1,1
2659,T35,T22,46,5,10,45,-1,45,00T35@0,03T22@1,17,46,-1,-1,1
254,OTHER,T35,46,2,10,0,-1,-1,SELLER,01T35@0,0,46,-1,-1,0
2651,T35,T22,46,5,9,45,-1,45,01T35@0,03T22@1,17,46,-1,-1,1
843,T09,OTHER,46,3,59,-1,-1,-1,07T09@3,BUYER,0,-1,-1,-1,4
146,T34,OTHER,46,4,59,0,-1,-1,06T34@3,BUYER,0,46,-1,-1,4
2116,T35,T34,46,5,23,29,-1,29,05T35@2,06T34@3,17,46,-1,-1,3
2386,T22,T35,47,5,41,37,-1,37,03T22@1,04T35@2,17,47,-1,-1,2
2726,T35,T22,47,5,10,47,-1,47,01T35@0,03T22@1,17,47,-1,-1,1
1030,T09,OTHER,47,3,59,-1,-1,-1,07T09@3,BUYER,0,-1,-1,-1,4
2751,T22,T35,47,6,14,-1,-1,47,03T22@1,05T35@2,17,-1,-1,-1,2
1088,T09,OTHER,47,2,59,-1,-1,-1,07T09@3,BUYER,0,-1,-1,-1,4
506,OTHER,T35,47,4,10,0,-1,-1,SELLER,00T35@0,0,47,-1,-1,0
2605,T35,T35,47,4,15,43,-1,43,02T35@1,04T35@2,17,47,-1,-1,2
2521,T22,T35,47,5,41,41,-1,41,03T22@1,05T35@2,17,47,-1,-1,2
2648,T22,T35,47,5,43,-1,-1,44,03T22@1,04T35@2,17,-1,-1,-1,2
626,T34,OTHER,47,1,59,0,-1,-1,06T34@3,BUYER,0,47,-1,-1,4
2639,T35,T09,47,60,24,-1,-1,44,05T35@2,07T09@3,17,-1,-1,-1,3
123,T34,OTHER,47,2,59,0,-1,-1,06T34@3,BUYER,0,47,-1,-1,4
2555,T22,T35,47,5,41,42,-1,42,03T22@1,04T35@2,17,47,-1,-1,2
324,OTHER,T35,47,2,10,0,-1,-1,SELLER,00T35@0,0,47,-1,-1,0
833,T09,OTHER,47,2,59,-1,-1,-1,07T09@3,BUYER,0,-1,-1,-1,4
268,OTHER,T35,47,1,10,0,-1,-1,SELLER,00T35@0,0,47,-1,-1,0
821,T09,OTHER,47,2,59,-1,-1,-1,07T09@3,BUYER,0,-1,-1,-1,4
2567,T22,T35,47,5,43,42,-1,42,03T22@1,04T35@2,17,47,-1,-1,2
743,OTHER,T35,47,1,10,0,-1,-1,SELLER,00T35@0,0,47,-1,-1,0
807,T09,OTHER,47,2,59,-1,-1,-1,07T09@3,BUYER,0,-1,-1,-1,4
2613,T22,T35,47,5,43,-1,-1,43,03T22@1,05T35@2,17,-1,-1,-1,2
2161,T35,T34,47,5,23,30,-1,30,05T35@2,06T34@3,17,47,-1,-1,3
507,OTHER,T35,47,2,10,0,-1,-1,SELLER,01T35@0,0,47,-1,-1,0
2671,T35,T22,47,5,10,45,-1,45,00T35@0,03T22@1,17,47,-1,-1,1
2598,T22,T35,47,6,15,43,-1,43,03T22@1,05T35@2,17,47,-1,-1,2
953,T34,OTHER,47,6,59,-1,-1,-1,06T34@3,BUYER,0,-1,-1,-1,4
2687,T35,T22,47,5,9,46,-1,46,00T35@0,03T22@1,17,47,-1,-1,1
522,OTHER,T35,47,1,10,0,-1,-1,SELLER,01T35@0,0,47,-1,-1,0
2686,T35,T22,47,5,10,46,-1,46,01T35@0,03T22@1,17,47,-1,-1,1
693,OTHER,T35,47,5,10,0,-1,-1,SELLER,01T35@0,0,47,-1,-1,0
409,OTHER,T35,47,4,10,0,-1,-1,SELLER,00T35@0,0,47,-1,-1,0
2215,T35,T34,47,9,20,32,-1,32,05T35@2,06T34@3,17,47,-1,-1,3
2428,T22,T35,47,5,41,38,-1,38,03T22@1,04T35@2,17,47,-1,-1,2
2457,T22,T35,47,5,41,39,-1,39,03T22@1,05T35@2,17,47,-1,-1,2
2258,T35,T34,48,9,20,33,-1,33,04T35@2,06T34@3,17,48,-1,-1,3
1045,T09,OTHER,48,3,59,-1,-1,-1,07T09@3,BUYER,0,-1,-1,-1,4
2752,T35,T22,48,5,9,48,-1,48,01T35@0,03T22@1,17,48,-1,-1,1
686,OTHER,T35,48,1,10,0,-1,-1,SELLER,00T35@0,0,48,-1,-1,0
2761,T35,T22,48,5,9,48,-1,48,01T35@0,03T22@1,17,48,-1,-1,1
2247,T35,T34,48,9,20,33,-1,33,05T35@2,06T34@3,17,48,-1,-1,3
325,T34,OTHER,48,1,59,0,-1,-1,06T34@3,BUYER,0,48,-1,-1,4
2745,T22,T35,48,7,28,-1,-1,47,03T22@1,04T35@2,5,-1,-1,-1,2
2779,T22,T35,48,5,43,-1,-1,48,03T22@1,05T35@2,17,-1,-1,-1,2
374,OTHER,T35,48,2,10,0,-1,-1,SELLER,00T35@0,0,48,-1,-1,0
212,T34,OTHER,48,4,59,0,-1,-1,06T34@3,BUYER,0,48,-1,-1,4
1153,T09,OTHER,48,4,59,-1,-1,-1,07T09@3,BUYER,0,-1,-1,-1,4
998,T09,OTHER,48,1,59,-1,-1,-1,07T09@3,BUYER,0,-1,-1,-1,4
2736,T35,T22,48,5,10,47,-1,47,01T35@0,03T22@1,17,48,-1,-1,1
2703,T35,T22,48,5,10,46,-1,46,00T35@0,03T22@1,17,48,-1,-1,1
2682,T35,T09,48,60,24,-1,-1,45,04T35@2,07T09@3,17,-1,-1,-1,3
2426,T22,T35,48,5,41,38,-1,38,03T22@1,04T35@2,17,48,-1,-1,2
2784,T22,T35,48,18,28,-1,-1,48,03T22@1,04T35@2,2,-1,-1,-1,2
2677,T22,T35,48,5,43,-1,-1,45,03T22@1,05T35@2,17,-1,-1,-1,2
544,T34,OTHER,48,1,59,0,-1,-1,06T34@3,BUYER,0,48,-1,-1,4
909,T09,OTHER,48,1,59,-1,-1,-1,07T09@3,BUYER,0,-1,-1,-1,4
6,OTHER,T35,48,2,10,0,-1,-1,SELLER,00T35@0,0,48,-1,-1,0
903,T09,OTHER,48,2,59,-1,-1,-1,07T09@3,BUYER,0,-1,-1,-1,4
2187,T35,T34,48,5,23,31,-1,31,05T35@2,06T34@3,17,48,-1,-1,3
2485,T22,T35,48,5,41,40,-1,40,03T22@1,04T35@2,17,48,-1,-1,2
282,OTHER,T35,48,1,10,0,-1,-1,SELLER,00T35@0,0,48,-1,-1,0
574,OTHER,T35,48,3,10,0,-1,-1,SELLER,01T35@0,0,48,-1,-1,0
985,T34,OTHER,48,3,59,-1,-1,-1,06T34@3,BUYER,0,-1,-1,-1,4
2729,T35,T22,48,5,10,47,-1,47,01T35@0,03T22@1,17,48,-1,-1,1
707,OTHER,T35,48,3,10,0,-1,-1,SELLER,01T35@0,0,48,-1,-1,0
126,OTHER,T35,48,3,10,0,-1,-1,SELLER,00T35@0,0,48,-1,-1,0
2766,T35,T35,48,9,14,48,-1,48,02T35@1,05T35@2,17,48,-1,-1,2
738,OTHER,T35,48,4,10,0,-1,-1,SELLER,00T35@0,0,48,-1,-1,0
180,OTHER,T35,48,1,10,0,-1,-1,SELLER,01T35@0,0,48,-1,-1,0
2217,T35,T34,49,5,23,32,-1,32,04T35@2,06T34@3,17,49,-1,-1,3
2587,T22,T35,49,5,41,43,-1,43,03T22@1,05T35@2,17,49,-1,-1,2
2755,T35,T22,49,5,10,48,-1,48,01T35@0,03T22@1,17,49,-1,-1,1
2706,T35,T09,49,60,24,-1,-1,46,05T35@2,07T09@3,17,-1,-1,-1,3
2622,T22,T35,49,5,41,44,-1,44,03T22@1,05T35@2,17,49,-1,-1,2
2803,T35,T22,49,5,10,49,-1,49,00T35@0,03T22@1,17,49,-1,-1,1
2743,T22,T35,49,5,43,-1,-1,47,03T22@1,05T35@2,17,-1,-1,-1,2
2735,T35,T22,49,5,10,47,-1,47,01T35@0,03T22@1,17,49,-1,-1,1
2294,T35,T34,49,9,20,34,-1,34,05T35@2,06T34@3,17,49,-1,-1,3
2817,T22,T35,49,21,28,-1,-1,49,03T22@1,04T35@2,2,-1,-1,-1,2
2723,T35,T22,49,5,10,47,-1,47,01T35@0,03T22@1,17,49,-1,-1,1
2663,T35,T35,49,4,15,45,-1,45,02T35@1,04T35@2,17,49,-1,-1,2
2717,T35,T09,49,60,24,-1,-1,46,04T35@2,07T09@3,17,-1,-1,-1,3
2680,T22,T35,49,5,43,-1,-1,45,03T22@1,04T35@2,17,-1,-1,-1,2
2516,T22,T35,49,5,41,41,-1,41,03T22@1,05T35@2,17,49,-1,-1,2
2754,T35,T22,49,5,9,48,-1,48,00T35@0,03T22@1,17,49,-1,-1,1
2640,T22,T35,49,5,43,-1,-1,44,03T22@1,04T35@2,17,-1,-1,-1,2
2775,T35,T09,49,60,21,-1,-1,48,04T35@2,07T09@3,17,-1,-1,-1,3
499,OTHER,T35,49,3,10,0,-1,-1,SELLER,01T35@0,0,49,-1,-1,0
1124,T34,OTHER,49,2,59,-1,-1,-1,06T34@3,BUYER,0,-1,-1,-1,4
733,OTHER,T35,49,5,10,0,-1,-1,SELLER,00T35@0,0,49,-1,-1,0
772,T09,OTHER,49,3,59,-1,-1,-1,07T09@3,BUYER,0,-1,-1,-1,4
1128,T09,OTHER,49,2,59,-1,-1,-1,07T09@3,BUYER,0,-1,-1,-1,4
1130,T34,OTHER,49,4,59,-1,-1,-1,06T34@3,BUYER,0,-1,-1,-1,4
322,OTHER,T35,49,1,10,0,-1,-1,SELLER,01T35@0,0,49,-1,-1,0
794,T09,OTHER,49,4,59,-1,-1,-1,07T09@3,BUYER,0,-1,-1,-1,4
526,T34,OTHER,49,1,59,0,-1,-1,06T34@3,BUYER,0,49,-1,-1,4
293,OTHER,T35,49,2,10,0,-1,-1,SELLER,01T35@0,0,49,-1,-1,0
178,OTHER,T35,49,2,10,0,-1,-1,SELLER,00T35@0,0,49,-1,-1,0
380,OTHER,T35,49,2,10,0,-1,-1,SELLER,01T35@0,0,49,-1,-1,0
471,OTHER,T35,49,3,10,0,-1,-1,SELLER,01T35@0,0,49,-1,-1,0
461,OTHER,T35,49,2,10,0,-1,-1,SELLER,01T35@0,0,49,-1,-1,0
69,T34,OTHER,49,1,59,0,-1,-1,06T34@3,BUYER,0,49,-1,-1,4
599,T34,OTHER,49,3,59,0,-1,-1,06T34@3,BUYER,0,49,-1,-1,4
96,OTHER,T35,50,3,10,0,-1,-1,SELLER,01T35@0,0,50,-1,-1,0
2818,T35,T09,50,60,21,-1,-1,49,05T35@2,07T09@3,17,-1,-1,-1,3
515,OTHER,T35,50,3,10,0,-1,-1,SELLER,00T35@0,0,50,-1,-1,0
819,T09,OTHER,50,1,59,-1,-1,-1,07T09@3,BUYER,0,-1,-1,-1,4
1101,T09,OTHER,50,1,59,-1,-1,-1,07T09@3,BUYER,0,-1,-1,-1,4
2488,T22,T35,50,5,41,40,-1,40,03T22@1,05T35@2,17,50,-1,-1,2
2830,T35,T22,50,8,10,50,-1,50,01T35@0,03T22@1,17,50,-1,-1,1
2661,T22,T35,50,5,41,45,-1,45,03T22@1,04T35@2,17,50,-1,-1,2
2835,T35,T22,50,8,10,50,-1,50,00T35@0,03T22@1,17,50,-1,-1,1
2840,T35,T35,50,8,14,50,-1,50,02T35@1,04T35@2,17,50,-1,-1,2
2852,T22,T35,50,5,43,-1,-1,50,03T22@1,05T35@2,17,-1,-1,-1,2
328,OTHER,T35,50,7,10,0,-1,-1,SELLER,01T35@0,0,50,-1,-1,0
2851,T22,T35,50,17,28,-1,-1,50,03T22@1,04T35@2,2,-1,-1,-1,2
2842,T35,T35,50,6,14,50,-1,50,02T35@1,05T35@2,17,50,-1,-1,2
937,T09,OTHER,50,3,59,-1,-1,-1,07T09@3,BUYER,0,-1,-1,-1,4
2848,T22,T35,50,8,14,-1,-1,50,03T22@1,04T35@2,17,-1,-1,-1,2
192,T34,OTHER,50,1,59,0,-1,-1,06T34@3,BUYER,0,50,-1,-1,4
277,OTHER,T35,50,2,10,0,-1,-1,SELLER,01T35@0,0,50,-1,-1,0
2795,T35,T22,50,5,10,49,-1,49,00T35@0,03T22@1,17,50,-1,-1,1
981,T34,OTHER,50,6,59,-1,-1,-1,06T34@3,BUYER,0,-1,-1,-1,4
1093,T09,OTHER,50,2,59,-1,-1,-1,07T09@3,BUYER,0,-1,-1,-1,4
422,OTHER,T35,50,2,10,0,-1,-1,SELLER,00T35@0,0,50,-1,-1,0
2750,T35,T09,50,60,24,-1,-1,47,05T35@2,07T09@3,17,-1,-1,-1,3
2650,T22,T35,50,5,43,45,-1,45,03T22@1,05T35@2,17,50,-1,-1,2
2799,T35,T22,50,5,9,49,-1,49,01T35@0,03T22@1,17,50,-1,-1,1
845,T09,OTHER,50,4,59,-1,-1,-1,07T09@3,BUYER,0,-1,-1,-1,4
2620,T22,T35,50,5,41,44,-1,44,03T22@1,04T35@2,17,50,-1,-1,2
2744,T35,T09,50,60,24,-1,-1,47,04T35@2,07T09@3,17,-1,-1,-1,3
2783,T22,T35,50,5,43,-1,-1,48,03T22@1,04T35@2,17,-1,-1,-1,2
2804,T35,T22,50,5,9,49,-1,49,00T35@0,03T22@1,17,50,-1,-1,1
2591,T22,T35,50,5,41,43,-1,43,03T22@1,05T35@2,17,50,-1,-1,2
639,OTHER,T35,50,3,10,0,-1,-1,SELLER,00T35@0,0,50,-1,-1,0
2763,T35,T22,50,5,10,48,-1,48,01T35@0,03T22@1,17,50,-1,-1,1
256,T34,OTHER,50,2,59,0,-1,-1,06T34@3,BUYER,0,50,-1,-1,4
2530,T22,T35,51,5,41,41,-1,41,03T22@1,04T35@2,17,51,-1,-1,2
613,OTHER,T35,51,4,10,0,-1,-1,SELLER,00T35@0,0,51,-1,-1,0
631,OTHER,T35,51,1,10,0,-1,-1,SELLER,00T35@0,0,51,-1,-1,0
2884,T22,T35,51,8,14,-1,-1,51,03T22@1,04T35@2,17,-1,-1,-1,2
2885,T22,T35,51,5,43,-1,-1,51,03T22@1,05T35@2,17,-1,-1,-1,2
95,T34,OTHER,51,4,59,0,-1,-1,06T34@3,BUYER,0,51,-1,-1,4
125,OTHER,T35,51,2,10,0,-1,-1,SELLER,01T35@0,0,51,-1,-1,0
2870,T35,T22,51,6,10,51,-1,51,01T35@0,03T22@1,17,51,-1,-1,1
304,OTHER,T35,51,4,10,0,-1,-1,SELLER,01T35@0,0,51,-1,-1,0
2875,T35,T22,51,6,9,51,-1,51,00T35@0,03T22@1,17,51,-1,-1,1
1121,T34,OTHER,51,1,59,-1,-1,-1,06T34@3,BUYER,0,-1,-1,-1,4
2889,T22,T35,51,8,14,-1,-1,51,03T22@1,05T35@2,17,-1,-1,-1,2
952,T09,OTHER,51,2,59,-1,-1,-1,07T09@3,BUYER,0,-1,-1,-1,4
2299,T35,T34,51,5,23,34,-1,34,04T35@2,06T34@3,17,51,-1,-1,3
1049,T09,OTHER,51,2,59,-1,-1,-1,07T09@3,BUYER,0,-1,-1,-1,4
2846,T35,T09,51,60,21,-1,-1,50,05T35@2,07T09@3,17,-1,-1,-1,3
870,T09,OTHER,51,4,59,-1,-1,-1,07T09@3,BUYER,0,-1,-1,-1,4
2860,T35,T22,51,5,9,51,-1,51,01T35@0,03T22@1,17,51,-1,-1,1
858,T34,OTHER,51,2,59,-1,-1,-1,06T34@3,BUYER,0,-1,-1,-1,4
2737,T35,T35,51,6,15,47,-1,47,02T35@1,05T35@2,17,51,-1,-1,2
2805,T35,T22,51,5,9,49,-1,49,00T35@0,03T22@1,17,51,-1,-1,1
39,T34,OTHER,51,4,59,0,-1,-1,06T34@3,BUYER,0,51,-1,-1,4
2367,T35,T34,51,9,20,36,-1,36,05T35@2,06T34@3,17,51,-1,-1,3
485,OTHER,T35,51,4,10,0,-1,-1,SELLER,00T35@0,0,51,-1,-1,0
2721,T35,T35,51,4,15,47,-1,47,02T35@1,04T35@2,17,51,-1,-1,2
370,OTHER,T35,51,1,10,0,-1,-1,SELLER,00T35@0,0,51,-1,-1,0
413,OTHER,T35,51,2,10,0,-1,-1,SELLER,00T35@0,0,51,-1,-1,0
836,T34,OTHER,51,1,59,-1,-1,-1,06T34@3,BUYER,0,-1,-1,-1,4
65,OTHER,T35,51,2,10,0,-1,-1,SELLER,01T35@0,0,51,-1,-1,0
2782,T35,T09,51,60,24,-1,-1,48,05T35@2,07T09@3,17,-1,-1,-1,3
2843,T35,T22,51,5,10,50,-1,50,00T35@0,03T22@1,17,51,-1,-1,1
2708,T22,T35,51,5,43,-1,-1,46,03T22@1,05T35@2,17,-1,-1,-1,2
2834,T35,T22,51,5,9,50,-1,50,00T35@0,03T22@1,17,51,-1,-1,1
309,OTHER,T35,52,2,10,0,-1,-1,SELLER,00T35@0,0,52,-1,-1,0
143,OTHER,T35,52,4,10,0,-1,-1,SELLER,01T35@0,0,52,-1,-1,0
244,OTHER,T35,52,3,10,0,-1,-1,SELLER,00T35@0,0,52,-1,-1,0
14,OTHER,T35,52,2,10,0,-1,-1,SELLER,01T35@0,0,52,-1,-1,0
1013,T09,OTHER,52,1,59,-1,-1,-1,07T09@3,BUYER,0,-1,-1,-1,4
2762,T22,T35,52,5,43,48,-1,48,03T22@1,04T35@2,17,52,-1,-1,2
590,OTHER,T35,52,3,10,0,-1,-1,SELLER,01T35@0,0,52,-1,-1,0
284,T34,OTHER,52,1,59,0,-1,-1,06T34@3,BUYER,0,52,-1,-1,4
2895,T35,T22,52,5,10,52,-1,52,01T35@0,03T22@1,17,52,-1,-1,1
1068,T09,OTHER,52,2,59,-1,-1,-1,07T09@3,BUYER,0,-1,-1,-1,4
2326,T35,T34,52,5,23,35,-1,35,05T35@2,06T34@3,17,52,-1,-1,3
2922,T22,T35,52,6,14,-1,-1,52,03T22@1,05T35@2,17,-1,-1,-1,2
408,OTHER,T35,52,3,10,0,-1,-1,SELLER,00T35@0,0,52,-1,-1,0
876,T34,OTHER,52,2,59,-1,-1,-1,06T34@3,BUYER,0,-1,-1,-1,4
975,T09,OTHER,52,2,59,-1,-1,-1,07T09@3,BUYER,0,-1,-1,-1,4
2812,T22,T35,52,5,43,-1,-1,49,03T22@1,04T35@2,17,-1,-1,-1,2
2816,T35,T09,52,60,24,-1,-1,49,04T35@2,07T09@3,17,-1,-1,-1,3
779,T09,OTHER,52,3,59,-1,-1,-1,07T09@3,BUYER,0,-1,-1,-1,4
2768,T22,T35,52,9,15,48,-1,48,03T22@1,05T35@2,17,52,-1,-1,2
920,T09,OTHER,52,3,59,-1,-1,-1,07T09@3,BUYER,0,-1,-1,-1,4
2825,T35,T22,52,5,10,50,-1,50,01T35@0,03T22@1,17,52,-1,-1,1
2335,T35,T34,52,5,23,35,-1,35,04T35@2,06T34@3,17,52,-1,-1,3
155,T34,OTHER,52,4,59,0,-1,-1,06T34@3,BUYER,0,52,-1,-1,4
2824,T35,T22,52,5,10,50,-1,50,00T35@0,03T22@1,17,52,-1,-1,1
361,OTHER,T35,52,1,10,0,-1,-1,SELLER,00T35@0,0,52,-1,-1,0
1127,T09,OTHER,52,2,59,-1,-1,-1,07T09@3,BUYER,0,-1,-1,-1,4
2872,T35,T22,52,5,10,51,-1,51,00T35@0,03T22@1,17,52,-1,-1,1
2876,T35,T22,52,5,9,51,-1,51,00T35@0,03T22@1,17,52,-1,-1,1
208,OTHER,T35,52,2,10,0,-1,-1,SELLER,00T35@0,0,52,-1,-1,0
2403,T35,T34,52,9,20,37,-1,37,04T35@2,06T34@3,17,52,-1,-1,3
2944,T35,T22,53,5,10,53,-1,53,00T35@0,03T22@1,17,53,-1,-1,1
2770,T22,T35,53,5,43,48,-1,48,03T22@1,05T35@2,17,53,-1,-1,2
229,OTHER,T35,53,1,10,0,-1,-1,SELLER,00T35@0,0,53,-1,-1,0
2951,T22,T35,53,1,42,-1,-1,53,03T22@1,04T35@2,17,-1,-1,-1,2
2916,T35,T09,53,60,21,-1,-1,52,04T35@2,07T09@3,17,-1,-1,-1,3
2917,T22,T35,53,1,42,-1,-1,52,03T22@1,04T35@2,17,-1,-1,-1,2
1054,T09,OTHER,53,3,59,-1,-1,-1,07T09@3,BUYER,0,-1,-1,-1,4
2594,T22,T35,53,5,41,43,-1,43,03T22@1,04T35@2,17,53,-1,-1,2
2953,T22,T35,53,6,14,-1,-1,53,03T22@1,05T35@2,17,-1,-1,-1,2
171,T34,OTHER,53,2,59,0,-1,-1,06T34@3,BUYER,0,53,-1,-1,4
5,OTHER,T35,53,3,10,0,-1,-1,SELLER,00T35@0,0,53,-1,-1,0
2941,T35,T22,53,5,9,53,-1,53,01T35@0,03T22@1,17,53,-1,-1,1
1022,T09,OTHER,53,1,59,-1,-1,-1,07T09@3,BUYER,0,-1,-1,-1,4
238,OTHER,T35,53,3,10,0,-1,-1,SELLER,01T35@0,0,53,-1,-1,0
2899,T35,T22,53,5,9,52,-1,52,00T35@0,03T22@1,17,53,-1,-1,1
811,T09,OTHER,53,1,59,-1,-1,-1,07T09@3,BUYER,0,-1,-1,-1,4
771,T09,OTHER,53,4,59,-1,-1,-1,07T09@3,BUYER,0,-1,-1,-1,4
1094,T34,OTHER,53,2,59,-1,-1,-1,06T34@3,BUYER,0,-1,-1,-1,4
2626,T22,T35,53,5,41,44,-1,44,03T22@1,05T35@2,17,53,-1,-1,2
338,OTHER,T35,53,5,10,0,-1,-1,SELLER,01T35@0,0,53,-1,-1,0
2853,T35,T09,53,60,24,-1,-1,50,04T35@2,07T09@3,17,-1,-1,-1,3
2353,T35,T34,53,5,23,36,-1,36,04T35@2,06T34@3,17,53,-1,-1,3
2689,T22,T35,53,5,41,46,-1,46,03T22@1,04T35@2,17,53,-1,-1,2
51,T34,OTHER,53,3,59,0,-1,-1,06T34@3,BUYER,0,53,-1,-1,4
834,T09,OTHER,53,2,59,-1,-1,-1,07T09@3,BUYER,0,-1,-1,-1,4
2798,T35,T35,53,4,15,49,-1,49,02T35@1,04T35@2,17,53,-1,-1,2
2850,T22,T35,53,5,43,-1,-1,50,03T22@1,04T35@2,17,-1,-1,-1,2
2727,T22,T35,53,5,41,47,-1,47,03T22@1,04T35@2,17,53,-1,-1,2
2900,T35,T22,53,5,10,52,-1,52,00T35@0,03T22@1,17,53,-1,-1,1
142,OTHER,T35,53,6,10,0,-1,-1,SELLER,00T35@0,0,53,-1,-1,0
331,OTHER,T35,53,2,10,0,-1,-1,SELLER,00T35@0,0,53,-1,-1,0
2793,T22,T35,53,4,15,49,-1,49,03T22@1,04T35@2,17,53,-1,-1,2
1134,T09,OTHER,53,2,59,-1,-1,-1,07T09@3,BUYER,0,-1,-1,-1,4
2912,T35,T22,53,5,10,52,-1,52,01T35@0,03T22@1,17,53,-1,-1,1
2429,T35,T34,53,9,20,38,-1,38,05T35@2,06T34@3,17,53,-1,-1,3
2873,T35,T22,53,5,10,51,-1,51,00T35@0,03T22@1,17,53,-1,-1,1
242,OTHER,T35,54,2,10,0,-1,-1,SELLER,00T35@0,0,54,-1,-1,0
2950,T35,T09,54,60,21,-1,-1,53,05T35@2,07T09@3,17,-1,-1,-1,3
2465,T35,T34,54,9,20,39,-1,39,05T35@2,06T34@3,17,54,-1,-1,3
2973,T35,T35,54,6,14,54,-1,54,02T35@1,04T35@2,17,54,-1,-1,2
2976,T35,T22,54,7,9,54,-1,54,00T35@0,03T22@1,17,54,-1,-1,1
234,OTHER,T35,54,3,10,0,-1,-1,SELLER,00T35@0,0,54,-1,-1,0
488,OTHER,T35,54,2,10,0,-1,-1,SELLER,00T35@0,0,54,-1,-1,0
2383,T35,T34,54,5,23,37,-1,37,05T35@2,06T34@3,17,54,-1,-1,3
2981,T22,T35,54,14,28,-1,-1,54,03T22@1,05T35@2,2,-1,-1,-1,2
276,OTHER,T35,54,2,10,0,-1,-1,SELLER,01T35@0,0,54,-1,-1,0
2987,T22,T35,54,5,43,-1,-1,54,03T22@1,04T35@2,17,-1,-1,-1,2
2974,T35,T22,54,7,9,54,-1,54,01T35@0,03T22@1,17,54,-1,-1,1
530,T34,OTHER,54,3,59,0,-1,-1,06T34@3,BUYER,0,54,-1,-1,4
2934,T35,T22,54,5,9,53,-1,53,01T35@0,03T22@1,17,54,-1,-1,1
1039,T09,OTHER,54,4,59,-1,-1,-1,07T09@3,BUYER,0,-1,-1,-1,4
2906,T35,T22,54,5,9,52,-1,52,00T35@0,03T22@1,17,54,-1,-1,1
2890,T35,T09,54,60,24,-1,-1,51,04T35@2,07T09@3,17,-1,-1,-1,3
2771,T22,T35,54,5,41,48,-1,48,03T22@1,05T35@2,17,54,-1,-1,2
2882,T35,T09,54,60,24,-1,-1,51,05T35@2,07T09@3,17,-1,-1,-1,3
1043,T09,OTHER,54,1,59,-1,-1,-1,07T09@3,BUYER,0,-1,-1,-1,4
2880,T22,T35,54,5,43,-1,-1,51,03T22@1,04T35@2,17,-1,-1,-1,2
2924,T22,T35,54,5,43,-1,-1,52,03T22@1,05T35@2,17,-1,-1,-1,2
87,OTHER,T35,54,2,10,0,-1,-1,SELLER,01T35@0,0,54,-1,-1,0
2929,T35,T22,54,5,10,53,-1,53,00T35@0,03T22@1,17,54,-1,-1,1
77,OTHER,T35,54,3,10,0,-1,-1,SELLER,00T35@0,0,54,-1,-1,0
2701,T22,T35,54,5,41,46,-1,46,03T22@1,04T35@2,17,54,-1,-1,2
787,T09,OTHER,54,3,59,-1,-1,-1,07T09@3,BUYER,0,-1,-1,-1,4
94,T34,OTHER,54,1,59,0,-1,-1,06T34@3,BUYER,0,54,-1,-1,4
184,OTHER,T35,54,1,10,0,-1,-1,SELLER,01T35@0,0,54,-1,-1,0
1033,T09,OTHER,54,2,59,-1,-1,-1,07T09@3,BUYER,0,-1,-1,-1,4
823,T09,OTHER,54,3,59,-1,-1,-1,07T09@3,BUYER,0,-1,-1,-1,4
838,T09,OTHER,54,3,59,-1,-1,-1,07T09@3,BUYER,0,-1,-1,-1,4
2791,T22,T35,54,5,41,49,-1,49,03T22@1,04T35@2,17,54,-1,-1,2
36,OTHER,T35,54,5,10,0,-1,-1,SELLER,01T35@0,0,54,-1,-1,0
3009,T35,T22,55,5,9,55,-1,55,00T35@0,03T22@1,17,55,-1,-1,1
3010,T22,T35,55,5,43,-1,-1,55,03T22@1,05T35@2,17,-1,-1,-1,2
965,T09,OTHER,55,1,59,-1,-1,-1,07T09@3,BUYER,0,-1,-1,-1,4
2796,T22,T35,55,5,41,49,-1,49,03T22@1,04T35@2,17,55,-1,-1,2
3014,T22,T35,55,15,16,-1,-1,55,03T22@1,04T35@2,17,-1,-1,-1,2
3015,T35,T35,55,15,16,-1,-1,55,02T35@1,04T35@2,17,-1,-1,-1,2
745,OTHER,T35,55,3,10,0,-1,-1,SELLER,01T35@0,0,55,-1,-1,0
297,OTHER,T35,55,2,10,0,-1,-1,SELLER,00T35@0,0,55,-1,-1,0
2424,T35,T34,55,5,23,38,-1,38,04T35@2,06T34@3,17,55,-1,-1,3
19,OTHER,T35,55,1,10,0,-1,-1,SELLER,01T35@0,0,55,-1,-1,0
528,OTHER,T35,55,2,10,0,-1,-1,SELLER,01T35@0,0,55,-1,-1,0
805,T09,OTHER,55,3,59,-1,-1,-1,07T09@3,BUYER,0,-1,-1,-1,4
400,T34,OTHER,55,2,59,0,-1,-1,06T34@3,BUYER,0,55,-1,-1,4
767,T09,OTHER,55,3,59,-1,-1,-1,07T09@3,BUYER,0,-1,-1,-1,4
1102,T34,OTHER,55,2,59,-1,-1,-1,06T34@3,BUYER,0,-1,-1,-1,4
2877,T35,T35,55,8,15,51,-1,51,02T35@1,04T35@2,17,55,-1,-1,2
2865,T35,T35,55,8,15,51,-1,51,02T35@1,05T35@2,17,55,-1,-1,2
1092,T09,OTHER,55,2,59,-1,-1,-1,07T09@3,BUYER,0,-1,-1,-1,4
2862,T22,T35,55,5,43,51,-1,51,03T22@1,04T35@2,17,55,-1,-1,2
2740,T22,T35,55,5,41,47,-1,47,03T22@1,04T35@2,17,55,-1,-1,2
547,OTHER,T35,55,1,10,0,-1,-1,SELLER,00T35@0,0,55,-1,-1,0
2695,T22,T35,55,5,41,46,-1,46,03T22@1,05T35@2,17,55,-1,-1,2
3017,T22,T35,55,18,28,-1,-1,55,03T22@1,04T35@2,2,-1,-1,-1,2
261,OTHER,T35,55,5,10,0,-1,-1,SELLER,00T35@0,0,55,-1,-1,0
483,OTHER,T35,55,3,10,0,-1,-1,SELLER,01T35@0,0,55,-1,-1,0
2930,T35,T22,55,5,9,53,-1,53,01T35@0,03T22@1,17,55,-1,-1,1
2963,T35,T22,55,5,10,54,-1,54,00T35@0,03T22@1,17,55,-1,-1,1
435,OTHER,T35,55,3,10,0,-1,-1,SELLER,01T35@0,0,55,-1,-1,0
2992,T35,T35,55,6,14,55,-1,55,02T35@1,05T35@2,17,55,-1,-1,2
2915,T35,T09,55,60,24,-1,-1,52,05T35@2,07T09@3,17,-1,-1,-1,3
995,T09,OTHER,55,4,59,-1,-1,-1,07T09@3,BUYER,0,-1,-1,-1,4
2964,T35,T22,55,5,9,54,-1,54,00T35@0,03T22@1,17,55,-1,-1,1
2986,T35,T09,55,60,21,-1,-1,54,05T35@2,07T09@3,17,-1,-1,-1,3
3003,T35,T22,55,5,10,55,-1,55,01T35@0,03T22@1,17,55,-1,-1,1
186,T34,OTHER,55,3,59,0,-1,-1,06T34@3,BUYER,0,55,-1,-1,4
2923,T22,T35,55,5,43,-1,-1,52,03T22@1,04T35@2,17,-1,-1,-1,2
2978,T35,T22,56,5,10,54,-1,54,00T35@0,03T22@1,17,56,-1,-1,1
3034,T35,T22,56,7,10,56,-1,56,01T35@0,03T22@1,17,56,-1,-1,1
3036,T35,T22,56,7,10,56,-1,56,00T35@0,03T22@1,17,56,-1,-1,1
654,OTHER,T35,56,2,10,0,-1,-1,SELLER,00T35@0,0,56,-1,-1,0
487,OTHER,T35,56,2,10,0,-1,-1,SELLER,00T35@0,0,56,-1,-1,0
2524,T35,T34,56,8,20,41,-1,41,04T35@2,06T34@3,17,56,-1,-1,3
783,T09,OTHER,56,2,59,-1,-1,-1,07T09@3,BUYER,0,-1,-1,-1,4
3049,T22,T35,56,15,16,-1,-1,56,03T22@1,05T35@2,17,-1,-1,-1,2
2844,T22,T35,56,5,41,50,-1,50,03T22@1,04T35@2,17,56,-1,-1,2
2454,T35,T34,56,5,23,39,-1,39,04T35@2,06T34@3,17,56,-1,-1,3
343,OTHER,T35,56,1,10,0,-1,-1,SELLER,00T35@0,0,56,-1,-1,0
227,T34,OTHER,56,1,59,0,-1,-1,06T34@3,BUYER,0,56,-1,-1,4
2965,T35,T22,56,5,10,54,-1,54,01T35@0,03T22@1,17,56,-1,-1,1
54,T34,OTHER,56,2,59,0,-1,-1,06T34@3,BUYER,0,56,-1,-1,4
2731,T22,T35,56,5,41,47,-1,47,03T22@1,04T35@2,17,56,-1,-1,2
2788,T22,T35,56,5,41,49,-1,49,03T22@1,04T35@2,17,56,-1,-1,2
1118,T34,OTHER,56,3,59,-1,-1,-1,06T34@3,BUYER,0,-1,-1,-1,4
1052,T34,OTHER,56,3,59,-1,-1,-1,06T34@3,BUYER,0,-1,-1,-1,4
2904,T35,T35,56,6,15,52,-1,52,02T35@1,05T35@2,17,56,-1,-1,2
2529,T35,T34,56,8,20,41,-1,41,05T35@2,06T34@3,17,56,-1,-1,3
2901,T22,T35,56,6,15,52,-1,52,03T22@1,04T35@2,17,56,-1,-1,2
968,T09,OTHER,56,2,59,-1,-1,-1,07T09@3,BUYER,0,-1,-1,-1,4
3000,T35,T22,56,5,10,55,-1,55,01T35@0,03T22@1,17,56,-1,-1,1
3013,T35,T09,56,60,21,-1,-1,55,05T35@2,07T09@3,17,-1,-1,-1,3
2909,T35,T35,56,6,15,52,-1,52,02T35@1,04T35@2,17,56,-1,-1,2
2772,T22,T35,56,5,41,48,-1,48,03T22@1,04T35@2,17,56,-1,-1,2
2955,T35,T09,56,60,24,-1,-1,53,04T35@2,07T09@3,17,-1,-1,-1,3
3016,T35,T09,56,60,21,-1,-1,55,04T35@2,07T09@3,17,-1,-1,-1,3
570,OTHER,T35,56,2,10,0,-1,-1,SELLER,01T35@0,0,56,-1,-1,0
516,OTHER,T35,56,6,10,0,-1,-1,SELLER,00T35@0,0,56,-1,-1,0
891,T09,OTHER,56,3,59,-1,-1,-1,07T09@3,BUYER,0,-1,-1,-1,4
307,T34,OTHER,56,1,59,0,-1,-1,06T34@3,BUYER,0,56,-1,-1,4
1071,T34,OTHER,56,3,59,-1,-1,-1,06T34@3,BUYER,0,-1,-1,-1,4
159,OTHER,T35,56,5,10,0,-1,-1,SELLER,01T35@0,0,56,-1,-1,0
752,OTHER,T35,56,2,10,0,-1,-1,SELLER,00T35@0,0,56,-1,-1,0
500,OTHER,T35,57,1,10,0,-1,-1,SELLER,00T35@0,0,57,-1,-1,0
368,T34,OTHER,57,3,59,0,-1,-1,06T34@3,BUYER,0,57,-1,-1,4
3071,T35,T22,57,5,9,57,-1,57,01T35@0,03T22@1,17,57,-1,-1,1
2738,T22,T35,57,5,41,47,-1,47,03T22@1,04T35@2,17,57,-1,-1,2
644,T34,OTHER,57,2,59,0,-1,-1,06T34@3,BUYER,0,57,-1,-1,4
17,OTHER,T35,57,1,10,0,-1,-1,SELLER,00T35@0,0,57,-1,-1,0
2935,T35,T35,57,6,15,53,-1,53,02T35@1,05T35@2,17,57,-1,-1,2
474,OTHER,T35,57,1,10,0,-1,-1,SELLER,01T35@0,0,57,-1,-1,0
3078,T22,T35,57,5,43,-1,-1,57,03T22@1,04T35@2,17,-1,-1,-1,2
3080,T22,T35,57,6,14,-1,-1,57,03T22@1,04T35@2,17,-1,-1,-1,2
659,OTHER,T35,57,2,10,0,-1,-1,SELLER,00T35@0,0,57,-1,-1,0
439,OTHER,T35,57,3,10,0,-1,-1,SELLER,01T35@0,0,57,-1,-1,0
2999,T35,T22,57,5,10,55,-1,55,01T35@0,03T22@1,17,57,-1,-1,1
1076,T34,OTHER,57,4,59,-1,-1,-1,06T34@3,BUYER,0,-1,-1,-1,4
2990,T35,T09,57,60,24,-1,-1,54,04T35@2,07T09@3,17,-1,-1,-1,3
239,OTHER,T35,57,4,10,0,-1,-1,SELLER,01T35@0,0,57,-1,-1,0
3026,T35,T22,57,5,10,56,-1,56,01T35@0,03T22@1,17,57,-1,-1,1
2552,T35,T34,57,8,20,42,-1,42,04T35@2,06T34@3,17,57,-1,-1,3
2489,T35,T34,57,5,23,40,-1,40,05T35@2,06T34@3,17,57,-1,-1,3
3055,T35,T22,57,5,9,57,-1,57,01T35@0,03T22@1,17,57,-1,-1,1
692,T34,OTHER,57,2,59,0,-1,-1,06T34@3,BUYER,0,57,-1,-1,4
1014,T09,OTHER,57,6,59,-1,-1,-1,07T09@3,BUYER,0,-1,-1,-1,4
774,T09,OTHER,57,2,59,-1,-1,-1,07T09@3,BUYER,0,-1,-1,-1,4
2556,T35,T34,57,8,20,42,-1,42,05T35@2,06T34@3,17,57,-1,-1,3
3004,T35,T22,57,5,9,55,-1,55,01T35@0,03T22@1,17,57,-1,-1,1
931,T09,OTHER,57,1,59,-1,-1,-1,07T09@3,BUYER,0,-1,-1,-1,4
609,OTHER,T35,57,6,10,0,-1,-1,SELLER,00T35@0,0,57,-1,-1,0
3044,T22,T35,57,5,43,-1,-1,56,03T22@1,04T35@2,17,-1,-1,-1,2
540,OTHER,T35,57,2,10,0,-1,-1,SELLER,00T35@0,0,57,-1,-1,0
3033,T35,T22,57,5,10,56,-1,56,00T35@0,03T22@1,17,57,-1,-1,1
2504,T35,T34,57,5,23,40,-1,40,04T35@2,06T34@3,17,57,-1,-1,3
871,T09,OTHER,58,2,59,-1,-1,-1,07T09@3,BUYER,0,-1,-1,-1,4
759,OTHER,T35,58,3,10,0,-1,-1,SELLER,00T35@0,0,58,-1,-1,0
842,T09,OTHER,58,3,59,-1,-1,-1,07T09@3,BUYER,0,-1,-1,-1,4
808,T09,OTHER,58,6,59,-1,-1,-1,07T09@3,BUYER,0,-1,-1,-1,4
586,OTHER,T35,58,2,10,0,-1,-1,SELLER,00T35@0,0,58,-1,-1,0
1080,T34,OTHER,58,4,59,-1,-1,-1,06T34@3,BUYER,0,-1,-1,-1,4
704,T34,OTHER,58,2,59,0,-1,-1,06T34@3,BUYER,0,58,-1,-1,4
1064,T09,OTHER,58,1,59,-1,-1,-1,07T09@3,BUYER,0,-1,-1,-1,4
612,OTHER,T35,58,3,10,0,-1,-1,SELLER,00T35@0,0,58,-1,-1,0
480,OTHER,T35,58,2,10,0,-1,-1,SELLER,01T35@0,0,58,-1,-1,0
3112,T22,T35,58,18,28,-1,-1,58,03T22@1,04T35@2,2,-1,-1,-1,2
0,OTHER,T35,58,2,10,0,-1,-1,SELLER,01T35@0,0,58,-1,-1,0
196,OTHER,T35,58,3,10,0,-1,-1,SELLER,01T35@0,0,58,-1,-1,0
379,OTHER,T35,58,1,10,0,-1,-1,SELLER,01T35@0,0,58,-1,-1,0
3083,T35,T09,58,60,21,-1,-1,57,05T35@2,07T09@3,17,-1,-1,-1,3
3054,T35,T22,58,5,10,57,-1,57,01T35@0,03T22@1,17,58,-1,-1,1
2863,T22,T35,58,1,42,51,-1,51,03T22@1,05T35@2,17,58,-1,-1,2
2947,T22,T35,58,5,43,-1,-1,53,03T22@1,05T35@2,17,-1,-1,-1,2
3035,T35,T22,58,5,10,56,-1,56,01T35@0,03T22@1,17,58,-1,-1,1
3030,T35,T22,58,5,10,56,-1,56,01T35@0,03T22@1,17,58,-1,-1,1
130,T34,OTHER,58,2,59,0,-1,-1,06T34@3,BUYER,0,58,-1,-1,4
3089,T35,T22,58,5,9,58,-1,58,01T35@0,03T22@1,17,58,-1,-1,1
319,OTHER,T35,58,4,10,0,-1,-1,SELLER,01T35@0,0,58,-1,-1,0
2801,T22,T35,58,5,41,49,-1,49,03T22@1,04T35@2,17,58,-1,-1,2
3076,T35,T09,58,60,21,-1,-1,57,04T35@2,07T09@3,17,-1,-1,-1,3
2592,T35,T34,58,8,20,43,-1,43,04T35@2,06T34@3,17,58,-1,-1,3
2602,T35,T34,58,8,20,43,-1,43,05T35@2,06T34@3,17,58,-1,-1,3
3096,T35,T22,58,5,10,58,-1,58,00T35@0,03T22@1,17,58,-1,-1,1
2972,T22,T35,58,6,15,54,-1,54,03T22@1,04T35@2,17,58,-1,-1,2
796,T09,OTHER,59,5,59,-1,-1,-1,07T09@3,BUYER,0,-1,-1,-1,4
2836,T22,T35,59,5,41,50,-1,50,03T22@1,04T35@2,17,59,-1,-1,2
3058,T35,T22,59,5,10,57,-1,57,00T35@0,03T22@1,17,59,-1,-1,1
611,T34,OTHER,59,1,59,0,-1,-1,06T34@3,BUYER,0,59,-1,-1,4
945,T34,OTHER,59,2,59,-1,-1,-1,06T34@3,BUYER,0,-1,-1,-1,4
172,OTHER,T35,59,3,10,0,-1,-1,SELLER,01T35@0,0,59,-1,-1,0
3053,T35,T22,59,5,9,57,-1,57,00T35@0,03T22@1,17,59,-1,-1,1
3011,T22,T35,59,5,43,-1,-1,55,03T22@1,05T35@2,17,-1,-1,-1,2
3045,T35,T09,59,60,24,-1,-1,56,04T35@2,07T09@3,17,-1,-1,-1,3
664,OTHER,T35,59,2,10,0,-1,-1,SELLER,00T35@0,0,59,-1,-1,0
2927,T22,T35,59,5,41,53,-1,53,03T22@1,05T35@2,17,59,-1,-1,2
2989,T22,T35,59,5,43,-1,-1,54,03T22@1,05T35@2,17,-1,-1,-1,2
3150,T22,T35,59,16,16,-1,-1,59,03T22@1,05T35@2,17,-1,-1,-1,2
1105,T09,OTHER,59,3,59,-1,-1,-1,07T09@3,BUYER,0,-1,-1,-1,4
2635,T35,T34,59,8,20,44,-1,44,05T35@2,06T34@3,17,59,-1,-1,3
131,T34,OTHER,59,3,59,0,-1,-1,06T34@3,BUYER,0,59,-1,-1,4
731,OTHER,T35,59,1,10,0,-1,-1,SELLER,00T35@0,0,59,-1,-1,0
585,OTHER,T35,59,3,10,0,-1,-1,SELLER,00T35@0,0,59,-1,-1,0
3046,T35,T09,59,60,24,-1,-1,56,05T35@2,07T09@3,17,-1,-1,-1,3
430,OTHER,T35,59,1,10,0,-1,-1,SELLER,01T35@0,0,59,-1,-1,0
440,OTHER,T35,59,4,10,0,-1,-1,SELLER,01T35@0,0,59,-1,-1,0
61,T34,OTHER,59,2,59,0,-1,-1,06T34@3,BUYER,0,59,-1,-1,4
3149,T35,T35,59,16,16,-1,-1,59,02T35@1,05T35@2,17,-1,-1,-1,2
60,OTHER,T35,59,5,10,0,-1,-1,SELLER,00T35@0,0,59,-1,-1,0
3108,T35,T09,59,60,21,-1,-1,58,05T35@2,07T09@3,17,-1,-1,-1,3
3081,T22,T35,59,5,43,-1,-1,57,03T22@1,05T35@2,17,-1,-1,-1,2
3123,T35,T22,59,5,10,59,-1,59,01T35@0,03T22@1,17,59,-1,-1,1
3092,T35,T22,59,5,9,58,-1,58,01T35@0,03T22@1,17,59,-1,-1,1
847,T34,OTHER,59,4,59,-1,-1,-1,06T34@3,BUYER,0,-1,-1,-1,4
2786,T22,T35,59,5,41,49,-1,49,03T22@1,04T35@2,17,59,-1,-1,2
3134,T35,T22,59,5,9,59,-1,59,00T35@0,03T22@1,17,59,-1,-1,1
23,OTHER,T35,59,1,10,0,-1,-1,SELLER,00T35@0,0,59,-1,-1,0
720,OTHER,T35,60,4,10,0,-1,-1,SELLER,00T35@0,0,60,-1,-1,0
3124,T35,T22,60,5,9,59,-1,59,00T35@0,03T22@1,17,60,-1,-1,1
1061,T34,OTHER,60,5,59,-1,-1,-1,06T34@3,BUYER,0,-1,-1,-1,4
3129,T35,T22,60,5,9,59,-1,59,01T35@0,03T22@1,17,60,-1,-1,1
1096,T09,OTHER,60,3,59,-1,-1,-1,07T09@3,BUYER,0,-1,-1,-1,4
764,T09,OTHER,60,4,59,-1,-1,-1,07T09@3,BUYER,0,-1,-1,-1,4
271,OTHER,T35,60,3,10,0,-1,-1,SELLER,01T35@0,0,60,-1,-1,0
3101,T35,T22,60,5,9,58,-1,58,00T35@0,03T22@1,17,60,-1,-1,1
320,OTHER,T35,60,3,10,0,-1,-1,SELLER,00T35@0,0,60,-1,-1,0
956,T09,OTHER,60,2,59,-1,-1,-1,07T09@3,BUYER,0,-1,-1,-1,4
2657,T35,T34,60,8,20,45,-1,45,04T35@2,06T34@3,17,60,-1,-1,3
3037,T35,T35,60,15,13,56,-1,56,02T35@1,05T35@2,17,60,-1,-1,2
3025,T35,T35,60,6,15,56,-1,56,02T35@1,04T35@2,17,60,-1,-1,2
3093,T35,T22,60,5,10,58,-1,58,01T35@0,03T22@1,17,60,-1,-1,1
468,OTHER,T35,60,2,10,0,-1,-1,SELLER,01T35@0,0,60,-1,-1,0
3153,T35,T22,60,5,10,60,-1,60,00T35@0,03T22@1,17,60,-1,-1,1
925,T09,OTHER,60,1,59,-1,-1,-1,07T09@3,BUYER,0,-1,-1,-1,4
2823,T22,T35,60,5,41,50,-1,50,03T22@1,04T35@2,17,60,-1,-1,2
2926,T22,T35,60,5,41,53,-1,53,03T22@1,05T35@2,17,60,-1,-1,2
354,OTHER,T35,60,3,10,0,-1,-1,SELLER,01T35@0,0,60,-1,-1,0
419,OTHER,T35,60,2,10,0,-1,-1,SELLER,00T35@0,0,60,-1,-1,0
3169,T35,T35,60,4,14,60,-1,60,02T35@1,04T35@2,17,60,-1,-1,2
2970,T22,T35,60,5,41,54,-1,54,03T22@1,04T35@2,17,60,-1,-1,2
566,T34,OTHER,60,5,59,0,-1,-1,06T34@3,BUYER,0,60,-1,-1,4
706,OTHER,T35,60,2,10,0,-1,-1,SELLER,01T35@0,0,60,-1,-1,0
713,OTHER,T35,60,1,10,0,-1,-1,SELLER,01T35@0,0,60,-1,-1,0
3139,T35,T09,60,60,21,-1,-1,59,05T35@2,07T09@3,17,-1,-1,-1,3
655,OTHER,T35,61,2,10,0,-1,-1,SELLER,01T35@0,0,61,-1,-1,0
3212,T22,T35,61,5,43,-1,-1,61,03T22@1,05T35@2,17,-1,-1,-1,2
145,OTHER,T35,61,2,10,0,-1,-1,SELLER,00T35@0,0,61,-1,-1,0
670,OTHER,T35,61,3,10,0,-1,-1,SELLER,01T35@0,0,61,-1,-1,0
2925,T22,T35,61,5,41,53,-1,53,03T22@1,04T35@2,17,61,-1,-1,2
3206,T22,T35,61,6,14,-1,-1,61,03T22@1,05T35@2,17,-1,-1,-1,2
2633,T35,T34,61,7,24,44,-1,44,04T35@2,06T34@3,17,61,-1,-1,3
3117,T35,T22,61,5,10,59,-1,59,01T35@0,03T22@1,17,61,-1,-1,1
2896,T22,T35,61,5,41,52,-1,52,03T22@1,05T35@2,17,61,-1,-1,2
3110,T22,T35,61,5,43,-1,-1,58,03T22@1,05T35@2,17,-1,-1,-1,2
310,OTHER,T35,61,4,10,0,-1,-1,SELLER,00T35@0,0,61,-1,-1,0
1065,T09,OTHER,61,3,59,-1,-1,-1,07T09@3,BUYER,0,-1,-1,-1,4
3181,T22,T35,61,5,43,-1,-1,60,03T22@1,05T35@2,17,-1,-1,-1,2
3166,T35,T22,61,5,10,60,-1,60,00T35@0,03T22@1,17,61,-1,-1,1
3064,T22,T35,61,5,43,57,-1,57,03T22@1,04T35@2,17,61,-1,-1,2
636,OTHER,T35,61,1,10,0,-1,-1,SELLER,00T35@0,0,61,-1,-1,0
2690,T35,T34,61,8,20,46,-1,46,04T35@2,06T34@3,17,61,-1,-1,3
3059,T35,T35,61,6,15,57,-1,57,02T35@1,04T35@2,17,61,-1,-1,2
933,T09,OTHER,61,4,59,-1,-1,-1,07T09@3,BUYER,0,-1,-1,-1,4
353,T34,OTHER,61,2,59,0,-1,-1,06T34@3,BUYER,0,61,-1,-1,4
62,T34,OTHER,61,2,59,0,-1,-1,06T34@3,BUYER,0,61,-1,-1,4
3141,T22,T35,61,5,43,-1,-1,59,03T22@1,04T35@2,17,-1,-1,-1,2
1108,T09,OTHER,61,1,59,-1,-1,-1,07T09@3,BUYER,0,-1,-1,-1,4
533,OTHER,T35,61,3,10,0,-1,-1,SELLER,01T35@0,0,61,-1,-1,0
3183,T35,T09,61,60,21,-1,-1,60,05T35@2,07T09@3,17,-1,-1,-1,3
902,T09,OTHER,61,1,59,-1,-1,-1,07T09@3,BUYER,0,-1,-1,-1,4
2878,T22,T35,61,5,41,51,-1,51,03T22@1,05T35@2,17,61,-1,-1,2
3186,T35,T22,61,7,9,61,-1,61,01T35@0,03T22@1,17,61,-1,-1,1
3187,T35,T22,61,7,9,61,-1,61,00T35@0,03T22@1,17,61,-1,-1,1
921,T09,OTHER,61,3,59,-1,-1,-1,07T09@3,BUYER,0,-1,-1,-1,4
550,OTHER,T35,61,2,10,0,-1,-1,SELLER,00T35@0,0,61,-1,-1,0
114,OTHER,T35,61,3,10,0,-1,-1,SELLER,01T35@0,0,61,-1,-1,0
3192,T35,T35,61,6,14,61,-1,61,02T35@1,05T35@2,17,61,-1,-1,2
3031,T22,T35,61,5,43,56,-1,56,03T22@1,04T35@2,17,61,-1,-1,2
1062,T34,OTHER,61,4,59,-1,-1,-1,06T34@3,BUYER,0,-1,-1,-1,4
3109,T35,T09,61,60,24,-1,-1,58,04T35@2,07T09@3,17,-1,-1,-1,3
2696,T35,T34,61,8,20,46,-1,46,05T35@2,06T34@3,17,61,-1,-1,3
3164,T35,T22,61,5,9,60,-1,60,00T35@0,03T22@1,17,61,-1,-1,1
645,OTHER,T35,62,2,10,0,-1,-1,SELLER,00T35@0,0,62,-1,-1,0
3235,T35,T22,62,5,9,62,-1,62,01T35@0,03T22@1,17,62,-1,-1,1
2942,T22,T35,62,5,41,53,-1,53,03T22@1,04T35@2,17,62,-1,-1,2
797,T09,OTHER,62,2,59,-1,-1,-1,07T09@3,BUYER,0,-1,-1,-1,4
747,OTHER,T35,62,3,10,0,-1,-1,SELLER,00T35@0,0,62,-1,-1,0
691,OTHER,T35,62,1,10,0,-1,-1,SELLER,00T35@0,0,62,-1,-1,0
1005,T09,OTHER,62,2,59,-1,-1,-1,07T09@3,BUYER,0,-1,-1,-1,4
2897,T22,T35,62,5,41,52,-1,52,03T22@1,04T35@2,17,62,-1,-1,2
28,OTHER,T35,62,1,10,0,-1,-1,SELLER,01T35@0,0,62,-1,-1,0
2652,T35,T34,62,7,24,45,-1,45,05T35@2,06T34@3,17,62,-1,-1,3
42,OTHER,T35,62,5,10,0,-1,-1,SELLER,01T35@0,0,62,-1,-1,0
2734,T35,T34,62,8,20,47,-1,47,04T35@2,06T34@3,17,62,-1,-1,3
44,T34,OTHER,62,3,59,0,-1,-1,06T34@3,BUYER,0,62,-1,-1,4
2725,T35,T34,62,8,20,47,-1,47,05T35@2,06T34@3,17,62,-1,-1,3
88,OTHER,T35,62,3,10,0,-1,-1,SELLER,01T35@0,0,62,-1,-1,0
930,T09,OTHER,62,3,59,-1,-1,-1,07T09@3,BUYER,0,-1,-1,-1,4
853,T09,OTHER,62,2,59,-1,-1,-1,07T09@3,BUYER,0,-1,-1,-1,4
947,T09,OTHER,62,3,59,-1,-1,-1,07T09@3,BUYER,0,-1,-1,-1,4
3225,T35,T22,62,8,10,62,-1,62,01T35@0,03T22@1,17,62,-1,-1,1
3199,T35,T22,62,5,10,61,-1,61,01T35@0,03T22@1,17,62,-1,-1,1
3005,T22,T35,62,5,41,55,-1,55,03T22@1,05T35@2,17,62,-1,-1,2
306,OTHER,T35,62,2,10,0,-1,-1,SELLER,01T35@0,0,62,-1,-1,0
3214,T22,T35,62,15,28,-1,-1,61,03T22@1,04T35@2,5,-1,-1,-1,2
3208,T22,T35,62,5,43,-1,-1,61,03T22@1,05T35@2,17,-1,-1,-1,2
564,OTHER,T35,62,1,10,0,-1,-1,SELLER,01T35@0,0,62,-1,-1,0
3193,T35,T22,62,5,9,61,-1,61,01T35@0,03T22@1,17,62,-1,-1,1
3215,T35,T09,62,60,21,-1,-1,61,04T35@2,07T09@3,17,-1,-1,-1,3
2979,T22,T35,62,5,41,54,-1,54,03T22@1,04T35@2,17,62,-1,-1,2
3185,T35,T22,62,5,10,61,-1,61,01T35@0,03T22@1,17,62,-1,-1,1
3223,T35,T22,62,8,9,62,-1,62,00T35@0,03T22@1,17,62,-1,-1,1
3165,T35,T22,62,5,10,60,-1,60,00T35@0,03T22@1,17,62,-1,-1,1
3180,T22,T35,62,5,43,-1,-1,60,03T22@1,05T35@2,17,-1,-1,-1,2
491,OTHER,T35,62,2,10,0,-1,-1,SELLER,01T35@0,0,62,-1,-1,0
201,T34,OTHER,62,1,59,0,-1,-1,06T34@3,BUYER,0,62,-1,-1,4
3156,T35,T22,62,5,9,60,-1,60,00T35@0,03T22@1,17,62,-1,-1,1
1082,T34,OTHER,62,4,59,-1,-1,-1,06T34@3,BUYER,0,-1,-1,-1,4
3146,T35,T09,62,60,24,-1,-1,59,04T35@2,07T09@3,17,-1,-1,-1,3
1084,T34,OTHER,63,1,59,-1,-1,-1,06T34@3,BUYER,0,-1,-1,-1,4
2765,T35,T34,63,8,20,48,-1,48,04T35@2,06T34@3,17,63,-1,-1,3
3119,T35,T35,63,6,15,59,-1,59,02T35@1,04T35@2,17,63,-1,-1,2
472,OTHER,T35,63,3,10,0,-1,-1,SELLER,01T35@0,0,63,-1,-1,0
3087,T22,T35,63,5,43,58,-1,58,03T22@1,05T35@2,17,63,-1,-1,2
970,T09,OTHER,63,3,59,-1,-1,-1,07T09@3,BUYER,0,-1,-1,-1,4
568,OTHER,T35,63,1,10,0,-1,-1,SELLER,00T35@0,0,63,-1,-1,0
3200,T35,T22,63,5,10,61,-1,61,00T35@0,03T22@1,17,63,-1,-1,1
3177,T35,T09,63,60,24,-1,-1,60,04T35@2,07T09@3,17,-1,-1,-1,3
938,T09,OTHER,63,1,59,-1,-1,-1,07T09@3,BUYER,0,-1,-1,-1,4
477,OTHER,T35,63,1,10,0,-1,-1,SELLER,00T35@0,0,63,-1,-1,0
810,T09,OTHER,63,4,59,-1,-1,-1,07T09@3,BUYER,0,-1,-1,-1,4
321,OTHER,T35,63,2,10,0,-1,-1,SELLER,01T35@0,0,63,-1,-1,0
3142,T22,T35,63,5,43,-1,-1,59,03T22@1,05T35@2,17,-1,-1,-1,2
109,T34,OTHER,63,3,59,0,-1,-1,06T34@3,BUYER,0,63,-1,-1,4
3131,T22,T35,63,6,15,59,-1,59,03T22@1,04T35@2,17,63,-1,-1,2
553,T34,OTHER,63,2,59,0,-1,-1,06T34@3,BUYER,0,63,-1,-1,4
377,OTHER,T35,63,5,10,0,-1,-1,SELLER,00T35@0,0,63,-1,-1,0
642,OTHER,T35,63,2,10,0,-1,-1,SELLER,01T35@0,0,63,-1,-1,0
226,T34,OTHER,63,2,59,0,-1,-1,06T34@3,BUYER,0,63,-1,-1,4
2977,T22,T35,63,5,41,54,-1,54,03T22@1,05T35@2,17,63,-1,-1,2
3234,T35,T22,63,5,9,62,-1,62,00T35@0,03T22@1,17,63,-1,-1,1
1063,T34,OTHER,63,4,59,-1,-1,-1,06T34@3,BUYER,0,-1,-1,-1,4
3253,T35,T22,63,5,9,63,-1,63,01T35@0,03T22@1,17,63,-1,-1,1
2994,T22,T35,63,5,41,55,-1,55,03T22@1,05T35@2,17,63,-1,-1,2
3226,T35,T22,63,5,9,62,-1,62,01T35@0,03T22@1,17,63,-1,-1,1
620,OTHER,T35,63,2,10,0,-1,-1,SELLER,00T35@0,0,63,-1,-1,0
247,OTHER,T35,63,4,10,0,-1,-1,SELLER,00T35@0,0,63,-1,-1,0
387,OTHER,T35,64,3,10,0,-1,-1,SELLER,01T35@0,0,64,-1,-1,0
3161,T35,T35,64,9,15,60,-1,60,02T35@1,05T35@2,17,64,-1,-1,2
3279,T35,T09,64,60,21,-1,-1,63,04T35@2,07T09@3,17,-1,-1,-1,3
76,T34,OTHER,64,5,59,0,-1,-1,06T34@3,BUYER,0,64,-1,-1,4
826,T09,OTHER,64,2,59,-1,-1,-1,07T09@3,BUYER,0,-1,-1,-1,4
3170,T22,T35,64,9,15,60,-1,60,03T22@1,05T35@2,17,64,-1,-1,2
1144,T34,OTHER,64,3,59,-1,-1,-1,06T34@3,BUYER,0,-1,-1,-1,4
3179,T22,T35,64,5,43,-1,-1,60,03T22@1,05T35@2,17,-1,-1,-1,2
773,T09,OTHER,64,4,59,-1,-1,-1,07T09@3,BUYER,0,-1,-1,-1,4
89,OTHER,T35,64,2,10,0,-1,-1,SELLER,01T35@0,0,64,-1,-1,0
660,OTHER,T35,64,2,10,0,-1,-1,SELLER,01T35@0,0,64,-1,-1,0
3210,T35,T09,64,60,24,-1,-1,61,05T35@2,07T09@3,17,-1,-1,-1,3
1152,T34,OTHER,64,1,59,-1,-1,-1,06T34@3,BUYER,0,-1,-1,-1,4
801,T34,OTHER,64,1,59,-1,-1,-1,06T34@3,BUYER,0,-1,-1,-1,4
3294,T35,T22,64,8,9,64,-1,64,01T35@0,03T22@1,17,64,-1,-1,1
1023,T34,OTHER,64,2,59,-1,-1,-1,06T34@3,BUYER,0,-1,-1,-1,4
3090,T22,T35,64,5,41,58,-1,58,03T22@1,05T35@2,17,64,-1,-1,2
846,T09,OTHER,64,2,59,-1,-1,-1,07T09@3,BUYER,0,-1,-1,-1,4
739,OTHER,T35,64,2,10,0,-1,-1,SELLER,00T35@0,0,64,-1,-1,0
682,OTHER,T35,64,2,10,0,-1,-1,SELLER,01T35@0,0,64,-1,-1,0
189,OTHER,T35,64,3,10,0,-1,-1,SELLER,01T35@0,0,64,-1,-1,0
3264,T35,T22,64,5,9,63,-1,63,01T35@0,03T22@1,17,64,-1,-1,1
3250,T22,T35,64,9,28,-1,-1,62,03T22@1,05T35@2,6,-1,-1,-1,2
742,OTHER,T35,64,2,10,0,-1,-1,SELLER,00T35@0,0,64,-1,-1,0
3265,T35,T22,64,5,9,63,-1,63,01T35@0,03T22@1,17,64,-1,-1,1
3228,T35,T22,64,5,9,62,-1,62,01T35@0,03T22@1,17,64,-1,-1,1
3256,T35,T22,64,5,10,63,-1,63,00T35@0,03T22@1,17,64,-1,-1,1
194,OTHER,T35,64,2,10,0,-1,-1,SELLER,00T35@0,0,64,-1,-1,0
3028,T22,T35,64,5,41,56,-1,56,03T22@1,05T35@2,17,64,-1,-1,2
168,OTHER,T35,64,2,10,0,-1,-1,SELLER,01T35@0,0,64,-1,-1,0
3304,T35,T22,64,8,10,64,-1,64,00T35@0,03T22@1,17,64,-1,-1,1
3125,T22,T35,64,5,41,59,-1,59,03T22@1,05T35@2,17,64,-1,-1,2
3132,T22,T35,65,5,41,59,-1,59,03T22@1,05T35@2,17,65,-1,-1,2
431,OTHER,T35,65,2,10,0,-1,-1,SELLER,00T35@0,0,65,-1,-1,0
188,OTHER,T35,65,1,10,0,-1,-1,SELLER,01T35@0,0,65,-1,-1,0
2821,T35,T34,65,9,20,50,-1,50,05T35@2,06T34@3,17,65,-1,-1,3
2820,T35,T34,65,9,20,50,-1,50,04T35@2,06T34@3,17,65,-1,-1,3
643,T34,OTHER,65,1,59,0,-1,-1,06T34@3,BUYER,0,65,-1,-1,4
3340,T35,T35,65,15,16,-1,-1,65,02T35@1,05T35@2,17,-1,-1,-1,2
3345,T22,T35,65,5,43,-1,-1,65,03T22@1,04T35@2,17,-1,-1,-1,2
3105,T22,T35,65,5,41,58,-1,58,03T22@1,05T35@2,17,65,-1,-1,2
831,T34,OTHER,65,2,59,-1,-1,-1,06T34@3,BUYER,0,-1,-1,-1,4
414,OTHER,T35,65,2,10,0,-1,-1,SELLER,00T35@0,0,65,-1,-1,0
2757,T35,T34,65,7,24,48,-1,48,05T35@2,06T34@3,17,65,-1,-1,3
3268,T35,T22,65,5,10,63,-1,63,00T35@0,03T22@1,17,65,-1,-1,1
428,OTHER,T35,65,3,10,0,-1,-1,SELLER,00T35@0,0,65,-1,-1,0
3211,T22,T35,65,5,43,-1,-1,61,03T22@1,04T35@2,17,-1,-1,-1,2
3280,T22,T35,65,5,43,-1,-1,63,03T22@1,05T35@2,17,-1,-1,-1,2
3023,T22,T35,65,5,41,56,-1,56,03T22@1,05T35@2,17,65,-1,-1,2
3298,T35,T22,65,5,10,64,-1,64,01T35@0,03T22@1,17,65,-1,-1,1
3299,T35,T22,65,5,10,64,-1,64,00T35@0,03T22@1,17,65,-1,-1,1
672,OTHER,T35,65,6,10,0,-1,-1,SELLER,01T35@0,0,65,-1,-1,0
127,T34,OTHER,65,4,59,0,-1,-1,06T34@3,BUYER,0,65,-1,-1,4
591,OTHER,T35,65,2,10,0,-1,-1,SELLER,01T35@0,0,65,-1,-1,0
766,T09,OTHER,65,4,59,-1,-1,-1,07T09@3,BUYER,0,-1,-1,-1,4
3245,T35,T09,65,60,24,-1,-1,62,04T35@2,07T09@3,17,-1,-1,-1,3
3244,T35,T09,65,60,24,-1,-1,62,05T35@2,07T09@3,17,-1,-1,-1,3
3312,T35,T09,65,60,21,-1,-1,64,05T35@2,07T09@3,17,-1,-1,-1,3
3001,T22,T35,65,5,41,55,-1,55,03T22@1,05T35@2,17,65,-1,-1,2
230,OTHER,T35,65,1,10,0,-1,-1,SELLER,00T35@0,0,65,-1,-1,0
3321,T35,T22,65,5,10,65,-1,65,00T35@0,03T22@1,17,65,-1,-1,1
3067,T22,T35,65,5,41,57,-1,57,03T22@1,05T35@2,17,65,-1,-1,2
864,T34,OTHER,65,3,59,-1,-1,-1,06T34@3,BUYER,0,-1,-1,-1,4
3157,T22,T35,65,5,43,60,-1,60,03T22@1,05T35@2,17,65,-1,-1,2
174,OTHER,T35,65,3,10,0,-1,-1,SELLER,00T35@0,0,65,-1,-1,0
3332,T35,T22,65,5,9,65,-1,65,00T35@0,03T22@1,17,65,-1,-1,1
3171,T22,T35,65,5,41,60,-1,60,03T22@1,05T35@2,17,65,-1,-1,2
3327,T35,T35,65,7,14,65,-1,65,02T35@1,04T35@2,17,65,-1,-1,2
898,T09,OTHER,65,2,59,-1,-1,-1,07T09@3,BUYER,0,-1,-1,-1,4
1006,T09,OTHER,65,2,59,-1,-1,-1,07T09@3,BUYER,0,-1,-1,-1,4
1009,T09,OTHER,65,2,59,-1,-1,-1,07T09@3,BUYER,0,-1,-1,-1,4
3239,T35,T35,66,9,15,62,-1,62,02T35@1,04T35@2,17,66,-1,-1,2
628,OTHER,T35,66,1,10,0,-1,-1,SELLER,00T35@0,0,66,-1,-1,0
910,T09,OTHER,66,2,59,-1,-1,-1,07T09@3,BUYER,0,-1,-1,-1,4
3296,T35,T22,66,5,10,64,-1,64,00T35@0,03T22@1,17,66,-1,-1,1
3272,T35,T09,66,60,24,-1,-1,63,05T35@2,07T09@3,17,-1,-1,-1,3
2867,T35,T34,66,9,20,51,-1,51,05T35@2,06T34@3,17,66,-1,-1,3
536,OTHER,T35,66,4,10,0,-1,-1,SELLER,00T35@0,0,66,-1,-1,0
3331,T35,T22,66,5,9,65,-1,65,00T35@0,03T22@1,17,66,-1,-1,1
800,T34,OTHER,66,5,59,-1,-1,-1,06T34@3,BUYER,0,-1,-1,-1,4
497,OTHER,T35,66,1,10,0,-1,-1,SELLER,01T35@0,0,66,-1,-1,0
334,OTHER,T35,66,2,10,0,-1,-1,SELLER,00T35@0,0,66,-1,-1,0
657,OTHER,T35,66,4,10,0,-1,-1,SELLER,01T35@0,0,66,-1,-1,0
447,T34,OTHER,66,1,59,0,-1,-1,06T34@3,BUYER,0,66,-1,-1,4
220,OTHER,T35,66,4,10,0,-1,-1,SELLER,01T35@0,0,66,-1,-1,0
3319,T35,T22,66,5,10,65,-1,65,01T35@0,03T22@1,17,66,-1,-1,1
427,T34,OTHER,66,2,59,0,-1,-1,06T34@3,BUYER,0,66,-1,-1,4
1008,T34,OTHER,66,4,59,-1,-1,-1,06T34@3,BUYER,0,-1,-1,-1,4
3350,T35,T22,66,5,10,66,-1,66,01T35@0,03T22@1,17,66,-1,-1,1
3227,T22,T35,66,9,15,62,-1,62,03T22@1,04T35@2,17,66,-1,-1,2
1149,T09,OTHER,66,3,59,-1,-1,-1,07T09@3,BUYER,0,-1,-1,-1,4
40,OTHER,T35,66,1,10,0,-1,-1,SELLER,01T35@0,0,66,-1,-1,0
3284,T35,T22,66,5,10,64,-1,64,01T35@0,03T22@1,17,66,-1,-1,1
2806,T35,T34,66,5,23,49,-1,49,04T35@2,06T34@3,17,66,-1,-1,3
13,OTHER,T35,66,3,10,0,-1,-1,SELLER,00T35@0,0,66,-1,-1,0
3282,T22,T35,66,5,43,-1,-1,63,03T22@1,05T35@2,17,-1,-1,-1,2
53,T34,OTHER,66,1,59,0,-1,-1,06T34@3,BUYER,0,66,-1,-1,4
980,T09,OTHER,66,1,59,-1,-1,-1,07T09@3,BUYER,0,-1,-1,-1,4
317,T34,OTHER,66,1,59,0,-1,-1,06T34@3,BUYER,0,66,-1,-1,4
2809,T35,T34,66,5,23,49,-1,49,05T35@2,06T34@3,17,66,-1,-1,3
79,OTHER,T35,67,2,10,0,-1,-1,SELLER,00T35@0,0,67,-1,-1,0
789,T09,OTHER,67,4,59,-1,-1,-1,07T09@3,BUYER,0,-1,-1,-1,4
3409,T22,T35,67,7,14,-1,-1,67,03T22@1,05T35@2,17,-1,-1,-1,2
3224,T22,T35,67,5,41,62,-1,62,03T22@1,05T35@2,17,67,-1,-1,2
15,OTHER,T35,67,2,10,0,-1,-1,SELLER,01T35@0,0,67,-1,-1,0
3323,T35,T22,67,5,9,65,-1,65,00T35@0,03T22@1,17,67,-1,-1,1
3118,T22,T35,67,5,41,59,-1,59,03T22@1,04T35@2,17,67,-1,-1,2
649,OTHER,T35,67,1,10,0,-1,-1,SELLER,00T35@0,0,67,-1,-1,0
169,OTHER,T35,67,3,10,0,-1,-1,SELLER,00T35@0,0,67,-1,-1,0
3259,T35,T35,67,9,15,63,-1,63,02T35@1,04T35@2,17,67,-1,-1,2
3372,T35,T09,67,60,21,-1,-1,66,04T35@2,07T09@3,17,-1,-1,-1,3
3085,T22,T35,67,5,41,58,-1,58,03T22@1,05T35@2,17,67,-1,-1,2
3311,T35,T09,67,60,24,-1,-1,64,04T35@2,07T09@3,17,-1,-1,-1,3
3310,T22,T35,67,24,16,-1,-1,64,03T22@1,05T35@2,17,-1,-1,-1,2
195,OTHER,T35,67,2,10,0,-1,-1,SELLER,00T35@0,0,67,-1,-1,0
3308,T22,T35,67,5,43,-1,-1,64,03T22@1,05T35@2,17,-1,-1,-1,2
166,T34,OTHER,67,1,59,0,-1,-1,06T34@3,BUYER,0,67,-1,-1,4
3407,T35,T22,67,11,10,-1,-1,67,01T35@0,03T22@1,17,-1,-1,-1,1
3406,T35,T22,67,11,10,-1,-1,67,00T35@0,03T22@1,17,-1,-1,-1,1
3286,T35,T35,67,24,16,64,-1,64,02T35@1,05T35@2,17,67,-1,-1,2
3351,T35,T22,67,5,9,66,-1,66,00T35@0,03T22@1,17,67,-1,-1,1
3277,T22,T35,67,9,15,-1,-1,63,03T22@1,04T35@2,17,-1,-1,-1,2
300,T34,OTHER,67,4,59,0,-1,-1,06T34@3,BUYER,0,67,-1,-1,4
999,T09,OTHER,67,2,59,-1,-1,-1,07T09@3,BUYER,0,-1,-1,-1,4
901,T09,OTHER,67,2,59,-1,-1,-1,07T09@3,BUYER,0,-1,-1,-1,4
3356,T35,T22,67,5,10,66,-1,66,01T35@0,03T22@1,17,67,-1,-1,1
253,OTHER,T35,67,4,10,0,-1,-1,SELLER,00T35@0,0,67,-1,-1,0
2894,T35,T34,67,9,20,52,-1,52,05T35@2,06T34@3,17,67,-1,-1,3
872,T09,OTHER,67,2,59,-1,-1,-1,07T09@3,BUYER,0,-1,-1,-1,4
955,T09,OTHER,67,1,59,-1,-1,-1,07T09@3,BUYER,0,-1,-1,-1,4
702,OTHER,T35,67,2,10,0,-1,-1,SELLER,00T35@0,0,67,-1,-1,0
3062,T22,T35,67,5,41,57,-1,57,03T22@1,05T35@2,17,67,-1,-1,2
919,T34,OTHER,67,4,59,-1,-1,-1,06T34@3,BUYER,0,-1,-1,-1,4
363,OTHER,T35,67,1,10,0,-1,-1,SELLER,01T35@0,0,67,-1,-1,0
3367,T22,T35,67,5,43,-1,-1,66,03T22@1,05T35@2,17,-1,-1,-1,2
694,OTHER,T35,67,3,10,0,-1,-1,SELLER,01T35@0,0,67,-1,-1,0
337,OTHER,T35,68,3,10,0,-1,-1,SELLER,01T35@0,0,68,-1,-1,0
375,OTHER,T35,68,2,10,0,-1,-1,SELLER,01T35@0,0,68,-1,-1,0
709,OTHER,T35,68,3,10,0,-1,-1,SELLER,01T35@0,0,68,-1,-1,0
594,OTHER,T35,68,3,10,0,-1,-1,SELLER,00T35@0,0,68,-1,-1,0
726,OTHER,T35,68,4,10,0,-1,-1,SELLER,01T35@0,0,68,-1,-1,0
301,T34,OTHER,68,3,59,0,-1,-1,06T34@3,BUYER,0,68,-1,-1,4
3302,T35,T35,68,6,15,64,-1,64,02T35@1,04T35@2,17,68,-1,-1,2
3436,T22,T35,68,5,43,-1,-1,68,03T22@1,04T35@2,17,-1,-1,-1,2
717,OTHER,T35,68,2,10,0,-1,-1,SELLER,01T35@0,0,68,-1,-1,0
996,T34,OTHER,68,2,59,-1,-1,-1,06T34@3,BUYER,0,-1,-1,-1,4
3341,T35,T09,68,60,24,-1,-1,65,05T35@2,07T09@3,17,-1,-1,-1,3
1110,T34,OTHER,68,2,59,-1,-1,-1,06T34@3,BUYER,0,-1,-1,-1,4
839,T09,OTHER,68,3,59,-1,-1,-1,07T09@3,BUYER,0,-1,-1,-1,4
825,T09,OTHER,68,2,59,-1,-1,-1,07T09@3,BUYER,0,-1,-1,-1,4
2861,T35,T34,68,5,23,51,-1,51,04T35@2,06T34@3,17,68,-1,-1,3
3387,T35,T22,68,5,9,67,-1,67,01T35@0,03T22@1,17,68,-1,-1,1
3426,T35,T22,68,5,10,68,-1,68,00T35@0,03T22@1,17,68,-1,-1,1
3339,T22,T35,68,5,43,-1,-1,65,03T22@1,04T35@2,17,-1,-1,-1,2
3335,T35,T09,68,60,24,-1,-1,65,04T35@2,07T09@3,17,-1,-1,-1,3
913,T09,OTHER,68,3,59,-1,-1,-1,07T09@3,BUYER,0,-1,-1,-1,4
3352,T35,T22,68,5,10,66,-1,66,01T35@0,03T22@1,17,68,-1,-1,1
3386,T35,T22,68,5,10,67,-1,67,01T35@0,03T22@1,17,68,-1,-1,1
3402,T35,T09,68,60,21,-1,-1,67,04T35@2,07T09@3,17,-1,-1,-1,3
3403,T35,T09,68,60,21,-1,-1,67,05T35@2,07T09@3,17,-1,-1,-1,3
3381,T35,T22,68,5,9,67,-1,67,01T35@0,03T22@1,17,68,-1,-1,1
1025,T09,OTHER,68,3,59,-1,-1,-1,07T09@3,BUYER,0,-1,-1,-1,4
576,OTHER,T35,68,2,10,0,-1,-1,SELLER,00T35@0,0,68,-1,-1,0
175,OTHER,T35,68,1,10,0,-1,-1,SELLER,01T35@0,0,68,-1,-1,0
2946,T35,T34,68,9,20,53,-1,53,04T35@2,06T34@3,17,68,-1,-1,3
406,T34,OTHER,68,2,59,0,-1,-1,06T34@3,BUYER,0,68,-1,-1,4
3159,T22,T35,68,5,41,60,-1,60,03T22@1,04T35@2,17,68,-1,-1,2
3353,T35,T22,68,5,10,66,-1,66,00T35@0,03T22@1,17,68,-1,-1,1
3204,T22,T35,69,5,41,61,-1,61,03T22@1,05T35@2,17,69,-1,-1,2
1069,T09,OTHER,69,5,59,-1,-1,-1,07T09@3,BUYER,0,-1,-1,-1,4
403,OTHER,T35,69,2,10,0,-1,-1,SELLER,01T35@0,0,69,-1,-1,0
703,OTHER,T35,69,2,10,0,-1,-1,SELLER,01T35@0,0,69,-1,-1,0
1114,T09,OTHER,69,3,59,-1,-1,-1,07T09@3,BUYER,0,-1,-1,-1,4
503,OTHER,T35,69,3,10,0,-1,-1,SELLER,00T35@0,0,69,-1,-1,0
481,OTHER,T35,69,5,10,0,-1,-1,SELLER,01T35@0,0,69,-1,-1,0
3122,T22,T35,69,5,41,59,-1,59,03T22@1,04T35@2,17,69,-1,-1,2
3460,T35,T22,69,5,9,69,-1,69,00T35@0,03T22@1,17,69,-1,-1,1
556,T34,OTHER,69,2,59,0,-1,-1,06T34@3,BUYER,0,69,-1,-1,4
3375,T35,T09,69,60,24,-1,-1,66,05T35@2,07T09@3,17,-1,-1,-1,3
2968,T35,T34,69,9,20,54,-1,54,04T35@2,06T34@3,17,69,-1,-1,3
1079,T09,OTHER,69,3,59,-1,-1,-1,07T09@3,BUYER,0,-1,-1,-1,4
147,OTHER,T35,69,4,10,0,-1,-1,SELLER,00T35@0,0,69,-1,-1,0
791,T09,OTHER,69,1,59,-1,-1,-1,07T09@3,BUYER,0,-1,-1,-1,4
2913,T35,T34,69,5,23,52,-1,52,04T35@2,06T34@3,17,69,-1,-1,3
3415,T35,T22,69,5,10,68,-1,68,00T35@0,03T22@1,17,69,-1,-1,1
3421,T35,T22,69,5,9,68,-1,68,01T35@0,03T22@1,17,69,-1,-1,1
958,T09,OTHER,69,1,59,-1,-1,-1,07T09@3,BUYER,0,-1,-1,-1,4
3343,T22,T35,69,5,43,-1,-1,65,03T22@1,05T35@2,17,-1,-1,-1,2
81,OTHER,T35,69,1,10,0,-1,-1,SELLER,00T35@0,0,69,-1,-1,0
3429,T35,T22,69,5,10,68,-1,68,00T35@0,03T22@1,17,69,-1,-1,1
3389,T35,T22,69,5,9,67,-1,67,01T35@0,03T22@1,17,69,-1,-1,1
312,T34,OTHER,69,2,59,0,-1,-1,06T34@3,BUYER,0,69,-1,-1,4
3369,T22,T35,69,5,43,-1,-1,66,03T22@1,04T35@2,17,-1,-1,-1,2
241,OTHER,T35,69,3,10,0,-1,-1,SELLER,01T35@0,0,69,-1,-1,0
897,T09,OTHER,69,3,59,-1,-1,-1,07T09@3,BUYER,0,-1,-1,-1,4
3329,T22,T35,69,15,13,65,-1,65,03T22@1,05T35@2,17,69,-1,-1,2
3232,T22,T35,70,5,41,62,-1,62,03T22@1,05T35@2,17,70,-1,-1,2
518,OTHER,T35,70,4,10,0,-1,-1,SELLER,00T35@0,0,70,-1,-1,0
3368,T22,T35,70,5,43,-1,-1,66,03T22@1,05T35@2,17,-1,-1,-1,2
914,T09,OTHER,70,5,59,-1,-1,-1,07T09@3,BUYER,0,-1,-1,-1,4
3484,T35,T22,70,8,9,70,-1,70,00T35@0,03T22@1,17,70,-1,-1,1
1048,T34,OTHER,70,3,59,-1,-1,-1,06T34@3,BUYER,0,-1,-1,-1,4
3476,T35,T22,70,5,9,70,-1,70,01T35@0,03T22@1,17,70,-1,-1,1
861,T09,OTHER,70,1,59,-1,-1,-1,07T09@3,BUYER,0,-1,-1,-1,4
3398,T22,T35,70,5,43,-1,-1,67,03T22@1,05T35@2,17,-1,-1,-1,2
108,OTHER,T35,70,1,10,0,-1,-1,SELLER,01T35@0,0,70,-1,-1,0
582,OTHER,T35,70,5,10,0,-1,-1,SELLER,01T35@0,0,70,-1,-1,0
3338,T22,T35,70,5,43,-1,-1,65,03T22@1,04T35@2,17,-1,-1,-1,2
91,OTHER,T35,70,2,10,0,-1,-1,SELLER,01T35@0,0,70,-1,-1,0
788,T09,OTHER,70,1,59,-1,-1,-1,07T09@3,BUYER,0,-1,-1,-1,4
3478,T35,T22,70,8,9,70,-1,70,01T35@0,03T22@1,17,70,-1,-1,1
715,OTHER,T35,70,3,10,0,-1,-1,SELLER,00T35@0,0,70,-1,-1,0
3300,T22,T35,70,5,41,64,-1,64,03T22@1,04T35@2,17,70,-1,-1,2
3451,T35,T22,70,5,10,69,-1,69,01T35@0,03T22@1,17,70,-1,-1,1
3454,T35,T22,70,5,10,69,-1,69,00T35@0,03T22@1,17,70,-1,-1,1
364,OTHER,T35,70,2,10,0,-1,-1,SELLER,01T35@0,0,70,-1,-1,0
3042,T35,T34,70,10,20,56,-1,56,05T35@2,06T34@3,17,70,-1,-1,3
3432,T22,T35,70,5,43,-1,-1,68,03T22@1,04T35@2,17,-1,-1,-1,2
740,OTHER,T35,70,2,10,0,-1,-1,SELLER,00T35@0,0,70,-1,-1,0
235,OTHER,T35,70,1,10,0,-1,-1,SELLER,00T35@0,0,70,-1,-1,0
221,T34,OTHER,70,1,59,0,-1,-1,06T34@3,BUYER,0,70,-1,-1,4
3427,T35,T22,70,5,9,68,-1,68,01T35@0,03T22@1,17,70,-1,-1,1
3008,T35,T34,70,9,20,55,-1,55,05T35@2,06T34@3,17,70,-1,-1,3
2939,T35,T34,70,5,23,53,-1,53,05T35@2,06T34@3,17,70,-1,-1,3
781,T09,OTHER,70,4,59,-1,-1,-1,07T09@3,BUYER,0,-1,-1,-1,4
287,T34,OTHER,70,4,59,0,-1,-1,06T34@3,BUYER,0,70,-1,-1,4
1027,T09,OTHER,70,1,59,-1,-1,-1,07T09@3,BUYER,0,-1,-1,-1,4
2996,T35,T34,70,9,20,55,-1,55,04T35@2,06T34@3,17,70,-1,-1,3
3531,T22,T35,71,5,43,-1,-1,71,03T22@1,04T35@2,17,-1,-1,-1,2
3533,T22,T35,71,7,14,-1,-1,71,03T22@1,04T35@2,17,-1,-1,-1,2
49,OTHER,T35,71,3,10,0,-1,-1,SELLER,01T35@0,0,71,-1,-1,0
3513,T35,T35,71,7,14,71,-1,71,02T35@1,05T35@2,17,71,-1,-1,2
139,T34,OTHER,71,1,59,0,-1,-1,06T34@3,BUYER,0,71,-1,-1,4
1132,T09,OTHER,71,2,59,-1,-1,-1,07T09@3,BUYER,0,-1,-1,-1,4
98,OTHER,T35,71,1,10,0,-1,-1,SELLER,01T35@0,0,71,-1,-1,0
1143,T09,OTHER,71,1,59,-1,-1,-1,07T09@3,BUYER,0,-1,-1,-1,4
3065,T35,T34,71,10,20,57,-1,57,05T35@2,06T34@3,17,71,-1,-1,3
383,OTHER,T35,71,4,10,0,-1,-1,SELLER,00T35@0,0,71,-1,-1,0
2961,T35,T34,71,5,23,54,-1,54,05T35@2,06T34@3,17,71,-1,-1,3
206,T34,OTHER,71,4,59,0,-1,-1,06T34@3,BUYER,0,71,-1,-1,4
154,OTHER,T35,71,5,10,0,-1,-1,SELLER,01T35@0,0,71,-1,-1,0
484,OTHER,T35,71,3,10,0,-1,-1,SELLER,00T35@0,0,71,-1,-1,0
3196,T22,T35,71,5,41,61,-1,61,03T22@1,05T35@2,17,71,-1,-1,2
454,OTHER,T35,71,2,10,0,-1,-1,SELLER,01T35@0,0,71,-1,-1,0
3069,T35,T34,71,10,20,57,-1,57,04T35@2,06T34@3,17,71,-1,-1,3
3511,T35,T22,71,5,9,71,-1,71,00T35@0,03T22@1,17,71,-1,-1,1
735,OTHER,T35,71,1,10,0,-1,-1,SELLER,01T35@0,0,71,-1,-1,0
630,OTHER,T35,71,1,10,0,-1,-1,SELLER,00T35@0,0,71,-1,-1,0
785,T09,OTHER,71,7,59,-1,-1,-1,07T09@3,BUYER,0,-1,-1,-1,4
3480,T35,T22,71,5,10,70,-1,70,00T35@0,03T22@1,17,71,-1,-1,1
3435,T22,T35,71,5,43,-1,-1,68,03T22@1,04T35@2,17,-1,-1,-1,2
848,T34,OTHER,71,4,59,-1,-1,-1,06T34@3,BUYER,0,-1,-1,-1,4
3434,T35,T09,71,60,24,-1,-1,68,05T35@2,07T09@3,17,-1,-1,-1,3
935,T09,OTHER,71,1,59,-1,-1,-1,07T09@3,BUYER,0,-1,-1,-1,4
3447,T35,T22,71,5,9,69,-1,69,01T35@0,03T22@1,17,71,-1,-1,1
3440,T35,T09,71,60,24,-1,-1,68,04T35@2,07T09@3,17,-1,-1,-1,3
3510,T35,T22,71,5,9,71,-1,71,00T35@0,03T22@1,17,71,-1,-1,1
3459,T35,T22,71,5,10,69,-1,69,00T35@0,03T22@1,17,71,-1,-1,1
3377,T35,T35,71,7,15,67,-1,67,02T35@1,05T35@2,17,71,-1,-1,2
3231,T22,T35,71,5,41,62,-1,62,03T22@1,05T35@2,17,71,-1,-1,2
393,T34,OTHER,72,4,59,0,-1,-1,06T34@3,BUYER,0,72,-1,-1,4
3486,T35,T22,72,5,9,70,-1,70,01T35@0,03T22@1,17,72,-1,-1,1
3556,T35,T22,72,5,9,72,-1,72,01T35@0,03T22@1,17,72,-1,-1,1
209,OTHER,T35,72,1,10,0,-1,-1,SELLER,01T35@0,0,72,-1,-1,0
1010,T34,OTHER,72,4,59,-1,-1,-1,06T34@3,BUYER,0,-1,-1,-1,4
3557,T22,T35,72,7,14,-1,-1,72,03T22@1,05T35@2,17,-1,-1,-1,2
3433,T22,T35,72,5,43,-1,-1,68,03T22@1,04T35@2,17,-1,-1,-1,2
112,OTHER,T35,72,5,10,0,-1,-1,SELLER,01T35@0,0,72,-1,-1,0
105,OTHER,T35,72,2,10,0,-1,-1,SELLER,00T35@0,0,72,-1,-1,0
992,T09,OTHER,72,2,59,-1,-1,-1,07T09@3,BUYER,0,-1,-1,-1,4
3397,T22,T35,72,5,41,67,-1,67,03T22@1,04T35@2,17,72,-1,-1,2
3482,T35,T22,72,5,10,70,-1,70,00T35@0,03T22@1,17,72,-1,-1,1
3424,T35,T35,72,7,15,68,-1,68,02T35@1,04T35@2,17,72,-1,-1,2
492,OTHER,T35,72,2,10,0,-1,-1,SELLER,01T35@0,0,72,-1,-1,0
1028,T09,OTHER,72,2,59,-1,-1,-1,07T09@3,BUYER,0,-1,-1,-1,4
3330,T22,T35,72,5,41,65,-1,65,03T22@1,05T35@2,17,72,-1,-1,2
869,T09,OTHER,72,1,59,-1,-1,-1,07T09@3,BUYER,0,-1,-1,-1,4
332,OTHER,T35,72,2,10,0,-1,-1,SELLER,01T35@0,0,72,-1,-1,0
3465,T35,T09,72,60,24,-1,-1,69,05T35@2,07T09@3,17,-1,-1,-1,3
3270,T22,T35,72,5,41,63,-1,63,03T22@1,04T35@2,17,72,-1,-1,2
3508,T35,T22,72,5,9,71,-1,71,01T35@0,03T22@1,17,72,-1,-1,1
584,OTHER,T35,72,2,10,0,-1,-1,SELLER,01T35@0,0,72,-1,-1,0
160,OTHER,T35,72,1,10,0,-1,-1,SELLER,00T35@0,0,72,-1,-1,0
3519,T35,T22,72,5,9,71,-1,71,00T35@0,03T22@1,17,72,-1,-1,1
246,OTHER,T35,72,4,10,0,-1,-1,SELLER,00T35@0,0,72,-1,-1,0
72,OTHER,T35,72,1,10,0,-1,-1,SELLER,01T35@0,0,72,-1,-1,0
3413,T22,T35,72,7,15,68,-1,68,03T22@1,04T35@2,17,72,-1,-1,2
1103,T09,OTHER,72,6,59,-1,-1,-1,07T09@3,BUYER,0,-1,-1,-1,4
3463,T35,T09,72,60,24,-1,-1,69,04T35@2,07T09@3,17,-1,-1,-1,3
3219,T22,T35,72,5,41,62,-1,62,03T22@1,04T35@2,17,72,-1,-1,2
977,T09,OTHER,72,1,59,-1,-1,-1,07T09@3,BUYER,0,-1,-1,-1,4
3588,T35,T22,73,8,10,73,-1,73,01T35@0,03T22@1,17,73,-1,-1,1
3580,T35,T35,73,7,14,73,-1,73,02T35@1,05T35@2,17,73,-1,-1,2
3127,T35,T34,73,10,20,59,-1,59,05T35@2,06T34@3,17,73,-1,-1,3
3597,T22,T35,73,7,14,-1,-1,73,03T22@1,05T35@2,17,-1,-1,-1,2
3582,T35,T22,73,5,9,73,-1,73,01T35@0,03T22@1,17,73,-1,-1,1
732,OTHER,T35,73,4,10,0,-1,-1,SELLER,00T35@0,0,73,-1,-1,0
351,OTHER,T35,73,3,10,0,-1,-1,SELLER,00T35@0,0,73,-1,-1,0
940,T34,OTHER,73,1,59,-1,-1,-1,06T34@3,BUYER,0,-1,-1,-1,4
3590,T35,T22,73,8,10,73,-1,73,00T35@0,03T22@1,17,73,-1,-1,1
863,T09,OTHER,73,4,59,-1,-1,-1,07T09@3,BUYER,0,-1,-1,-1,4
3257,T22,T35,73,5,41,63,-1,63,03T22@1,04T35@2,17,73,-1,-1,2
3514,T35,T22,73,5,10,71,-1,71,01T35@0,03T22@1,17,73,-1,-1,1
798,T09,OTHER,73,5,59,-1,-1,-1,07T09@3,BUYER,0,-1,-1,-1,4
3589,T22,T35,73,5,43,73,-1,73,03T22@1,05T35@2,17,73,-1,-1,2
755,OTHER,T35,73,3,10,0,-1,-1,SELLER,00T35@0,0,73,-1,-1,0
3549,T35,T22,73,5,10,72,-1,72,01T35@0,03T22@1,17,73,-1,-1,1
3290,T22,T35,73,5,41,64,-1,64,03T22@1,04T35@2,17,73,-1,-1,2
3396,T22,T35,73,5,41,67,-1,67,03T22@1,05T35@2,17,73,-1,-1,2
545,OTHER,T35,73,1,10,0,-1,-1,SELLER,01T35@0,0,73,-1,-1,0
1129,T34,OTHER,73,3,59,-1,-1,-1,06T34@3,BUYER,0,-1,-1,-1,4
3040,T35,T34,73,1,21,56,-1,56,04T35@2,06T34@3,17,73,-1,-1,3
666,OTHER,T35,73,5,10,0,-1,-1,SELLER,01T35@0,0,73,-1,-1,0
233,T34,OTHER,73,1,59,0,-1,-1,06T34@3,BUYER,0,73,-1,-1,4
519,OTHER,T35,73,2,10,0,-1,-1,SELLER,00T35@0,0,73,-1,-1,0
3551,T35,T22,73,5,10,72,-1,72,01T35@0,03T22@1,17,73,-1,-1,1
436,OTHER,T35,73,1,10,0,-1,-1,SELLER,01T35@0,0,73,-1,-1,0
3495,T35,T09,73,60,24,-1,-1,70,04T35@2,07T09@3,17,-1,-1,-1,3
3567,T22,T35,73,5,43,-1,-1,72,03T22@1,04T35@2,17,-1,-1,-1,2
3496,T35,T09,73,60,24,-1,-1,70,05T35@2,07T09@3,17,-1,-1,-1,3
416,T34,OTHER,73,6,59,0,-1,-1,06T34@3,BUYER,0,73,-1,-1,4
250,OTHER,T35,73,1,10,0,-1,-1,SELLER,00T35@0,0,73,-1,-1,0
3364,T22,T35,73,5,41,66,-1,66,03T22@1,04T35@2,17,73,-1,-1,2
3558,T35,T09,73,60,21,-1,-1,72,05T35@2,07T09@3,17,-1,-1,-1,3
3595,T35,T09,74,60,21,-1,-1,73,04T35@2,07T09@3,17,-1,-1,-1,3
3470,T22,T35,74,5,43,-1,-1,69,03T22@1,04T35@2,17,-1,-1,-1,2
3614,T35,T22,74,5,9,74,-1,74,01T35@0,03T22@1,17,74,-1,-1,1
3626,T22,T35,74,5,43,-1,-1,74,03T22@1,04T35@2,17,-1,-1,-1,2
3613,T35,T22,74,8,9,74,-1,74,01T35@0,03T22@1,17,74,-1,-1,1
1170,OTHER,T35,74,4,10,1,-1,-1,SELLER,00T35@0,0,74,-1,-1,0
3587,T35,T22,74,5,10,73,-1,73,01T35@0,03T22@1,17,74,-1,-1,1
3527,T35,T09,74,60,24,-1,-1,71,04T35@2,07T09@3,17,-1,-1,-1,3
3530,T35,T09,74,60,24,-1,-1,71,05T35@2,07T09@3,17,-1,-1,-1,3
3285,T22,T35,74,5,41,64,-1,64,03T22@1,04T35@2,17,74,-1,-1,2
3543,T35,T22,74,5,10,72,-1,72,00T35@0,03T22@1,17,74,-1,-1,1
3544,T35,T22,74,5,9,72,-1,72,01T35@0,03T22@1,17,74,-1,-1,1
1155,OTHER,T35,74,4,10,1,-1,-1,SELLER,01T35@0,0,74,-1,-1,0
1156,OTHER,T35,74,2,10,1,-1,-1,SELLER,01T35@0,0,74,-1,-1,0
1157,OTHER,T35,74,3,10,1,-1,-1,SELLER,01T35@0,0,74,-1,-1,0
3172,T35,T34,74,10,20,60,-1,60,04T35@2,06T34@3,17,74,-1,-1,3
1161,OTHER,T35,74,2,10,1,-1,-1,SELLER,00T35@0,0,74,-1,-1,0
1162,T34,OTHER,74,5,59,1,-1,-1,06T34@3,BUYER,0,74,-1,-1,4
3592,T35,T09,74,60,21,-1,-1,73,05T35@2,07T09@3,17,-1,-1,-1,3
1165,OTHER,T35,74,1,10,1,-1,-1,SELLER,00T35@0,0,74,-1,-1,0
1163,OTHER,T35,74,2,10,1,-1,-1,SELLER,01T35@0,0,74,-1,-1,0
3574,T22,T35,74,5,43,73,-1,73,03T22@1,05T35@2,17,74,-1,-1,2
1172,OTHER,T35,74,2,10,1,-1,-1,SELLER,01T35@0,0,74,-1,-1,0
1176,T09,OTHER,74,3,59,-1,-1,-1,07T09@3,BUYER,0,-1,-1,-1,4
1177,T09,OTHER,74,3,59,-1,-1,-1,07T09@3,BUYER,0,-1,-1,-1,4
1180,T09,OTHER,74,1,59,-1,-1,-1,07T09@3,BUYER,0,-1,-1,-1,4
1182,T09,OTHER,74,5,59,-1,-1,-1,07T09@3,BUYER,0,-1,-1,-1,4
3584,T35,T22,74,5,9,73,-1,73,00T35@0,03T22@1,17,74,-1,-1,1
1189,T34,OTHER,74,2,59,-1,-1,-1,06T34@3,BUYER,0,-1,-1,-1,4
1191,T34,OTHER,74,1,59,-1,-1,-1,06T34@3,BUYER,0,-1,-1,-1,4
3568,T22,T35,74,5,43,-1,-1,72,03T22@1,05T35@2,17,-1,-1,-1,2
3624,T35,T22,74,8,10,74,-1,74,00T35@0,03T22@1,17,74,-1,-1,1
3638,T35,T22,75,5,9,75,-1,75,01T35@0,03T22@1,17,75,-1,-1,1
3636,T35,T22,75,5,10,75,-1,75,00T35@0,03T22@1,17,75,-1,-1,1
3097,T35,T34,75,1,21,58,-1,58,04T35@2,06T34@3,17,75,-1,-1,3
3084,T35,T34,75,1,21,58,-1,58,05T35@2,06T34@3,17,75,-1,-1,3
3450,T22,T35,75,5,41,69,-1,69,03T22@1,04T35@2,17,75,-1,-1,2
1224,T09,OTHER,75,5,59,-1,-1,-1,07T09@3,BUYER,0,-1,-1,-1,4
1200,OTHER,T35,75,3,10,2,-1,-1,SELLER,00T35@0,0,75,-1,-1,0
1207,OTHER,T35,75,2,10,2,-1,-1,SELLER,00T35@0,0,75,-1,-1,0
1204,OTHER,T35,75,4,10,2,-1,-1,SELLER,00T35@0,0,75,-1,-1,0
1202,OTHER,T35,75,2,10,2,-1,-1,SELLER,00T35@0,0,75,-1,-1,0
1215,T09,OTHER,75,3,59,-1,-1,-1,07T09@3,BUYER,0,-1,-1,-1,4
1201,OTHER,T35,75,3,10,2,-1,-1,SELLER,00T35@0,0,75,-1,-1,0
1218,T09,OTHER,75,2,59,-1,-1,-1,07T09@3,BUYER,0,-1,-1,-1,4
1219,T34,OTHER,75,1,59,-1,-1,-1,06T34@3,BUYER,0,-1,-1,-1,4
1221,T09,OTHER,75,1,59,-1,-1,-1,07T09@3,BUYER,0,-1,-1,-1,4
1222,T34,OTHER,75,4,59,-1,-1,-1,06T34@3,BUYER,0,-1,-1,-1,4
1195,OTHER,T35,75,3,10,2,-1,-1,SELLER,01T35@0,0,75,-1,-1,0
1209,OTHER,T35,75,2,10,2,-1,-1,SELLER,01T35@0,0,75,-1,-1,0
3473,T22,T35,75,5,41,70,-1,70,03T22@1,04T35@2,17,75,-1,-1,2
3575,T35,T22,75,5,9,73,-1,73,01T35@0,03T22@1,17,75,-1,-1,1
1223,T34,OTHER,75,3,59,-1,-1,-1,06T34@3,BUYER,0,-1,-1,-1,4
1211,OTHER,T35,75,1,10,2,-1,-1,SELLER,00T35@0,0,75,-1,-1,0
3559,T35,T09,75,60,24,-1,-1,72,04T35@2,07T09@3,17,-1,-1,-1,3
3520,T35,T35,75,7,15,71,-1,71,02T35@1,04T35@2,17,75,-1,-1,2
3509,T22,T35,75,7,15,71,-1,71,03T22@1,05T35@2,17,75,-1,-1,2
1225,T09,OTHER,75,1,59,-1,-1,-1,07T09@3,BUYER,0,-1,-1,-1,4
3622,T35,T22,75,5,10,74,-1,74,01T35@0,03T22@1,17,75,-1,-1,1
3500,T22,T35,75,5,43,-1,-1,70,03T22@1,04T35@2,17,-1,-1,-1,2
3535,T22,T35,76,7,15,72,-1,72,03T22@1,04T35@2,17,76,-1,-1,2
1257,T09,OTHER,76,1,59,-1,-1,-1,07T09@3,BUYER,0,-1,-1,-1,4
1258,T09,OTHER,76,3,59,-1,-1,-1,07T09@3,BUYER,0,-1,-1,-1,4
3677,T35,T22,76,8,10,76,-1,76,00T35@0,03T22@1,17,76,-1,-1,1
1261,T09,OTHER,76,3,59,-1,-1,-1,07T09@3,BUYER,0,-1,-1,-1,4
3536,T35,T35,76,7,15,72,-1,72,02T35@1,05T35@2,17,76,-1,-1,2
3388,T22,T35,76,5,41,67,-1,67,03T22@1,05T35@2,17,76,-1,-1,2
3490,T22,T35,76,5,41,70,-1,70,03T22@1,05T35@2,17,76,-1,-1,2
3623,T35,T22,76,5,10,74,-1,74,00T35@0,03T22@1,17,76,-1,-1,1
3347,T22,T35,76,5,41,66,-1,66,03T22@1,04T35@2,17,76,-1,-1,2
3675,T35,T22,76,8,10,76,-1,76,01T35@0,03T22@1,17,76,-1,-1,1
3555,T35,T35,76,7,15,72,-1,72,02T35@1,04T35@2,17,76,-1,-1,2
3565,T22,T35,76,5,43,-1,-1,72,03T22@1,04T35@2,17,-1,-1,-1,2
1259,T34,OTHER,76,2,59,-1,-1,-1,06T34@3,BUYER,0,-1,-1,-1,4
1227,OTHER,T35,76,1,10,3,-1,-1,SELLER,01T35@0,0,76,-1,-1,0
1256,T34,OTHER,76,2,59,-1,-1,-1,06T34@3,BUYER,0,-1,-1,-1,4
1241,OTHER,T35,76,3,10,3,-1,-1,SELLER,00T35@0,0,76,-1,-1,0
1248,OTHER,T35,76,2,10,3,-1,-1,SELLER,01T35@0,0,76,-1,-1,0
1249,OTHER,T35,76,1,10,3,-1,-1,SELLER,00T35@0,0,76,-1,-1,0
1237,OTHER,T35,76,4,10,3,-1,-1,SELLER,00T35@0,0,76,-1,-1,0
3655,T35,T09,76,60,21,-1,-1,75,04T35@2,07T09@3,17,-1,-1,-1,3
1250,T34,OTHER,76,2,59,-1,-1,-1,06T34@3,BUYER,0,-1,-1,-1,4
1251,T34,OTHER,76,1,59,-1,-1,-1,06T34@3,BUYER,0,-1,-1,-1,4
1252,T34,OTHER,76,4,59,-1,-1,-1,06T34@3,BUYER,0,-1,-1,-1,4
3126,T35,T34,76,1,21,59,-1,59,04T35@2,06T34@3,17,76,-1,-1,3
1245,OTHER,T35,76,4,10,3,-1,-1,SELLER,01T35@0,0,76,-1,-1,0
1235,OTHER,T35,76,3,10,3,-1,-1,SELLER,00T35@0,0,76,-1,-1,0
3620,T35,T22,76,5,10,74,-1,74,01T35@0,03T22@1,17,76,-1,-1,1
3646,T35,T22,76,5,9,75,-1,75,01T35@0,03T22@1,17,76,-1,-1,1
1231,OTHER,T35,76,1,10,3,-1,-1,SELLER,00T35@0,0,76,-1,-1,0
1230,OTHER,T35,76,1,10,3,-1,-1,SELLER,00T35@0,0,76,-1,-1,0
3461,T22,T35,76,5,41,69,-1,69,03T22@1,05T35@2,17,76,-1,-1,2
3601,T22,T35,76,5,43,-1,-1,73,03T22@1,04T35@2,17,-1,-1,-1,2
1254,T09,OTHER,76,2,59,-1,-1,-1,07T09@3,BUYER,0,-1,-1,-1,4
1284,T34,OTHER,77,2,59,-1,-1,-1,06T34@3,BUYER,0,-1,-1,-1,4
1285,T34,OTHER,77,4,59,-1,-1,-1,06T34@3,BUYER,0,-1,-1,-1,4
1288,T09,OTHER,77,2,59,-1,-1,-1,07T09@3,BUYER,0,-1,-1,-1,4
1291,T34,OTHER,77,3,59,-1,-1,-1,06T34@3,BUYER,0,-1,-1,-1,4
1292,T09,OTHER,77,3,59,-1,-1,-1,07T09@3,BUYER,0,-1,-1,-1,4
3690,T22,T35,77,5,43,-1,-1,76,03T22@1,04T35@2,17,-1,-1,-1,2
3393,T22,T35,77,5,41,67,-1,67,03T22@1,04T35@2,17,77,-1,-1,2
3632,T35,T09,77,60,24,-1,-1,74,05T35@2,07T09@3,17,-1,-1,-1,3
3707,T35,T22,77,5,9,77,-1,77,01T35@0,03T22@1,17,77,-1,-1,1
3627,T35,T09,77,60,24,-1,-1,74,04T35@2,07T09@3,17,-1,-1,-1,3
3711,T35,T22,77,5,10,77,-1,77,00T35@0,03T22@1,17,77,-1,-1,1
1294,T34,OTHER,77,1,59,-1,-1,-1,06T34@3,BUYER,0,-1,-1,-1,4
1296,T09,OTHER,77,2,59,-1,-1,-1,07T09@3,BUYER,0,-1,-1,-1,4
1293,T09,OTHER,77,3,59,-1,-1,-1,07T09@3,BUYER,0,-1,-1,-1,4
3448,T22,T35,77,5,41,69,-1,69,03T22@1,05T35@2,17,77,-1,-1,2
3685,T35,T09,77,60,21,-1,-1,76,05T35@2,07T09@3,17,-1,-1,-1,3
3173,T35,T34,77,1,21,60,-1,60,05T35@2,06T34@3,17,77,-1,-1,3
3644,T35,T22,77,5,9,75,-1,75,00T35@0,03T22@1,17,77,-1,-1,1
3593,T22,T35,77,5,43,-1,-1,73,03T22@1,05T35@2,17,-1,-1,-1,2
3643,T35,T22,77,5,10,75,-1,75,00T35@0,03T22@1,17,77,-1,-1,1
3269,T35,T34,77,10,20,63,-1,63,05T35@2,06T34@3,17,77,-1,-1,3
3667,T35,T22,77,5,9,76,-1,76,01T35@0,03T22@1,17,77,-1,-1,1
1264,OTHER,T35,77,2,10,4,-1,-1,SELLER,00T35@0,0,77,-1,-1,0
3564,T22,T35,77,5,43,-1,-1,72,03T22@1,05T35@2,17,-1,-1,-1,2
1267,OTHER,T35,77,2,10,4,-1,-1,SELLER,00T35@0,0,77,-1,-1,0
1271,OTHER,T35,77,3,10,4,-1,-1,SELLER,01T35@0,0,77,-1,-1,0
1272,OTHER,T35,77,3,10,4,-1,-1,SELLER,00T35@0,0,77,-1,-1,0
3669,T35,T22,77,5,10,76,-1,76,01T35@0,03T22@1,17,77,-1,-1,1
1266,OTHER,T35,77,1,10,4,-1,-1,SELLER,01T35@0,0,77,-1,-1,0
1277,OTHER,T35,77,2,10,4,-1,-1,SELLER,01T35@0,0,77,-1,-1,0
3255,T35,T34,77,10,20,63,-1,63,04T35@2,06T34@3,17,77,-1,-1,3
1276,OTHER,T35,77,3,10,4,-1,-1,SELLER,01T35@0,0,77,-1,-1,0
3633,T22,T35,77,5,43,-1,-1,74,03T22@1,05T35@2,17,-1,-1,-1,2
3722,T22,T35,77,5,43,-1,-1,77,03T22@1,05T35@2,17,-1,-1,-1,2
1279,OTHER,T35,77,4,10,4,-1,-1,SELLER,00T35@0,0,77,-1,-1,0
3671,T35,T22,77,5,10,76,-1,76,01T35@0,03T22@1,17,77,-1,-1,1
3726,T35,T09,78,60,21,-1,-1,77,04T35@2,07T09@3,17,-1,-1,-1,3
1317,OTHER,T35,78,3,10,5,-1,-1,SELLER,01T35@0,0,78,-1,-1,0
1320,T09,OTHER,78,3,59,-1,-1,-1,07T09@3,BUYER,0,-1,-1,-1,4
3752,T22,T35,78,16,28,-1,-1,78,03T22@1,04T35@2,2,-1,-1,-1,2
1321,T09,OTHER,78,2,59,-1,-1,-1,07T09@3,BUYER,0,-1,-1,-1,4
3740,T35,T22,78,5,9,78,-1,78,00T35@0,03T22@1,17,78,-1,-1,1
1325,T09,OTHER,78,3,59,-1,-1,-1,07T09@3,BUYER,0,-1,-1,-1,4
1326,T34,OTHER,78,2,59,-1,-1,-1,06T34@3,BUYER,0,-1,-1,-1,4
3734,T35,T22,78,5,10,78,-1,78,00T35@0,03T22@1,17,78,-1,-1,1
1330,T09,OTHER,78,4,59,-1,-1,-1,07T09@3,BUYER,0,-1,-1,-1,4
3759,T22,T35,78,7,14,-1,-1,78,03T22@1,05T35@2,17,-1,-1,-1,2
3410,T22,T35,78,5,41,68,-1,68,03T22@1,04T35@2,17,78,-1,-1,2
3301,T35,T34,78,10,20,64,-1,64,05T35@2,06T34@3,17,78,-1,-1,3
1316,OTHER,T35,78,2,10,5,-1,-1,SELLER,00T35@0,0,78,-1,-1,0
3739,T35,T35,78,7,14,78,-1,78,02T35@1,05T35@2,17,78,-1,-1,2
1313,OTHER,T35,78,2,10,5,-1,-1,SELLER,01T35@0,0,78,-1,-1,0
3191,T35,T34,78,1,21,61,-1,61,05T35@2,06T34@3,17,78,-1,-1,3
3581,T22,T35,78,5,43,73,-1,73,03T22@1,05T35@2,17,78,-1,-1,2
3703,T35,T22,78,5,10,77,-1,77,01T35@0,03T22@1,17,78,-1,-1,1
3203,T35,T34,78,1,21,61,-1,61,04T35@2,06T34@3,17,78,-1,-1,3
3471,T22,T35,78,5,41,70,-1,70,03T22@1,05T35@2,17,78,-1,-1,2
1298,OTHER,T35,78,4,10,5,-1,-1,SELLER,01T35@0,0,78,-1,-1,0
3455,T22,T35,78,5,41,69,-1,69,03T22@1,05T35@2,17,78,-1,-1,2
1315,OTHER,T35,78,1,10,5,-1,-1,SELLER,00T35@0,0,78,-1,-1,0
1300,OTHER,T35,78,3,10,5,-1,-1,SELLER,00T35@0,0,78,-1,-1,0
1307,T34,OTHER,78,6,59,5,-1,-1,06T34@3,BUYER,0,78,-1,-1,4
3672,T35,T22,78,5,9,76,-1,76,00T35@0,03T22@1,17,78,-1,-1,1
1310,OTHER,T35,78,4,10,5,-1,-1,SELLER,01T35@0,0,78,-1,-1,0
3657,T35,T09,78,60,24,-1,-1,75,05T35@2,07T09@3,17,-1,-1,-1,3
3615,T35,T35,78,7,15,74,-1,74,02T35@1,04T35@2,17,78,-1,-1,2
3517,T22,T35,78,5,41,71,-1,71,03T22@1,05T35@2,17,78,-1,-1,2
3611,T22,T35,78,7,15,74,-1,74,03T22@1,04T35@2,17,78,-1,-1,2
3288,T35,T34,78,10,20,64,-1,64,04T35@2,06T34@3,17,78,-1,-1,3
1311,OTHER,T35,78,1,10,5,-1,-1,SELLER,01T35@0,0,78,-1,-1,0
3785,T22,T35,79,5,43,-1,-1,79,03T22@1,05T35@2,17,-1,-1,-1,2
3768,T35,T22,79,8,9,79,-1,79,00T35@0,03T22@1,17,79,-1,-1,1
3658,T22,T35,79,5,43,-1,-1,75,03T22@1,04T35@2,17,-1,-1,-1,2
3472,T22,T35,79,5,41,70,-1,70,03T22@1,04T35@2,17,79,-1,-1,2
3775,T35,T22,79,5,9,79,-1,79,00T35@0,03T22@1,17,79,-1,-1,1
3238,T35,T34,79,1,21,62,-1,62,05T35@2,06T34@3,17,79,-1,-1,3
3317,T35,T34,79,10,20,65,-1,65,05T35@2,06T34@3,17,79,-1,-1,3
3229,T35,T34,79,1,21,62,-1,62,04T35@2,06T34@3,17,79,-1,-1,3
1362,T09,OTHER,79,2,59,-1,-1,-1,07T09@3,BUYER,0,-1,-1,-1,4
1360,T09,OTHER,79,3,59,-1,-1,-1,07T09@3,BUYER,0,-1,-1,-1,4
1359,T09,OTHER,79,3,59,-1,-1,-1,07T09@3,BUYER,0,-1,-1,-1,4
3754,T35,T09,79,60,21,-1,-1,78,04T35@2,07T09@3,17,-1,-1,-1,3
1358,T09,OTHER,79,1,59,-1,-1,-1,07T09@3,BUYER,0,-1,-1,-1,4
3688,T35,T09,79,60,24,-1,-1,76,04T35@2,07T09@3,17,-1,-1,-1,3
1356,T09,OTHER,79,3,59,-1,-1,-1,07T09@3,BUYER,0,-1,-1,-1,4
1352,T09,OTHER,79,2,59,-1,-1,-1,07T09@3,BUYER,0,-1,-1,-1,4
3763,T35,T22,79,8,9,79,-1,79,01T35@0,03T22@1,17,79,-1,-1,1
3750,T22,T35,79,5,43,-1,-1,78,03T22@1,04T35@2,17,-1,-1,-1,2
3521,T22,T35,79,5,41,71,-1,71,03T22@1,05T35@2,17,79,-1,-1,2
3730,T35,T22,79,5,9,78,-1,78,01T35@0,03T22@1,17,79,-1,-1,1
1351,OTHER,T35,79,2,10,6,-1,-1,SELLER,01T35@0,0,79,-1,-1,0
1332,T34,OTHER,79,1,59,6,-1,-1,06T34@3,BUYER,0,79,-1,-1,4
3738,T35,T22,79,5,9,78,-1,78,00T35@0,03T22@1,17,79,-1,-1,1
3710,T35,T22,79,5,10,77,-1,77,00T35@0,03T22@1,17,79,-1,-1,1
1335,OTHER,T35,79,3,10,6,-1,-1,SELLER,01T35@0,0,79,-1,-1,0
1336,OTHER,T35,79,2,10,6,-1,-1,SELLER,00T35@0,0,79,-1,-1,0
3702,T35,T22,79,5,10,77,-1,77,00T35@0,03T22@1,17,79,-1,-1,1
1344,OTHER,T35,79,3,10,6,-1,-1,SELLER,00T35@0,0,79,-1,-1,0
3625,T22,T35,79,5,43,-1,-1,74,03T22@1,05T35@2,17,-1,-1,-1,2
1345,OTHER,T35,79,3,10,6,-1,-1,SELLER,01T35@0,0,79,-1,-1,0
1350,T34,OTHER,79,2,59,6,-1,-1,06T34@3,BUYER,0,79,-1,-1,4
1348,T34,OTHER,79,3,59,6,-1,-1,06T34@3,BUYER,0,79,-1,-1,4
3749,T35,T09,79,60,21,-1,-1,78,05T35@2,07T09@3,17,-1,-1,-1,3
3689,T22,T35,79,5,43,-1,-1,76,03T22@1,04T35@2,17,-1,-1,-1,2
1349,OTHER,T35,79,1,10,6,-1,-1,SELLER,00T35@0,0,79,-1,-1,0
1347,OTHER,T35,79,6,10,6,-1,-1,SELLER,01T35@0,0,79,-1,-1,0
1380,T34,OTHER,80,2,59,7,-1,-1,06T34@3,BUYER,0,80,-1,-1,4
3781,T35,T09,80,60,21,-1,-1,79,04T35@2,07T09@3,17,-1,-1,-1,3
3546,T22,T35,80,5,41,72,-1,72,03T22@1,04T35@2,17,80,-1,-1,2
1385,OTHER,T35,80,1,10,7,-1,-1,SELLER,00T35@0,0,80,-1,-1,0
1386,OTHER,T35,80,3,10,7,-1,-1,SELLER,01T35@0,0,80,-1,-1,0
1388,T09,OTHER,80,2,59,-1,-1,-1,07T09@3,BUYER,0,-1,-1,-1,4
1390,T09,OTHER,80,2,59,-1,-1,-1,07T09@3,BUYER,0,-1,-1,-1,4
3803,T35,T22,80,5,10,80,-1,80,00T35@0,03T22@1,17,80,-1,-1,1
1394,T09,OTHER,80,2,59,-1,-1,-1,07T09@3,BUYER,0,-1,-1,-1,4
1395,T34,OTHER,80,3,59,-1,-1,-1,06T34@3,BUYER,0,-1,-1,-1,4
3813,T22,T35,80,7,14,-1,-1,80,03T22@1,05T35@2,17,-1,-1,-1,2
3716,T22,T35,80,5,43,-1,-1,77,03T22@1,05T35@2,17,-1,-1,-1,2
3718,T35,T09,80,60,24,-1,-1,77,05T35@2,07T09@3,17,-1,-1,-1,3
1389,T09,OTHER,80,4,59,-1,-1,-1,07T09@3,BUYER,0,-1,-1,-1,4
1378,OTHER,T35,80,2,10,7,-1,-1,SELLER,00T35@0,0,80,-1,-1,0
1383,OTHER,T35,80,2,10,7,-1,-1,SELLER,01T35@0,0,80,-1,-1,0
1373,OTHER,T35,80,1,10,7,-1,-1,SELLER,01T35@0,0,80,-1,-1,0
3758,T22,T35,80,5,43,-1,-1,78,03T22@1,04T35@2,17,-1,-1,-1,2
1363,OTHER,T35,80,3,10,7,-1,-1,SELLER,00T35@0,0,80,-1,-1,0
1367,OTHER,T35,80,3,10,7,-1,-1,SELLER,01T35@0,0,80,-1,-1,0
3512,T22,T35,80,5,41,71,-1,71,03T22@1,04T35@2,17,80,-1,-1,2
1377,OTHER,T35,80,1,10,7,-1,-1,SELLER,00T35@0,0,80,-1,-1,0
3346,T35,T34,80,10,20,66,-1,66,04T35@2,06T34@3,17,80,-1,-1,3
1370,OTHER,T35,80,4,10,7,-1,-1,SELLER,00T35@0,0,80,-1,-1,0
3659,T22,T35,80,5,43,-1,-1,75,03T22@1,04T35@2,17,-1,-1,-1,2
1371,T34,OTHER,80,2,59,7,-1,-1,06T34@3,BUYER,0,80,-1,-1,4
3732,T35,T22,80,5,9,78,-1,78,01T35@0,03T22@1,17,80,-1,-1,1
3779,T35,T22,80,5,10,79,-1,79,01T35@0,03T22@1,17,80,-1,-1,1
1372,T34,OTHER,80,3,59,7,-1,-1,06T34@3,BUYER,0,80,-1,-1,4
1419,T34,OTHER,81,3,59,8,-1,-1,06T34@3,BUYER,0,81,-1,-1,4
1406,OTHER,T35,81,1,10,8,-1,-1,SELLER,00T35@0,0,81,-1,-1,0
1407,OTHER,T35,81,5,10,8,-1,-1,SELLER,00T35@0,0,81,-1,-1,0
1408,OTHER,T35,81,1,10,8,-1,-1,SELLER,00T35@0,0,81,-1,-1,0
1421,T34,OTHER,81,3,59,8,-1,-1,06T34@3,BUYER,0,81,-1,-1,4
1405,T34,OTHER,81,2,59,8,-1,-1,06T34@3,BUYER,0,81,-1,-1,4
1432,T09,OTHER,81,3,59,-1,-1,-1,07T09@3,BUYER,0,-1,-1,-1,4
1409,T34,OTHER,81,1,59,8,-1,-1,06T34@3,BUYER,0,81,-1,-1,4
1420,T34,OTHER,81,2,59,8,-1,-1,06T34@3,BUYER,0,81,-1,-1,4
1413,OTHER,T35,81,1,10,8,-1,-1,SELLER,00T35@0,0,81,-1,-1,0
1414,OTHER,T35,81,3,10,8,-1,-1,SELLER,00T35@0,0,81,-1,-1,0
3834,T35,T22,81,5,9,81,-1,81,00T35@0,03T22@1,17,81,-1,-1,1
3504,T22,T35,81,5,41,71,-1,71,03T22@1,04T35@2,17,81,-1,-1,2
3844,T22,T35,81,16,28,-1,-1,81,03T22@1,05T35@2,2,-1,-1,-1,2
1418,OTHER,T35,81,3,10,8,-1,-1,SELLER,01T35@0,0,81,-1,-1,0
1430,T09,OTHER,81,1,59,-1,-1,-1,07T09@3,BUYER,0,-1,-1,-1,4
1423,T09,OTHER,81,2,59,-1,-1,-1,07T09@3,BUYER,0,-1,-1,-1,4
1427,T09,OTHER,81,3,59,-1,-1,-1,07T09@3,BUYER,0,-1,-1,-1,4
3714,T22,T35,81,7,15,77,-1,77,03T22@1,04T35@2,17,81,-1,-1,2
3766,T35,T22,81,5,9,79,-1,79,00T35@0,03T22@1,17,81,-1,-1,1
3797,T35,T22,81,5,10,80,-1,80,01T35@0,03T22@1,17,81,-1,-1,1
3745,T22,T35,81,5,43,-1,-1,78,03T22@1,05T35@2,17,-1,-1,-1,2
3761,T35,T22,81,5,10,79,-1,79,01T35@0,03T22@1,17,81,-1,-1,1
3713,T35,T35,81,7,15,77,-1,77,02T35@1,04T35@2,17,81,-1,-1,2
3808,T35,T22,81,5,10,80,-1,80,00T35@0,03T22@1,17,81,-1,-1,1
1402,OTHER,T35,81,1,10,8,-1,-1,SELLER,01T35@0,0,81,-1,-1,0
3820,T35,T09,81,60,21,-1,-1,80,04T35@2,07T09@3,17,-1,-1,-1,3
1400,OTHER,T35,81,5,10,8,-1,-1,SELLER,01T35@0,0,81,-1,-1,0
1462,T09,OTHER,82,3,59,-1,-1,-1,07T09@3,BUYER,0,-1,-1,-1,4
3882,T22,T35,82,7,14,-1,-1,82,03T22@1,05T35@2,17,-1,-1,-1,2
1433,OTHER,T35,82,5,10,9,-1,-1,SELLER,00T35@0,0,82,-1,-1,0
3863,T35,T22,82,5,9,82,-1,82,00T35@0,03T22@1,17,82,-1,-1,1
1434,T34,OTHER,82,3,59,9,-1,-1,06T34@3,BUYER,0,82,-1,-1,4
1438,T34,OTHER,82,3,59,9,-1,-1,06T34@3,BUYER,0,82,-1,-1,4
1441,OTHER,T35,82,1,10,9,-1,-1,SELLER,00T35@0,0,82,-1,-1,0
1444,OTHER,T35,82,2,10,9,-1,-1,SELLER,01T35@0,0,82,-1,-1,0
1449,OTHER,T35,82,2,10,9,-1,-1,SELLER,01T35@0,0,82,-1,-1,0
1460,T09,OTHER,82,1,59,-1,-1,-1,07T09@3,BUYER,0,-1,-1,-1,4
3875,T35,T35,82,7,14,82,-1,82,02T35@1,04T35@2,17,82,-1,-1,2
1463,T09,OTHER,82,3,59,-1,-1,-1,07T09@3,BUYER,0,-1,-1,-1,4
1451,OTHER,T35,82,4,10,9,-1,-1,SELLER,01T35@0,0,82,-1,-1,0
1452,OTHER,T35,82,2,10,9,-1,-1,SELLER,01T35@0,0,82,-1,-1,0
3868,T35,T22,82,5,9,82,-1,82,00T35@0,03T22@1,17,82,-1,-1,1
1455,T09,OTHER,82,3,59,-1,-1,-1,07T09@3,BUYER,0,-1,-1,-1,4
1447,OTHER,T35,82,4,10,9,-1,-1,SELLER,00T35@0,0,82,-1,-1,0
1450,T34,OTHER,82,3,59,9,-1,-1,06T34@3,BUYER,0,82,-1,-1,4
1466,T34,OTHER,82,1,59,-1,-1,-1,06T34@3,BUYER,0,-1,-1,-1,4
3772,T22,T35,82,5,43,79,-1,79,03T22@1,05T35@2,17,82,-1,-1,2
3635,T22,T35,82,5,41,75,-1,75,03T22@1,04T35@2,17,82,-1,-1,2
3325,T35,T34,82,1,21,65,-1,65,04T35@2,06T34@3,17,82,-1,-1,3
3800,T35,T22,82,5,9,80,-1,80,01T35@0,03T22@1,17,82,-1,-1,1
3826,T35,T22,82,5,10,81,-1,81,00T35@0,03T22@1,17,82,-1,-1,1
3828,T35,T22,82,5,9,81,-1,81,00T35@0,03T22@1,17,82,-1,-1,1
3833,T35,T22,82,5,10,81,-1,81,01T35@0,03T22@1,17,82,-1,-1,1
3796,T35,T22,82,5,10,80,-1,80,00T35@0,03T22@1,17,82,-1,-1,1
3879,T22,T35,82,7,14,-1,-1,82,03T22@1,04T35@2,17,-1,-1,-1,2
3784,T35,T09,82,60,24,-1,-1,79,05T35@2,07T09@3,17,-1,-1,-1,3
3850,T35,T09,82,60,21,-1,-1,81,04T35@2,07T09@3,17,-1,-1,-1,3
3918,T22,T35,83,16,28,-1,-1,83,03T22@1,04T35@2,2,-1,-1,-1,2
1481,OTHER,T35,83,1,10,10,-1,-1,SELLER,01T35@0,0,83,-1,-1,0
3360,T35,T34,83,1,21,66,-1,66,05T35@2,06T34@3,17,83,-1,-1,3
1501,T34,OTHER,83,2,59,-1,-1,-1,06T34@3,BUYER,0,-1,-1,-1,4
3883,T22,T35,83,5,43,-1,-1,82,03T22@1,04T35@2,17,-1,-1,-1,2
1499,T09,OTHER,83,4,59,-1,-1,-1,07T09@3,BUYER,0,-1,-1,-1,4
1498,T09,OTHER,83,2,59,-1,-1,-1,07T09@3,BUYER,0,-1,-1,-1,4
1484,OTHER,T35,83,1,10,10,-1,-1,SELLER,00T35@0,0,83,-1,-1,0
1494,T34,OTHER,83,1,59,-1,-1,-1,06T34@3,BUYER,0,-1,-1,-1,4
1478,OTHER,T35,83,3,10,10,-1,-1,SELLER,00T35@0,0,83,-1,-1,0
3894,T35,T22,83,5,9,83,-1,83,01T35@0,03T22@1,17,83,-1,-1,1
1474,OTHER,T35,83,4,10,10,-1,-1,SELLER,00T35@0,0,83,-1,-1,0
1493,T09,OTHER,83,2,59,-1,-1,-1,07T09@3,BUYER,0,-1,-1,-1,4
1480,OTHER,T35,83,3,10,10,-1,-1,SELLER,01T35@0,0,83,-1,-1,0
3901,T35,T35,83,7,14,83,-1,83,02T35@1,04T35@2,17,83,-1,-1,2
1491,T09,OTHER,83,2,59,-1,-1,-1,07T09@3,BUYER,0,-1,-1,-1,4
1468,OTHER,T35,83,3,10,10,-1,-1,SELLER,00T35@0,0,83,-1,-1,0
1472,T34,OTHER,83,5,59,10,-1,-1,06T34@3,BUYER,0,83,-1,-1,4
1490,T09,OTHER,83,1,59,-1,-1,-1,07T09@3,BUYER,0,-1,-1,-1,4
1486,OTHER,T35,83,1,10,10,-1,-1,SELLER,01T35@0,0,83,-1,-1,0
3906,T35,T22,83,5,9,83,-1,83,01T35@0,03T22@1,17,83,-1,-1,1
1492,T34,OTHER,83,1,59,-1,-1,-1,06T34@3,BUYER,0,-1,-1,-1,4
1479,OTHER,T35,83,4,10,10,-1,-1,SELLER,01T35@0,0,83,-1,-1,0
3731,T22,T35,83,5,43,78,-1,78,03T22@1,04T35@2,17,83,-1,-1,2
3815,T35,T09,83,60,24,-1,-1,80,05T35@2,07T09@3,17,-1,-1,-1,3
3825,T35,T22,83,5,9,81,-1,81,00T35@0,03T22@1,17,83,-1,-1,1
3845,T22,T35,83,5,43,-1,-1,81,03T22@1,05T35@2,17,-1,-1,-1,2
3780,T22,T35,83,5,43,79,-1,79,03T22@1,05T35@2,17,83,-1,-1,2
3603,T22,T35,83,5,41,74,-1,74,03T22@1,04T35@2,17,83,-1,-1,2
3852,T35,T22,83,5,9,82,-1,82,00T35@0,03T22@1,17,83,-1,-1,1
3860,T35,T22,83,5,10,82,-1,82,00T35@0,03T22@1,17,83,-1,-1,1
3640,T22,T35,83,5,41,75,-1,75,03T22@1,05T35@2,17,83,-1,-1,2
3449,T35,T34,83,10,20,69,-1,69,04T35@2,06T34@3,17,83,-1,-1,3
3900,T35,T22,84,5,9,83,-1,83,00T35@0,03T22@1,17,84,-1,-1,1
1507,OTHER,T35,84,5,10,11,-1,-1,SELLER,00T35@0,0,84,-1,-1,0
3940,T35,T22,84,5,9,84,-1,84,01T35@0,03T22@1,17,84,-1,-1,1
1504,OTHER,T35,84,3,10,11,-1,-1,SELLER,01T35@0,0,84,-1,-1,0
1532,T09,OTHER,84,1,59,-1,-1,-1,07T09@3,BUYER,0,-1,-1,-1,4
3818,T22,T35,84,5,43,-1,-1,80,03T22@1,04T35@2,17,-1,-1,-1,2
1530,T09,OTHER,84,2,59,-1,-1,-1,07T09@3,BUYER,0,-1,-1,-1,4
1534,T09,OTHER,84,2,59,-1,-1,-1,07T09@3,BUYER,0,-1,-1,-1,4
1514,T34,OTHER,84,4,59,11,-1,-1,06T34@3,BUYER,0,84,-1,-1,4
1515,T34,OTHER,84,1,59,11,-1,-1,06T34@3,BUYER,0,84,-1,-1,4
1531,T34,OTHER,84,3,59,-1,-1,-1,06T34@3,BUYER,0,-1,-1,-1,4
3793,T35,T35,84,7,15,80,-1,80,02T35@1,05T35@2,17,84,-1,-1,2
1516,OTHER,T35,84,2,10,11,-1,-1,SELLER,00T35@0,0,84,-1,-1,0
3697,T22,T35,84,5,41,77,-1,77,03T22@1,04T35@2,17,84,-1,-1,2
3919,T35,T09,84,60,21,-1,-1,83,05T35@2,07T09@3,17,-1,-1,-1,3
1523,OTHER,T35,84,2,10,11,-1,-1,SELLER,00T35@0,0,84,-1,-1,0
1528,T09,OTHER,84,3,59,-1,-1,-1,07T09@3,BUYER,0,-1,-1,-1,4
3391,T35,T34,84,1,21,67,-1,67,05T35@2,06T34@3,17,84,-1,-1,3
1526,T09,OTHER,84,4,59,-1,-1,-1,07T09@3,BUYER,0,-1,-1,-1,4
3762,T22,T35,84,5,43,79,-1,79,03T22@1,05T35@2,17,84,-1,-1,2
3851,T35,T22,84,5,10,82,-1,82,01T35@0,03T22@1,17,84,-1,-1,1
3383,T35,T34,84,1,21,67,-1,67,04T35@2,06T34@3,17,84,-1,-1,3
1512,OTHER,T35,84,3,10,11,-1,-1,SELLER,00T35@0,0,84,-1,-1,0
3949,T22,T35,84,23,28,-1,-1,84,03T22@1,05T35@2,2,-1,-1,-1,2
3909,T35,T22,84,5,10,83,-1,83,00T35@0,03T22@1,17,84,-1,-1,1
1524,OTHER,T35,84,2,10,11,-1,-1,SELLER,01T35@0,0,84,-1,-1,0
1509,OTHER,T35,84,3,10,11,-1,-1,SELLER,01T35@0,0,84,-1,-1,0
3846,T35,T09,84,60,24,-1,-1,81,05T35@2,07T09@3,17,-1,-1,-1,3
3487,T35,T34,84,10,20,70,-1,70,05T35@2,06T34@3,17,84,-1,-1,3
3961,T35,T22,85,8,10,85,-1,85,00T35@0,03T22@1,17,85,-1,-1,1
3965,T35,T22,85,5,9,85,-1,85,00T35@0,03T22@1,17,85,-1,-1,1
3951,T22,T35,85,5,43,-1,-1,84,03T22@1,05T35@2,17,-1,-1,-1,2
3974,T35,T22,85,8,10,85,-1,85,01T35@0,03T22@1,17,85,-1,-1,1
1539,OTHER,T35,85,3,10,12,-1,-1,SELLER,01T35@0,0,85,-1,-1,0
1568,T09,OTHER,85,2,59,-1,-1,-1,07T09@3,BUYER,0,-1,-1,-1,4
1566,T09,OTHER,85,1,59,-1,-1,-1,07T09@3,BUYER,0,-1,-1,-1,4
1541,OTHER,T35,85,2,10,12,-1,-1,SELLER,00T35@0,0,85,-1,-1,0
1542,OTHER,T35,85,2,10,12,-1,-1,SELLER,00T35@0,0,85,-1,-1,0
3984,T22,T35,85,5,43,-1,-1,85,03T22@1,05T35@2,17,-1,-1,-1,2
1548,OTHER,T35,85,3,10,12,-1,-1,SELLER,00T35@0,0,85,-1,-1,0
1559,OTHER,T35,85,1,10,12,-1,-1,SELLER,01T35@0,0,85,-1,-1,0
1558,OTHER,T35,85,4,10,12,-1,-1,SELLER,00T35@0,0,85,-1,-1,0
1557,OTHER,T35,85,2,10,12,-1,-1,SELLER,00T35@0,0,85,-1,-1,0
1556,OTHER,T35,85,2,10,12,-1,-1,SELLER,01T35@0,0,85,-1,-1,0
1551,T34,OTHER,85,3,59,12,-1,-1,06T34@3,BUYER,0,85,-1,-1,4
1554,OTHER,T35,85,1,10,12,-1,-1,SELLER,00T35@0,0,85,-1,-1,0
1553,T34,OTHER,85,1,59,12,-1,-1,06T34@3,BUYER,0,85,-1,-1,4
1572,T34,OTHER,85,3,59,-1,-1,-1,06T34@3,BUYER,0,-1,-1,-1,4
1562,T09,OTHER,85,4,59,-1,-1,-1,07T09@3,BUYER,0,-1,-1,-1,4
3823,T22,T35,85,5,43,81,-1,81,03T22@1,05T35@2,17,85,-1,-1,2
3760,T22,T35,85,5,41,79,-1,79,03T22@1,05T35@2,17,85,-1,-1,2
1569,T09,OTHER,85,4,59,-1,-1,-1,07T09@3,BUYER,0,-1,-1,-1,4
3414,T35,T34,85,1,21,68,-1,68,04T35@2,06T34@3,17,85,-1,-1,3
3420,T35,T34,85,1,21,68,-1,68,05T35@2,06T34@3,17,85,-1,-1,3
3791,T22,T35,85,5,41,80,-1,80,03T22@1,04T35@2,17,85,-1,-1,2
3857,T22,T35,85,5,43,82,-1,82,03T22@1,04T35@2,17,85,-1,-1,2
3943,T35,T22,85,5,9,84,-1,84,01T35@0,03T22@1,17,85,-1,-1,1
3676,T22,T35,85,5,41,76,-1,76,03T22@1,05T35@2,17,85,-1,-1,2
3878,T35,T09,85,60,24,-1,-1,82,04T35@2,07T09@3,17,-1,-1,-1,3
3880,T35,T09,85,60,24,-1,-1,82,05T35@2,07T09@3,17,-1,-1,-1,3
3892,T35,T22,85,5,9,83,-1,83,00T35@0,03T22@1,17,85,-1,-1,1
1571,T34,OTHER,85,2,59,-1,-1,-1,06T34@3,BUYER,0,-1,-1,-1,4
3913,T22,T35,85,5,43,-1,-1,83,03T22@1,04T35@2,17,-1,-1,-1,2
3927,T35,T22,85,5,10,84,-1,84,01T35@0,03T22@1,17,85,-1,-1,1
3821,T22,T35,86,5,43,81,-1,81,03T22@1,05T35@2,17,86,-1,-1,2
3705,T22,T35,86,5,41,77,-1,77,03T22@1,05T35@2,17,86,-1,-1,2
4006,T22,T35,86,5,43,86,-1,86,03T22@1,05T35@2,17,86,-1,-1,2
3942,T35,T22,86,5,10,84,-1,84,01T35@0,03T22@1,17,86,-1,-1,1
4009,T35,T35,86,7,14,86,-1,86,02T35@1,05T35@2,17,86,-1,-1,2
3539,T35,T34,86,10,20,72,-1,72,05T35@2,06T34@3,17,86,-1,-1,3
3930,T22,T35,86,5,43,84,-1,84,03T22@1,05T35@2,17,86,-1,-1,2
3457,T35,T34,86,1,21,69,-1,69,05T35@2,06T34@3,17,86,-1,-1,3
4011,T22,T35,86,7,14,-1,-1,86,03T22@1,04T35@2,17,-1,-1,-1,2
3968,T35,T22,86,5,9,85,-1,85,01T35@0,03T22@1,17,86,-1,-1,1
3982,T35,T09,86,60,21,-1,-1,85,05T35@2,07T09@3,17,-1,-1,-1,3
3979,T22,T35,86,5,43,-1,-1,85,03T22@1,05T35@2,17,-1,-1,-1,2
3861,T22,T35,86,5,43,82,-1,82,03T22@1,05T35@2,17,86,-1,-1,2
3866,T35,T35,86,7,15,82,-1,82,02T35@1,05T35@2,17,86,-1,-1,2
3978,T35,T09,86,60,21,-1,-1,85,04T35@2,07T09@3,17,-1,-1,-1,3
3928,T35,T22,86,5,10,84,-1,84,00T35@0,03T22@1,17,86,-1,-1,1
3921,T35,T09,86,60,24,-1,-1,83,04T35@2,07T09@3,17,-1,-1,-1,3
3682,T22,T35,86,5,41,76,-1,76,03T22@1,04T35@2,17,86,-1,-1,2
4015,T22,T35,86,7,14,-1,-1,86,03T22@1,05T35@2,17,-1,-1,-1,2
4018,T22,T35,86,16,28,-1,-1,86,03T22@1,04T35@2,2,-1,-1,-1,2
3955,T35,T22,86,5,10,85,-1,85,01T35@0,03T22@1,17,86,-1,-1,1
3997,T35,T22,86,5,10,86,-1,86,01T35@0,03T22@1,17,86,-1,-1,1
1585,OTHER,T35,86,3,10,13,-1,-1,SELLER,00T35@0,0,86,-1,-1,0
1600,OTHER,T35,86,3,10,13,-1,-1,SELLER,01T35@0,0,86,-1,-1,0
1602,T09,OTHER,86,3,59,-1,-1,-1,07T09@3,BUYER,0,-1,-1,-1,4
1597,OTHER,T35,86,4,10,13,-1,-1,SELLER,01T35@0,0,86,-1,-1,0
1592,OTHER,T35,86,3,10,13,-1,-1,SELLER,00T35@0,0,86,-1,-1,0
1603,T09,OTHER,86,1,59,-1,-1,-1,07T09@3,BUYER,0,-1,-1,-1,4
1590,OTHER,T35,86,1,10,13,-1,-1,SELLER,01T35@0,0,86,-1,-1,0
1606,T09,OTHER,86,1,59,-1,-1,-1,07T09@3,BUYER,0,-1,-1,-1,4
1589,OTHER,T35,86,1,10,13,-1,-1,SELLER,01T35@0,0,86,-1,-1,0
1582,OTHER,T35,86,2,10,13,-1,-1,SELLER,01T35@0,0,86,-1,-1,0
3998,T35,T35,86,7,14,86,-1,86,02T35@1,04T35@2,17,86,-1,-1,2
1581,OTHER,T35,86,1,10,13,-1,-1,SELLER,00T35@0,0,86,-1,-1,0
1601,T09,OTHER,86,5,59,-1,-1,-1,07T09@3,BUYER,0,-1,-1,-1,4
1578,OTHER,T35,86,2,10,13,-1,-1,SELLER,00T35@0,0,86,-1,-1,0
1576,T34,OTHER,86,2,59,13,-1,-1,06T34@3,BUYER,0,86,-1,-1,4
1574,T34,OTHER,86,2,59,13,-1,-1,06T34@3,BUYER,0,86,-1,-1,4
1607,T34,OTHER,86,3,59,-1,-1,-1,06T34@3,BUYER,0,-1,-1,-1,4
1579,T34,OTHER,86,3,59,13,-1,-1,06T34@3,BUYER,0,86,-1,-1,4
1631,OTHER,T35,87,3,10,14,-1,-1,SELLER,00T35@0,0,87,-1,-1,0
4036,T35,T22,87,5,9,87,-1,87,01T35@0,03T22@1,17,87,-1,-1,1
4045,T35,T22,87,8,10,87,-1,87,01T35@0,03T22@1,17,87,-1,-1,1
4048,T22,T35,87,7,14,-1,-1,87,03T22@1,05T35@2,17,-1,-1,-1,2
1615,OTHER,T35,87,2,10,14,-1,-1,SELLER,01T35@0,0,87,-1,-1,0
3700,T22,T35,87,5,41,77,-1,77,03T22@1,04T35@2,17,87,-1,-1,2
1649,T09,OTHER,87,3,59,-1,-1,-1,07T09@3,BUYER,0,-1,-1,-1,4
3798,T22,T35,87,5,41,80,-1,80,03T22@1,04T35@2,17,87,-1,-1,2
3945,T22,T35,87,5,43,-1,-1,84,03T22@1,04T35@2,17,-1,-1,-1,2
3904,T22,T35,87,7,15,83,-1,83,03T22@1,04T35@2,17,87,-1,-1,2
4043,T35,T35,87,7,14,87,-1,87,02T35@1,05T35@2,17,87,-1,-1,2
1647,T34,OTHER,87,5,59,-1,-1,-1,06T34@3,BUYER,0,-1,-1,-1,4
4033,T35,T22,87,8,9,87,-1,87,00T35@0,03T22@1,17,87,-1,-1,1
3948,T35,T09,87,60,24,-1,-1,84,05T35@2,07T09@3,17,-1,-1,-1,3
3944,T35,T09,87,60,24,-1,-1,84,04T35@2,07T09@3,17,-1,-1,-1,3
1632,T34,OTHER,87,3,59,14,-1,-1,06T34@3,BUYER,0,87,-1,-1,4
3877,T22,T35,87,5,41,82,-1,82,03T22@1,05T35@2,17,87,-1,-1,2
3485,T35,T34,87,1,21,70,-1,70,04T35@2,06T34@3,17,87,-1,-1,3
1635,OTHER,T35,87,3,10,14,-1,-1,SELLER,00T35@0,0,87,-1,-1,0
3993,T35,T22,87,5,10,86,-1,86,00T35@0,03T22@1,17,87,-1,-1,1
4003,T35,T22,87,5,9,86,-1,86,01T35@0,03T22@1,17,87,-1,-1,1
3842,T22,T35,87,5,41,81,-1,81,03T22@1,04T35@2,17,87,-1,-1,2
1637,T34,OTHER,87,1,59,14,-1,-1,06T34@3,BUYER,0,87,-1,-1,4
1630,OTHER,T35,87,1,10,14,-1,-1,SELLER,01T35@0,0,87,-1,-1,0
1643,T09,OTHER,87,3,59,-1,-1,-1,07T09@3,BUYER,0,-1,-1,-1,4
1625,OTHER,T35,87,5,10,14,-1,-1,SELLER,01T35@0,0,87,-1,-1,0
4017,T35,T09,87,60,21,-1,-1,86,04T35@2,07T09@3,17,-1,-1,-1,3
3737,T22,T35,87,5,41,78,-1,78,03T22@1,05T35@2,17,87,-1,-1,2
1624,OTHER,T35,87,2,10,14,-1,-1,SELLER,01T35@0,0,87,-1,-1,0
1619,OTHER,T35,87,2,10,14,-1,-1,SELLER,00T35@0,0,87,-1,-1,0
1638,OTHER,T35,87,2,10,14,-1,-1,SELLER,00T35@0,0,87,-1,-1,0
3964,T35,T22,87,5,10,85,-1,85,01T35@0,03T22@1,17,87,-1,-1,1
3912,T22,T35,87,5,43,-1,-1,83,03T22@1,04T35@2,17,-1,-1,-1,2
1645,T09,OTHER,87,5,59,-1,-1,-1,07T09@3,BUYER,0,-1,-1,-1,4
4073,T35,T35,88,7,14,88,-1,88,02T35@1,05T35@2,17,88,-1,-1,2
4076,T22,T35,88,5,43,-1,-1,88,03T22@1,05T35@2,17,-1,-1,-1,2
4071,T35,T35,88,7,14,88,-1,88,02T35@1,04T35@2,17,88,-1,-1,2
1650,OTHER,T35,88,4,10,15,-1,-1,SELLER,00T35@0,0,88,-1,-1,0
3895,T22,T35,88,5,41,83,-1,83,03T22@1,05T35@2,17,88,-1,-1,2
1651,OTHER,T35,88,4,10,15,-1,-1,SELLER,00T35@0,0,88,-1,-1,0
1653,T34,OTHER,88,3,59,15,-1,-1,06T34@3,BUYER,0,88,-1,-1,4
1654,T34,OTHER,88,3,59,15,-1,-1,06T34@3,BUYER,0,88,-1,-1,4
1656,OTHER,T35,88,5,10,15,-1,-1,SELLER,01T35@0,0,88,-1,-1,0
1657,OTHER,T35,88,5,10,15,-1,-1,SELLER,01T35@0,0,88,-1,-1,0
3525,T35,T34,88,1,21,71,-1,71,05T35@2,06T34@3,17,88,-1,-1,3
1662,OTHER,T35,88,1,10,15,-1,-1,SELLER,00T35@0,0,88,-1,-1,0
1669,T09,OTHER,88,3,59,-1,-1,-1,07T09@3,BUYER,0,-1,-1,-1,4
1673,T09,OTHER,88,3,59,-1,-1,-1,07T09@3,BUYER,0,-1,-1,-1,4
1674,T34,OTHER,88,3,59,-1,-1,-1,06T34@3,BUYER,0,-1,-1,-1,4
1676,T09,OTHER,88,3,59,-1,-1,-1,07T09@3,BUYER,0,-1,-1,-1,4
1677,T34,OTHER,88,1,59,-1,-1,-1,06T34@3,BUYER,0,-1,-1,-1,4
1678,T09,OTHER,88,1,59,-1,-1,-1,07T09@3,BUYER,0,-1,-1,-1,4
4081,T22,T35,88,7,14,-1,-1,88,03T22@1,05T35@2,17,-1,-1,-1,2
1652,OTHER,T35,88,1,10,15,-1,-1,SELLER,00T35@0,0,88,-1,-1,0
4066,T35,T22,88,5,10,88,-1,88,00T35@0,03T22@1,17,88,-1,-1,1
3515,T35,T34,88,1,21,71,-1,71,04T35@2,06T34@3,17,88,-1,-1,3
3612,T35,T34,88,10,20,74,-1,74,04T35@2,06T34@3,17,88,-1,-1,3
3991,T35,T22,88,5,10,86,-1,86,01T35@0,03T22@1,17,88,-1,-1,1
3792,T22,T35,88,5,41,80,-1,80,03T22@1,05T35@2,17,88,-1,-1,2
4007,T35,T22,88,5,10,86,-1,86,00T35@0,03T22@1,17,88,-1,-1,1
4039,T35,T22,88,5,9,87,-1,87,01T35@0,03T22@1,17,88,-1,-1,1
3950,T22,T35,88,5,43,-1,-1,84,03T22@1,05T35@2,17,-1,-1,-1,2
3602,T35,T34,88,10,20,74,-1,74,05T35@2,06T34@3,17,88,-1,-1,3
4016,T22,T35,88,5,43,-1,-1,86,03T22@1,05T35@2,17,-1,-1,-1,2
4041,T35,T22,88,5,9,87,-1,87,01T35@0,03T22@1,17,88,-1,-1,1
4070,T35,T22,89,5,10,88,-1,88,01T35@0,03T22@1,17,89,-1,-1,1
3956,T35,T35,89,7,15,85,-1,85,02T35@1,04T35@2,17,89,-1,-1,2
4100,T35,T22,89,5,9,89,-1,89,00T35@0,03T22@1,17,89,-1,-1,1
4031,T35,T22,89,5,10,87,-1,87,01T35@0,03T22@1,17,89,-1,-1,1
4019,T35,T09,89,60,24,-1,-1,86,05T35@2,07T09@3,17,-1,-1,-1,3
4107,T35,T22,89,5,9,89,-1,89,00T35@0,03T22@1,17,89,-1,-1,1
1695,OTHER,T35,89,1,10,16,-1,-1,SELLER,00T35@0,0,89,-1,-1,0
3972,T22,T35,89,7,15,85,-1,85,03T22@1,04T35@2,17,89,-1,-1,2
3827,T22,T35,89,5,41,81,-1,81,03T22@1,04T35@2,17,89,-1,-1,2
1694,OTHER,T35,89,5,10,16,-1,-1,SELLER,00T35@0,0,89,-1,-1,0
1692,OTHER,T35,89,3,10,16,-1,-1,SELLER,00T35@0,0,89,-1,-1,0
3864,T22,T35,89,5,41,82,-1,82,03T22@1,05T35@2,17,89,-1,-1,2
3980,T22,T35,89,5,43,-1,-1,85,03T22@1,04T35@2,17,-1,-1,-1,2
4014,T22,T35,89,5,43,-1,-1,86,03T22@1,05T35@2,17,-1,-1,-1,2
3554,T35,T34,89,1,21,72,-1,72,04T35@2,06T34@3,17,89,-1,-1,3
1691,OTHER,T35,89,4,10,16,-1,-1,SELLER,01T35@0,0,89,-1,-1,0
1688,OTHER,T35,89,2,10,16,-1,-1,SELLER,00T35@0,0,89,-1,-1,0
1687,T34,OTHER,89,1,59,16,-1,-1,06T34@3,BUYER,0,89,-1,-1,4
4110,T22,T35,89,7,14,-1,-1,89,03T22@1,04T35@2,17,-1,-1,-1,2
1696,T34,OTHER,89,2,59,16,-1,-1,06T34@3,BUYER,0,89,-1,-1,4
1686,OTHER,T35,89,2,10,16,-1,-1,SELLER,00T35@0,0,89,-1,-1,0
1703,OTHER,T35,89,1,10,16,-1,-1,SELLER,01T35@0,0,89,-1,-1,0
1681,T34,OTHER,89,2,59,16,-1,-1,06T34@3,BUYER,0,89,-1,-1,4
4074,T35,T22,89,5,9,88,-1,88,00T35@0,03T22@1,17,89,-1,-1,1
4058,T35,T22,89,5,9,88,-1,88,01T35@0,03T22@1,17,89,-1,-1,1
3931,T22,T35,89,5,41,84,-1,84,03T22@1,04T35@2,17,89,-1,-1,2
3647,T35,T34,89,10,20,75,-1,75,04T35@2,06T34@3,17,89,-1,-1,3
4096,T35,T35,89,7,14,89,-1,89,02T35@1,05T35@2,17,89,-1,-1,2
1710,T09,OTHER,89,1,59,-1,-1,-1,07T09@3,BUYER,0,-1,-1,-1,4
4085,T35,T09,89,60,21,-1,-1,88,04T35@2,07T09@3,17,-1,-1,-1,3
1711,T34,OTHER,89,3,59,-1,-1,-1,06T34@3,BUYER,0,-1,-1,-1,4
1709,T34,OTHER,89,3,59,-1,-1,-1,06T34@3,BUYER,0,-1,-1,-1,4
3891,T22,T35,89,5,41,83,-1,83,03T22@1,04T35@2,17,89,-1,-1,2
1704,OTHER,T35,89,2,10,16,-1,-1,SELLER,01T35@0,0,89,-1,-1,0
1708,T09,OTHER,89,7,59,-1,-1,-1,07T09@3,BUYER,0,-1,-1,-1,4
1706,T09,OTHER,89,1,59,-1,-1,-1,07T09@3,BUYER,0,-1,-1,-1,4
1724,T34,OTHER,90,2,59,17,-1,-1,06T34@3,BUYER,0,90,-1,-1,4
1714,OTHER,T35,90,3,10,17,-1,-1,SELLER,00T35@0,0,90,-1,-1,0
1741,T34,OTHER,90,4,59,-1,-1,-1,06T34@3,BUYER,0,-1,-1,-1,4
1717,OTHER,T35,90,2,10,17,-1,-1,SELLER,00T35@0,0,90,-1,-1,0
1738,T09,OTHER,90,1,59,-1,-1,-1,07T09@3,BUYER,0,-1,-1,-1,4
1743,T09,OTHER,90,3,59,-1,-1,-1,07T09@3,BUYER,0,-1,-1,-1,4
1737,T09,OTHER,90,4,59,-1,-1,-1,07T09@3,BUYER,0,-1,-1,-1,4
1745,T34,OTHER,90,2,59,-1,-1,-1,06T34@3,BUYER,0,-1,-1,-1,4
4147,T22,T35,90,7,14,-1,-1,90,03T22@1,05T35@2,17,-1,-1,-1,2
1722,T34,OTHER,90,2,59,17,-1,-1,06T34@3,BUYER,0,90,-1,-1,4
1715,OTHER,T35,90,6,10,17,-1,-1,SELLER,01T35@0,0,90,-1,-1,0
1720,OTHER,T35,90,2,10,17,-1,-1,SELLER,00T35@0,0,90,-1,-1,0
1733,OTHER,T35,90,1,10,17,-1,-1,SELLER,01T35@0,0,90,-1,-1,0
4152,T22,T35,90,5,43,-1,-1,90,03T22@1,04T35@2,17,-1,-1,-1,2
1716,OTHER,T35,90,1,10,17,-1,-1,SELLER,00T35@0,0,90,-1,-1,0
1735,T09,OTHER,90,2,59,-1,-1,-1,07T09@3,BUYER,0,-1,-1,-1,4
1729,OTHER,T35,90,1,10,17,-1,-1,SELLER,01T35@0,0,90,-1,-1,0
4154,T22,T35,90,7,14,-1,-1,90,03T22@1,04T35@2,17,-1,-1,-1,2
3807,T22,T35,90,5,41,80,-1,80,03T22@1,04T35@2,17,90,-1,-1,2
1726,OTHER,T35,90,1,10,17,-1,-1,SELLER,01T35@0,0,90,-1,-1,0
4127,T35,T22,90,8,9,90,-1,90,00T35@0,03T22@1,17,90,-1,-1,1
4098,T35,T22,90,5,9,89,-1,89,00T35@0,03T22@1,17,90,-1,-1,1
4134,T35,T35,90,7,14,90,-1,90,02T35@1,04T35@2,17,90,-1,-1,2
4075,T35,T22,90,5,10,88,-1,88,00T35@0,03T22@1,17,90,-1,-1,1
4053,T35,T09,90,60,24,-1,-1,87,04T35@2,07T09@3,17,-1,-1,-1,3
4047,T35,T09,90,60,24,-1,-1,87,05T35@2,07T09@3,17,-1,-1,-1,3
4046,T22,T35,90,5,43,-1,-1,87,03T22@1,04T35@2,17,-1,-1,-1,2
1727,OTHER,T35,90,3,10,17,-1,-1,SELLER,00T35@0,0,90,-1,-1,0
3586,T35,T34,90,1,21,73,-1,73,05T35@2,06T34@3,17,90,-1,-1,3
3585,T35,T34,90,1,21,73,-1,73,04T35@2,06T34@3,17,90,-1,-1,3
4131,T35,T22,90,8,9,90,-1,90,01T35@0,03T22@1,17,90,-1,-1,1
3999,T22,T35,90,5,43,86,-1,86,03T22@1,04T35@2,17,90,-1,-1,2
1747,OTHER,T35,91,2,10,18,-1,-1,SELLER,00T35@0,0,91,-1,-1,0
4079,T35,T09,91,60,24,-1,-1,88,05T35@2,07T09@3,17,-1,-1,-1,3
4171,T35,T22,91,8,9,91,-1,91,00T35@0,03T22@1,17,91,-1,-1,1
3701,T35,T34,91,10,20,77,-1,77,04T35@2,06T34@3,17,91,-1,-1,3
4169,T35,T22,91,8,9,91,-1,91,01T35@0,03T22@1,17,91,-1,-1,1
1746,T34,OTHER,91,3,59,18,-1,-1,06T34@3,BUYER,0,91,-1,-1,4
1779,T34,OTHER,91,1,59,-1,-1,-1,06T34@3,BUYER,0,-1,-1,-1,4
4005,T22,T35,91,5,43,86,-1,86,03T22@1,05T35@2,17,91,-1,-1,2
1777,T09,OTHER,91,1,59,-1,-1,-1,07T09@3,BUYER,0,-1,-1,-1,4
3893,T22,T35,91,5,41,83,-1,83,03T22@1,04T35@2,17,91,-1,-1,2
4040,T22,T35,91,5,43,87,-1,87,03T22@1,04T35@2,17,91,-1,-1,2
4138,T35,T22,91,5,10,90,-1,90,00T35@0,03T22@1,17,91,-1,-1,1
4160,T35,T35,91,7,14,91,-1,91,02T35@1,05T35@2,17,91,-1,-1,2
4093,T35,T22,91,5,9,89,-1,89,01T35@0,03T22@1,17,91,-1,-1,1
1760,OTHER,T35,91,2,10,18,-1,-1,SELLER,00T35@0,0,91,-1,-1,0
1756,OTHER,T35,91,1,10,18,-1,-1,SELLER,01T35@0,0,91,-1,-1,0
1748,OTHER,T35,91,3,10,18,-1,-1,SELLER,01T35@0,0,91,-1,-1,0
1767,OTHER,T35,91,2,10,18,-1,-1,SELLER,01T35@0,0,91,-1,-1,0
1769,T09,OTHER,91,3,59,-1,-1,-1,07T09@3,BUYER,0,-1,-1,-1,4
1754,OTHER,T35,91,4,10,18,-1,-1,SELLER,00T35@0,0,91,-1,-1,0
1765,T34,OTHER,91,1,59,18,-1,-1,06T34@3,BUYER,0,91,-1,-1,4
4150,T22,T35,91,5,43,-1,-1,90,03T22@1,05T35@2,17,-1,-1,-1,2
4118,T22,T35,91,5,43,-1,-1,89,03T22@1,05T35@2,17,-1,-1,-1,2
1773,T34,OTHER,91,4,59,-1,-1,-1,06T34@3,BUYER,0,-1,-1,-1,4
4139,T35,T22,91,5,9,90,-1,90,01T35@0,03T22@1,17,91,-1,-1,1
1750,OTHER,T35,91,2,10,18,-1,-1,SELLER,00T35@0,0,91,-1,-1,0
1749,OTHER,T35,91,4,10,18,-1,-1,SELLER,01T35@0,0,91,-1,-1,0
1776,T09,OTHER,91,3,59,-1,-1,-1,07T09@3,BUYER,0,-1,-1,-1,4
4097,T35,T22,91,5,10,89,-1,89,01T35@0,03T22@1,17,91,-1,-1,1
1771,T09,OTHER,91,4,59,-1,-1,-1,07T09@3,BUYER,0,-1,-1,-1,4
4129,T35,T22,91,5,10,90,-1,90,01T35@0,03T22@1,17,91,-1,-1,1
1808,T09,OTHER,92,3,59,-1,-1,-1,07T09@3,BUYER,0,-1,-1,-1,4
4199,T35,T22,92,5,9,92,-1,92,01T35@0,03T22@1,17,92,-1,-1,1
1792,OTHER,T35,92,2,10,19,-1,-1,SELLER,01T35@0,0,92,-1,-1,0
1790,OTHER,T35,92,3,10,19,-1,-1,SELLER,00T35@0,0,92,-1,-1,0
1795,OTHER,T35,92,2,10,19,-1,-1,SELLER,00T35@0,0,92,-1,-1,0
1804,T09,OTHER,92,1,59,-1,-1,-1,07T09@3,BUYER,0,-1,-1,-1,4
1803,OTHER,T35,92,1,10,19,-1,-1,SELLER,01T35@0,0,92,-1,-1,0
1786,OTHER,T35,92,2,10,19,-1,-1,SELLER,00T35@0,0,92,-1,-1,0
1805,T09,OTHER,92,4,59,-1,-1,-1,07T09@3,BUYER,0,-1,-1,-1,4
1806,T09,OTHER,92,3,59,-1,-1,-1,07T09@3,BUYER,0,-1,-1,-1,4
3728,T35,T34,92,10,20,78,-1,78,05T35@2,06T34@3,17,92,-1,-1,3
1780,OTHER,T35,92,5,10,19,-1,-1,SELLER,01T35@0,0,92,-1,-1,0
1807,T09,OTHER,92,4,59,-1,-1,-1,07T09@3,BUYER,0,-1,-1,-1,4
3735,T35,T34,92,10,20,78,-1,78,04T35@2,06T34@3,17,92,-1,-1,3
1799,T34,OTHER,92,1,59,19,-1,-1,06T34@3,BUYER,0,92,-1,-1,4
1785,OTHER,T35,92,2,10,19,-1,-1,SELLER,00T35@0,0,92,-1,-1,0
1793,OTHER,T35,92,3,10,19,-1,-1,SELLER,00T35@0,0,92,-1,-1,0
3853,T22,T35,92,5,41,82,-1,82,03T22@1,04T35@2,17,92,-1,-1,2
4196,T35,T35,92,7,14,92,-1,92,02T35@1,05T35@2,17,92,-1,-1,2
4166,T35,T22,92,5,10,91,-1,91,00T35@0,03T22@1,17,92,-1,-1,1
3645,T35,T34,92,1,21,75,-1,75,05T35@2,06T34@3,17,92,-1,-1,3
4141,T35,T22,92,5,9,90,-1,90,00T35@0,03T22@1,17,92,-1,-1,1
4027,T22,T35,92,5,43,87,-1,87,03T22@1,05T35@2,17,92,-1,-1,2
1794,T34,OTHER,92,4,59,19,-1,-1,06T34@3,BUYER,0,92,-1,-1,4
4116,T35,T09,92,60,24,-1,-1,89,05T35@2,07T09@3,17,-1,-1,-1,3
4178,T35,T22,92,5,10,91,-1,91,01T35@0,03T22@1,17,92,-1,-1,1
4072,T22,T35,92,7,15,88,-1,88,03T22@1,04T35@2,17,92,-1,-1,2
4080,T22,T35,92,5,43,-1,-1,88,03T22@1,05T35@2,17,-1,-1,-1,2
4187,T35,T09,92,60,21,-1,-1,91,05T35@2,07T09@3,17,-1,-1,-1,3
4185,T35,T09,92,60,21,-1,-1,91,04T35@2,07T09@3,17,-1,-1,-1,3
4115,T35,T09,92,60,24,-1,-1,89,04T35@2,07T09@3,17,-1,-1,-1,3
4113,T22,T35,93,5,43,-1,-1,89,03T22@1,05T35@2,17,-1,-1,-1,2
3678,T35,T34,93,1,21,76,-1,76,05T35@2,06T34@3,17,93,-1,-1,3
4030,T22,T35,93,5,41,87,-1,87,03T22@1,04T35@2,17,93,-1,-1,2
3903,T22,T35,93,5,41,83,-1,83,03T22@1,04T35@2,17,93,-1,-1,2
1818,OTHER,T35,93,1,10,20,-1,-1,SELLER,00T35@0,0,93,-1,-1,0
4235,T35,T22,93,8,10,93,-1,93,00T35@0,03T22@1,17,93,-1,-1,1
1817,T34,OTHER,93,4,59,20,-1,-1,06T34@3,BUYER,0,93,-1,-1,4
1814,OTHER,T35,93,3,10,20,-1,-1,SELLER,00T35@0,0,93,-1,-1,0
1813,OTHER,T35,93,4,10,20,-1,-1,SELLER,00T35@0,0,93,-1,-1,0
4057,T22,T35,93,5,43,88,-1,88,03T22@1,05T35@2,17,93,-1,-1,2
4088,T35,T35,93,7,15,89,-1,89,02T35@1,04T35@2,17,93,-1,-1,2
4099,T22,T35,93,7,15,89,-1,89,03T22@1,05T35@2,17,93,-1,-1,2
3958,T22,T35,93,5,41,85,-1,85,03T22@1,04T35@2,17,93,-1,-1,2
1838,T09,OTHER,93,1,59,-1,-1,-1,07T09@3,BUYER,0,-1,-1,-1,4
4220,T35,T22,93,8,10,93,-1,93,01T35@0,03T22@1,17,93,-1,-1,1
4155,T35,T09,93,60,24,-1,-1,90,04T35@2,07T09@3,17,-1,-1,-1,3
1839,T09,OTHER,93,2,59,-1,-1,-1,07T09@3,BUYER,0,-1,-1,-1,4
4197,T35,T22,93,5,10,92,-1,92,00T35@0,03T22@1,17,93,-1,-1,1
1840,T09,OTHER,93,4,59,-1,-1,-1,07T09@3,BUYER,0,-1,-1,-1,4
1841,T34,OTHER,93,3,59,-1,-1,-1,06T34@3,BUYER,0,-1,-1,-1,4
1836,T09,OTHER,93,2,59,-1,-1,-1,07T09@3,BUYER,0,-1,-1,-1,4
4202,T35,T22,93,5,9,92,-1,92,00T35@0,03T22@1,17,93,-1,-1,1
4203,T35,T22,93,5,10,92,-1,92,00T35@0,03T22@1,17,93,-1,-1,1
3668,T35,T34,93,1,21,76,-1,76,04T35@2,06T34@3,17,93,-1,-1,3
1821,OTHER,T35,93,3,10,20,-1,-1,SELLER,00T35@0,0,93,-1,-1,0
1827,OTHER,T35,93,2,10,20,-1,-1,SELLER,01T35@0,0,93,-1,-1,0
4177,T35,T22,93,5,10,91,-1,91,00T35@0,03T22@1,17,93,-1,-1,1
1826,OTHER,T35,93,1,10,20,-1,-1,SELLER,00T35@0,0,93,-1,-1,0
4176,T35,T22,93,5,10,91,-1,91,00T35@0,03T22@1,17,93,-1,-1,1
1825,OTHER,T35,93,2,10,20,-1,-1,SELLER,00T35@0,0,93,-1,-1,0
1843,T09,OTHER,93,3,59,-1,-1,-1,07T09@3,BUYER,0,-1,-1,-1,4
1824,OTHER,T35,93,2,10,20,-1,-1,SELLER,01T35@0,0,93,-1,-1,0
1822,OTHER,T35,93,2,10,20,-1,-1,SELLER,01T35@0,0,93,-1,-1,0
1844,T09,OTHER,93,1,59,-1,-1,-1,07T09@3,BUYER,0,-1,-1,-1,4
4156,T35,T09,93,60,24,-1,-1,90,05T35@2,07T09@3,17,-1,-1,-1,3
3770,T35,T34,93,10,20,79,-1,79,05T35@2,06T34@3,17,93,-1,-1,3
1875,T09,OTHER,94,2,59,-1,-1,-1,07T09@3,BUYER,0,-1,-1,-1,4
1872,T09,OTHER,94,3,59,-1,-1,-1,07T09@3,BUYER,0,-1,-1,-1,4
1871,T09,OTHER,94,2,59,-1,-1,-1,07T09@3,BUYER,0,-1,-1,-1,4
3712,T35,T34,94,1,21,77,-1,77,05T35@2,06T34@3,17,94,-1,-1,3
1869,T34,OTHER,94,5,59,-1,-1,-1,06T34@3,BUYER,0,-1,-1,-1,4
1851,OTHER,T35,94,4,10,21,-1,-1,SELLER,00T35@0,0,94,-1,-1,0
1864,OTHER,T35,94,1,10,21,-1,-1,SELLER,00T35@0,0,94,-1,-1,0
1863,OTHER,T35,94,1,10,21,-1,-1,SELLER,01T35@0,0,94,-1,-1,0
1861,OTHER,T35,94,3,10,21,-1,-1,SELLER,01T35@0,0,94,-1,-1,0
1860,OTHER,T35,94,5,10,21,-1,-1,SELLER,01T35@0,0,94,-1,-1,0
1853,OTHER,T35,94,3,10,21,-1,-1,SELLER,00T35@0,0,94,-1,-1,0
1848,T34,OTHER,94,3,59,21,-1,-1,06T34@3,BUYER,0,94,-1,-1,4
1846,OTHER,T35,94,3,10,21,-1,-1,SELLER,01T35@0,0,94,-1,-1,0
1845,T34,OTHER,94,1,59,21,-1,-1,06T34@3,BUYER,0,94,-1,-1,4
1868,T09,OTHER,94,3,59,-1,-1,-1,07T09@3,BUYER,0,-1,-1,-1,4
1854,T34,OTHER,94,1,59,21,-1,-1,06T34@3,BUYER,0,94,-1,-1,4
4193,T35,T22,94,5,10,92,-1,92,01T35@0,03T22@1,17,94,-1,-1,1
4240,T35,T22,94,5,9,93,-1,93,00T35@0,03T22@1,17,94,-1,-1,1
3934,T22,T35,94,5,41,84,-1,84,03T22@1,05T35@2,17,94,-1,-1,2
4112,T22,T35,94,5,43,-1,-1,89,03T22@1,04T35@2,17,-1,-1,-1,2
4142,T35,T35,94,7,15,90,-1,90,02T35@1,05T35@2,17,94,-1,-1,2
4224,T35,T22,94,5,10,93,-1,93,01T35@0,03T22@1,17,94,-1,-1,1
4221,T35,T22,94,5,10,93,-1,93,01T35@0,03T22@1,17,94,-1,-1,1
4210,T22,T35,94,5,43,-1,-1,92,03T22@1,05T35@2,17,-1,-1,-1,2
4252,T35,T22,94,5,9,94,-1,94,01T35@0,03T22@1,17,94,-1,-1,1
3810,T35,T34,94,11,20,80,-1,80,04T35@2,06T34@3,17,94,-1,-1,3
3801,T35,T34,94,11,20,80,-1,80,05T35@2,06T34@3,17,94,-1,-1,3
1879,OTHER,T35,95,1,10,22,-1,-1,SELLER,00T35@0,0,95,-1,-1,0
4140,T22,T35,95,5,43,90,-1,90,03T22@1,04T35@2,17,95,-1,-1,2
4183,T22,T35,95,5,43,-1,-1,91,03T22@1,05T35@2,17,-1,-1,-1,2
4103,T22,T35,95,5,41,89,-1,89,03T22@1,04T35@2,17,95,-1,-1,2
4060,T22,T35,95,5,41,88,-1,88,03T22@1,05T35@2,17,95,-1,-1,2
4309,T22,T35,95,22,13,-1,-1,95,03T22@1,05T35@2,17,-1,-1,-1,2
1876,OTHER,T35,95,1,10,22,-1,-1,SELLER,00T35@0,0,95,-1,-1,0
4159,T22,T35,95,7,15,91,-1,91,03T22@1,05T35@2,17,95,-1,-1,2
3831,T35,T34,95,11,20,81,-1,81,04T35@2,06T34@3,17,95,-1,-1,3
4264,T35,T22,95,5,10,94,-1,94,01T35@0,03T22@1,17,95,-1,-1,1
1883,OTHER,T35,95,3,10,22,-1,-1,SELLER,01T35@0,0,95,-1,-1,0
1910,T34,OTHER,95,2,59,-1,-1,-1,06T34@3,BUYER,0,-1,-1,-1,4
1908,T09,OTHER,95,2,59,-1,-1,-1,07T09@3,BUYER,0,-1,-1,-1,4
1907,T09,OTHER,95,4,59,-1,-1,-1,07T09@3,BUYER,0,-1,-1,-1,4
1904,T09,OTHER,95,3,59,-1,-1,-1,07T09@3,BUYER,0,-1,-1,-1,4
3976,T22,T35,95,5,41,85,-1,85,03T22@1,05T35@2,17,95,-1,-1,2
1901,T09,OTHER,95,2,59,-1,-1,-1,07T09@3,BUYER,0,-1,-1,-1,4
1881,T34,OTHER,95,2,59,22,-1,-1,06T34@3,BUYER,0,95,-1,-1,4
1899,T34,OTHER,95,2,59,22,-1,-1,06T34@3,BUYER,0,95,-1,-1,4
1897,OTHER,T35,95,1,10,22,-1,-1,SELLER,01T35@0,0,95,-1,-1,0
1895,T34,OTHER,95,3,59,22,-1,-1,06T34@3,BUYER,0,95,-1,-1,4
1893,OTHER,T35,95,5,10,22,-1,-1,SELLER,00T35@0,0,95,-1,-1,0
1891,OTHER,T35,95,3,10,22,-1,-1,SELLER,01T35@0,0,95,-1,-1,0
1886,OTHER,T35,95,1,10,22,-1,-1,SELLER,00T35@0,0,95,-1,-1,0
1885,OTHER,T35,95,3,10,22,-1,-1,SELLER,00T35@0,0,95,-1,-1,0
1898,OTHER,T35,95,2,10,22,-1,-1,SELLER,00T35@0,0,95,-1,-1,0
4208,T35,T09,95,60,24,-1,-1,92,04T35@2,07T09@3,17,-1,-1,-1,3
3839,T35,T34,95,11,20,81,-1,81,05T35@2,06T34@3,17,95,-1,-1,3
4288,T35,T22,95,8,9,95,-1,95,01T35@0,03T22@1,17,95,-1,-1,1
4301,T35,T35,95,7,14,95,-1,95,02T35@1,04T35@2,17,95,-1,-1,2
4217,T35,T09,95,60,24,-1,-1,92,05T35@2,07T09@3,17,-1,-1,-1,3
4260,T35,T22,95,5,9,94,-1,94,00T35@0,03T22@1,17,95,-1,-1,1
4261,T35,T22,95,5,9,94,-1,94,00T35@0,03T22@1,17,95,-1,-1,1
4231,T35,T22,95,5,10,93,-1,93,01T35@0,03T22@1,17,95,-1,-1,1
4297,T35,T22,95,8,9,95,-1,95,00T35@0,03T22@1,17,95,-1,-1,1
4276,T22,T35,95,22,13,-1,-1,94,03T22@1,04T35@2,17,-1,-1,-1,2
4273,T35,T09,95,60,21,-1,-1,94,04T35@2,07T09@3,17,-1,-1,-1,3
4278,T35,T09,95,60,21,-1,-1,94,05T35@2,07T09@3,17,-1,-1,-1,3
3874,T35,T34,96,11,20,82,-1,82,05T35@2,06T34@3,17,96,-1,-1,3
4265,T35,T22,96,5,9,94,-1,94,01T35@0,03T22@1,17,96,-1,-1,1
4296,T35,T22,96,5,9,95,-1,95,01T35@0,03T22@1,17,96,-1,-1,1
3855,T35,T34,96,11,20,82,-1,82,04T35@2,06T34@3,17,96,-1,-1,3
4245,T22,T35,96,5,43,-1,-1,93,03T22@1,05T35@2,17,-1,-1,-1,2
1937,T34,OTHER,96,4,59,-1,-1,-1,06T34@3,BUYER,0,-1,-1,-1,4
4067,T22,T35,96,5,41,88,-1,88,03T22@1,04T35@2,17,96,-1,-1,2
1939,T09,OTHER,96,2,59,-1,-1,-1,07T09@3,BUYER,0,-1,-1,-1,4
1940,T09,OTHER,96,1,59,-1,-1,-1,07T09@3,BUYER,0,-1,-1,-1,4
4246,T35,T09,96,60,24,-1,-1,93,05T35@2,07T09@3,17,-1,-1,-1,3
4286,T35,T22,96,5,10,95,-1,95,01T35@0,03T22@1,17,96,-1,-1,1
1944,T34,OTHER,96,2,59,-1,-1,-1,06T34@3,BUYER,0,-1,-1,-1,4
1934,T09,OTHER,96,5,59,-1,-1,-1,07T09@3,BUYER,0,-1,-1,-1,4
4275,T22,T35,96,5,43,-1,-1,94,03T22@1,04T35@2,17,-1,-1,-1,2
3773,T35,T34,96,1,21,79,-1,79,04T35@2,06T34@3,17,96,-1,-1,3
1923,OTHER,T35,96,5,10,23,-1,-1,SELLER,01T35@0,0,96,-1,-1,0
1922,T34,OTHER,96,1,59,23,-1,-1,06T34@3,BUYER,0,96,-1,-1,4
4308,T35,T09,96,60,21,-1,-1,95,05T35@2,07T09@3,17,-1,-1,-1,3
4212,T22,T35,96,7,15,-1,-1,92,03T22@1,05T35@2,17,-1,-1,-1,2
1918,OTHER,T35,96,3,10,23,-1,-1,SELLER,00T35@0,0,96,-1,-1,0
1916,OTHER,T35,96,1,10,23,-1,-1,SELLER,01T35@0,0,96,-1,-1,0
1925,OTHER,T35,96,3,10,23,-1,-1,SELLER,01T35@0,0,96,-1,-1,0
1926,OTHER,T35,96,2,10,23,-1,-1,SELLER,01T35@0,0,96,-1,-1,0
4247,T35,T09,96,60,24,-1,-1,93,04T35@2,07T09@3,17,-1,-1,-1,3
1927,OTHER,T35,96,4,10,23,-1,-1,SELLER,00T35@0,0,96,-1,-1,0
4340,T22,T35,96,5,43,-1,-1,96,03T22@1,04T35@2,17,-1,-1,-1,2
4324,T35,T22,96,5,10,96,-1,96,00T35@0,03T22@1,17,96,-1,-1,1
4180,T22,T35,96,5,43,-1,-1,91,03T22@1,04T35@2,17,-1,-1,-1,2
1914,OTHER,T35,96,1,10,23,-1,-1,SELLER,00T35@0,0,96,-1,-1,0
1913,T34,OTHER,96,3,59,23,-1,-1,06T34@3,BUYER,0,96,-1,-1,4
1931,OTHER,T35,96,1,10,23,-1,-1,SELLER,01T35@0,0,96,-1,-1,0
1933,T09,OTHER,96,2,59,-1,-1,-1,07T09@3,BUYER,0,-1,-1,-1,4
4173,T22,T35,96,5,41,91,-1,91,03T22@1,05T35@2,17,96,-1,-1,2
4303,T35,T35,96,22,13,-1,-1,95,02T35@1,05T35@2,17,-1,-1,-1,2
4244,T22,T35,97,5,43,-1,-1,93,03T22@1,04T35@2,17,-1,-1,-1,2
4267,T35,T35,97,22,16,94,-1,94,02T35@1,04T35@2,17,97,-1,-1,2
1952,T34,OTHER,97,7,59,24,-1,-1,06T34@3,BUYER,0,97,-1,-1,4
1953,OTHER,T35,97,3,10,24,-1,-1,SELLER,01T35@0,0,97,-1,-1,0
1954,OTHER,T35,97,5,10,24,-1,-1,SELLER,01T35@0,0,97,-1,-1,0
1957,OTHER,T35,97,1,10,24,-1,-1,SELLER,00T35@0,0,97,-1,-1,0
4364,T35,T22,97,5,9,97,-1,97,00T35@0,03T22@1,17,97,-1,-1,1
1958,OTHER,T35,97,3,10,24,-1,-1,SELLER,01T35@0,0,97,-1,-1,0
4239,T22,T35,97,7,15,93,-1,93,03T22@1,04T35@2,17,97,-1,-1,2
1972,T09,OTHER,97,2,59,-1,-1,-1,07T09@3,BUYER,0,-1,-1,-1,4
1970,T09,OTHER,97,3,59,-1,-1,-1,07T09@3,BUYER,0,-1,-1,-1,4
4335,T35,T22,97,5,9,96,-1,96,01T35@0,03T22@1,17,97,-1,-1,1
4302,T35,T22,97,5,10,95,-1,95,00T35@0,03T22@1,17,97,-1,-1,1
1974,T34,OTHER,97,1,59,-1,-1,-1,06T34@3,BUYER,0,-1,-1,-1,4
1969,T09,OTHER,97,3,59,-1,-1,-1,07T09@3,BUYER,0,-1,-1,-1,4
4345,T35,T09,97,60,21,-1,-1,96,05T35@2,07T09@3,17,-1,-1,-1,3
1965,OTHER,T35,97,1,10,24,-1,-1,SELLER,01T35@0,0,97,-1,-1,0
1964,OTHER,T35,97,6,10,24,-1,-1,SELLER,00T35@0,0,97,-1,-1,0
4352,T35,T22,97,5,9,97,-1,97,00T35@0,03T22@1,17,97,-1,-1,1
4337,T35,T09,97,60,21,-1,-1,96,04T35@2,07T09@3,17,-1,-1,-1,3
4215,T22,T35,97,5,43,-1,-1,92,03T22@1,05T35@2,17,-1,-1,-1,2
4087,T22,T35,97,5,41,89,-1,89,03T22@1,05T35@2,17,97,-1,-1,2
4295,T35,T22,97,5,9,95,-1,95,01T35@0,03T22@1,17,97,-1,-1,1
4322,T35,T22,97,5,10,96,-1,96,01T35@0,03T22@1,17,97,-1,-1,1
1975,T09,OTHER,97,2,59,-1,-1,-1,07T09@3,BUYER,0,-1,-1,-1,4
4314,T35,T22,97,5,9,96,-1,96,00T35@0,03T22@1,17,97,-1,-1,1
1979,T34,OTHER,97,1,59,-1,-1,-1,06T34@3,BUYER,0,-1,-1,-1,4
1963,OTHER,T35,97,1,10,24,-1,-1,SELLER,00T35@0,0,97,-1,-1,0
1980,T34,OTHER,97,1,59,-1,-1,-1,06T34@3,BUYER,0,-1,-1,-1,4
4238,T35,T35,97,7,15,93,-1,93,02T35@1,04T35@2,17,97,-1,-1,2
3890,T35,T34,97,11,20,83,-1,83,05T35@2,06T34@3,17,97,-1,-1,3
1994,OTHER,T35,98,4,10,25,-1,-1,SELLER,01T35@0,0,98,-1,-1,0
1997,OTHER,T35,98,2,10,25,-1,-1,SELLER,00T35@0,0,98,-1,-1,0
1995,OTHER,T35,98,1,10,25,-1,-1,SELLER,01T35@0,0,98,-1,-1,0
1989,OTHER,T35,98,2,10,25,-1,-1,SELLER,00T35@0,0,98,-1,-1,0
1988,OTHER,T35,98,2,10,25,-1,-1,SELLER,00T35@0,0,98,-1,-1,0
2010,T09,OTHER,98,4,59,-1,-1,-1,07T09@3,BUYER,0,-1,-1,-1,4
2005,T34,OTHER,98,3,59,-1,-1,-1,06T34@3,BUYER,0,-1,-1,-1,4
2000,OTHER,T35,98,5,10,25,-1,-1,SELLER,00T35@0,0,98,-1,-1,0
1990,T34,OTHER,98,2,59,25,-1,-1,06T34@3,BUYER,0,98,-1,-1,4
1983,T34,OTHER,98,2,59,25,-1,-1,06T34@3,BUYER,0,98,-1,-1,4
1986,OTHER,T35,98,2,10,25,-1,-1,SELLER,01T35@0,0,98,-1,-1,0
2007,T09,OTHER,98,2,59,-1,-1,-1,07T09@3,BUYER,0,-1,-1,-1,4
2003,T09,OTHER,98,2,59,-1,-1,-1,07T09@3,BUYER,0,-1,-1,-1,4
2004,T34,OTHER,98,3,59,-1,-1,-1,06T34@3,BUYER,0,-1,-1,-1,4
2011,T34,OTHER,98,2,59,-1,-1,-1,06T34@3,BUYER,0,-1,-1,-1,4
4410,T22,T35,98,5,43,-1,-1,98,03T22@1,05T35@2,17,-1,-1,-1,2
1998,OTHER,T35,98,2,10,25,-1,-1,SELLER,00T35@0,0,98,-1,-1,0
3935,T35,T34,98,11,20,84,-1,84,05T35@2,06T34@3,17,98,-1,-1,3
4402,T22,T35,98,7,14,-1,-1,98,03T22@1,04T35@2,17,-1,-1,-1,2
4398,T35,T22,98,8,9,98,-1,98,00T35@0,03T22@1,17,98,-1,-1,1
4306,T35,T09,98,60,24,-1,-1,95,04T35@2,07T09@3,17,-1,-1,-1,3
4144,T22,T35,98,5,41,90,-1,90,03T22@1,04T35@2,17,98,-1,-1,2
4385,T35,T22,98,8,9,98,-1,98,01T35@0,03T22@1,17,98,-1,-1,1
4342,T22,T35,98,5,43,-1,-1,96,03T22@1,04T35@2,17,-1,-1,-1,2
4332,T35,T22,98,5,9,96,-1,96,00T35@0,03T22@1,17,98,-1,-1,1
4358,T35,T22,98,5,9,97,-1,97,00T35@0,03T22@1,17,98,-1,-1,1
4311,T22,T35,98,5,43,-1,-1,95,03T22@1,05T35@2,17,-1,-1,-1,2
4378,T35,T35,98,22,13,-1,-1,97,02T35@1,04T35@2,17,-1,-1,-1,2
4355,T35,T22,98,5,9,97,-1,97,00T35@0,03T22@1,17,98,-1,-1,1
4375,T22,T35,98,5,43,-1,-1,97,03T22@1,05T35@2,17,-1,-1,-1,2
4321,T35,T35,99,22,16,96,-1,96,02T35@1,05T35@2,17,99,-1,-1,2
2031,OTHER,T35,99,1,10,26,-1,-1,SELLER,00T35@0,0,99,-1,-1,0
4339,T22,T35,99,22,16,-1,-1,96,03T22@1,05T35@2,17,-1,-1,-1,2
2029,OTHER,T35,99,1,10,26,-1,-1,SELLER,00T35@0,0,99,-1,-1,0
4281,T22,T35,99,5,43,-1,-1,94,03T22@1,05T35@2,17,-1,-1,-1,2
3907,T35,T34,99,11,25,83,-1,83,04T35@2,06T34@3,17,99,-1,-1,3
2027,OTHER,T35,99,2,10,26,-1,-1,SELLER,01T35@0,0,99,-1,-1,0
2021,OTHER,T35,99,1,10,26,-1,-1,SELLER,00T35@0,0,99,-1,-1,0
2018,OTHER,T35,99,2,10,26,-1,-1,SELLER,00T35@0,0,99,-1,-1,0
4237,T22,T35,99,5,41,93,-1,93,03T22@1,05T35@2,17,99,-1,-1,2
2015,T34,OTHER,99,2,59,26,-1,-1,06T34@3,BUYER,0,99,-1,-1,4
2013,OTHER,T35,99,2,10,26,-1,-1,SELLER,01T35@0,0,99,-1,-1,0
2012,T34,OTHER,99,4,59,26,-1,-1,06T34@3,BUYER,0,99,-1,-1,4
4179,T22,T35,99,5,41,91,-1,91,03T22@1,05T35@2,17,99,-1,-1,2
4143,T22,T35,99,5,41,90,-1,90,03T22@1,04T35@2,17,99,-1,-1,2
4257,T22,T35,99,5,41,94,-1,94,03T22@1,05T35@2,17,99,-1,-1,2
2020,OTHER,T35,99,3,10,26,-1,-1,SELLER,01T35@0,0,99,-1,-1,0
2033,OTHER,T35,99,5,10,26,-1,-1,SELLER,00T35@0,0,99,-1,-1,0
2035,T09,OTHER,99,3,59,-1,-1,-1,07T09@3,BUYER,0,-1,-1,-1,4
4381,T35,T22,99,5,10,98,-1,98,01T35@0,03T22@1,17,99,-1,-1,1
4424,T35,T22,99,5,9,99,-1,99,00T35@0,03T22@1,17,99,-1,-1,1
4374,T22,T35,99,5,43,-1,-1,97,03T22@1,05T35@2,17,-1,-1,-1,2
2032,OTHER,T35,99,3,10,26,-1,-1,SELLER,00T35@0,0,99,-1,-1,0
4426,T35,T35,99,7,14,99,-1,99,02T35@1,04T35@2,17,99,-1,-1,2
4389,T35,T22,99,5,10,98,-1,98,00T35@0,03T22@1,17,99,-1,-1,1
4417,T35,T22,99,5,9,99,-1,99,00T35@0,03T22@1,17,99,-1,-1,1
2046,T09,OTHER,99,4,59,-1,-1,-1,07T09@3,BUYER,0,-1,-1,-1,4
2044,T09,OTHER,99,1,59,-1,-1,-1,07T09@3,BUYER,0,-1,-1,-1,4
4438,T22,T35,99,5,43,-1,-1,99,03T22@1,04T35@2,17,-1,-1,-1,2
4439,T22,T35,99,16,28,-1,-1,99,03T22@1,05T35@2,2,-1,-1,-1,2
2040,T09,OTHER,99,2,59,-1,-1,-1,07T09@3,BUYER,0,-1,-1,-1,4
2037,T34,OTHER,99,3,59,-1,-1,-1,06T34@3,BUYER,0,-1,-1,-1,4
4350,T35,T22,99,5,10,97,-1,97,00T35@0,03T22@1,17,99,-1,-1,1
2045,T34,OTHER,99,1,59,-1,-1,-1,06T34@3,BUYER,0,-1,-1,-1,4
2057,OTHER,T35,100,2,10,27,-1,-1,SELLER,01T35@0,0,100,-1,-1,0
2073,T09,OTHER,100,3,59,-1,-1,-1,07T09@3,BUYER,0,-1,-1,-1,4
2072,T09,OTHER,100,1,59,-1,-1,-1,07T09@3,BUYER,0,-1,-1,-1,4
2067,OTHER,T35,100,4,10,27,-1,-1,SELLER,01T35@0,0,100,-1,-1,0
2053,OTHER,T35,100,3,10,27,-1,-1,SELLER,00T35@0,0,100,-1,-1,0
2056,T34,OTHER,100,4,59,27,-1,-1,06T34@3,BUYER,0,100,-1,-1,4
2055,OTHER,T35,100,3,10,27,-1,-1,SELLER,00T35@0,0,100,-1,-1,0
2050,OTHER,T35,100,3,10,27,-1,-1,SELLER,00T35@0,0,100,-1,-1,0
2047,OTHER,T35,100,1,10,27,-1,-1,SELLER,00T35@0,0,100,-1,-1,0
2064,OTHER,T35,100,2,10,27,-1,-1,SELLER,01T35@0,0,100,-1,-1,0
4008,T35,T34,100,11,20,86,-1,86,04T35@2,06T34@3,17,100,-1,-1,3
2077,T09,OTHER,100,3,59,-1,-1,-1,07T09@3,BUYER,0,-1,-1,-1,4
2063,OTHER,T35,100,1,10,27,-1,-1,SELLER,00T35@0,0,100,-1,-1,0
2078,T34,OTHER,100,5,59,-1,-1,-1,06T34@3,BUYER,0,-1,-1,-1,4
4393,T35,T22,100,5,9,98,-1,98,01T35@0,03T22@1,17,100,-1,-1,1
4380,T35,T22,100,5,10,98,-1,98,00T35@0,03T22@1,17,100,-1,-1,1
4423,T35,T22,100,5,9,99,-1,99,01T35@0,03T22@1,17,100,-1,-1,1
4371,T35,T09,100,60,24,-1,-1,97,04T35@2,07T09@3,17,-1,-1,-1,3
4429,T35,T22,100,5,9,99,-1,99,01T35@0,03T22@1,17,100,-1,-1,1
4368,T22,T35,100,22,16,-1,-1,97,03T22@1,04T35@2,17,-1,-1,-1,2
4367,T35,T09,100,60,24,-1,-1,97,05T35@2,07T09@3,17,-1,-1,-1,3
4440,T35,T09,100,60,21,-1,-1,99,05T35@2,07T09@3,17,-1,-1,-1,3
4442,T35,T09,100,60,21,-1,-1,99,04T35@2,07T09@3,17,-1,-1,-1,3
3939,T35,T34,100,11,25,84,-1,84,04T35@2,06T34@3,17,100,-1,-1,3
4336,T22,T35,100,7,15,96,-1,96,03T22@1,04T35@2,17,100,-1,-1,2
4329,T35,T35,100,7,15,96,-1,96,02T35@1,04T35@2,17,100,-1,-1,2
4346,T22,T35,100,5,43,-1,-1,96,03T22@1,05T35@2,17,-1,-1,-1,2
4459,T35,T22,100,5,9,100,-1,100,00T35@0,03T22@1,17,100,-1,-1,1
2079,T34,OTHER,100,1,59,-1,-1,-1,06T34@3,BUYER,0,-1,-1,-1,4
2080,T09,OTHER,100,3,59,-1,-1,-1,07T09@3,BUYER,0,-1,-1,-1,4
2059,OTHER,T35,100,1,10,27,-1,-1,SELLER,01T35@0,0,100,-1,-1,0
4201,T22,T35,100,5,41,92,-1,92,03T22@1,04T35@2,17,100,-1,-1,2
2081,T34,OTHER,101,3,59,28,-1,-1,06T34@3,BUYER,0,101,-1,-1,4
2103,T09,OTHER,101,3,59,-1,-1,-1,07T09@3,BUYER,0,-1,-1,-1,4
2084,OTHER,T35,101,3,10,28,-1,-1,SELLER,00T35@0,0,101,-1,-1,0
2085,OTHER,T35,101,4,10,28,-1,-1,SELLER,00T35@0,0,101,-1,-1,0
2087,OTHER,T35,101,2,10,28,-1,-1,SELLER,00T35@0,0,101,-1,-1,0
2102,T09,OTHER,101,1,59,-1,-1,-1,07T09@3,BUYER,0,-1,-1,-1,4
2101,T09,OTHER,101,4,59,-1,-1,-1,07T09@3,BUYER,0,-1,-1,-1,4
2092,T34,OTHER,101,3,59,28,-1,-1,06T34@3,BUYER,0,101,-1,-1,4
2100,OTHER,T35,101,4,10,28,-1,-1,SELLER,01T35@0,0,101,-1,-1,0
2093,OTHER,T35,101,3,10,28,-1,-1,SELLER,01T35@0,0,101,-1,-1,0
2094,OTHER,T35,101,2,10,28,-1,-1,SELLER,00T35@0,0,101,-1,-1,0
2088,OTHER,T35,101,2,10,28,-1,-1,SELLER,00T35@0,0,101,-1,-1,0
4406,T35,T09,101,60,24,-1,-1,98,04T35@2,07T09@3,17,-1,-1,-1,3
3971,T35,T34,101,11,25,85,-1,85,04T35@2,06T34@3,17,101,-1,-1,3
4425,T35,T22,101,5,9,99,-1,99,01T35@0,03T22@1,17,101,-1,-1,1
4366,T22,T35,101,5,43,-1,-1,97,03T22@1,04T35@2,17,-1,-1,-1,2
4351,T35,T35,101,7,15,97,-1,97,02T35@1,05T35@2,17,101,-1,-1,2
4452,T35,T22,101,5,9,100,-1,100,01T35@0,03T22@1,17,101,-1,-1,1
4293,T22,T35,101,5,41,95,-1,95,03T22@1,04T35@2,17,101,-1,-1,2
4460,T35,T22,101,5,10,100,-1,100,00T35@0,03T22@1,17,101,-1,-1,1
2109,T34,OTHER,101,2,59,-1,-1,-1,06T34@3,BUYER,0,-1,-1,-1,4
4465,T35,T22,101,5,9,100,-1,100,01T35@0,03T22@1,17,101,-1,-1,1
4501,T22,T35,101,5,43,-1,-1,101,03T22@1,05T35@2,17,-1,-1,-1,2
4467,T35,T35,101,22,13,-1,-1,100,02T35@1,05T35@2,17,-1,-1,-1,2
4191,T22,T35,101,5,41,92,-1,92,03T22@1,05T35@2,17,101,-1,-1,2
4472,T22,T35,101,5,43,-1,-1,100,03T22@1,05T35@2,17,-1,-1,-1,2
4480,T35,T22,101,5,9,101,-1,101,01T35@0,03T22@1,17,101,-1,-1,1
4409,T35,T09,101,60,24,-1,-1,98,05T35@2,07T09@3,17,-1,-1,-1,3
4482,T35,T22,101,8,9,101,-1,101,00T35@0,03T22@1,17,101,-1,-1,1
4483,T35,T22,101,8,10,101,-1,101,01T35@0,03T22@1,17,101,-1,-1,1
4037,T35,T34,101,11,20,87,-1,87,05T35@2,06T34@3,17,101,-1,-1,3
3967,T35,T34,101,11,25,85,-1,85,05T35@2,06T34@3,17,101,-1,-1,3
4469,T35,T09,101,60,21,-1,-1,100,04T35@2,07T09@3,17,-1,-1,-1,3
2110,T34,OTHER,101,2,59,-1,-1,-1,06T34@3,BUYER,0,-1,-1,-1,4
2108,T09,OTHER,101,2,59,-1,-1,-1,07T09@3,BUYER,0,-1,-1,-1,4
4408,T22,T35,102,5,43,-1,-1,98,03T22@1,05T35@2,17,-1,-1,-1,2
2111,OTHER,T35,102,3,10,29,-1,-1,SELLER,00T35@0,0,102,-1,-1,0
2117,T34,OTHER,102,3,59,29,-1,-1,06T34@3,BUYER,0,102,-1,-1,4
2118,OTHER,T35,102,2,10,29,-1,-1,SELLER,01T35@0,0,102,-1,-1,0
2121,OTHER,T35,102,4,10,29,-1,-1,SELLER,01T35@0,0,102,-1,-1,0
2125,OTHER,T35,102,2,10,29,-1,-1,SELLER,01T35@0,0,102,-1,-1,0
2127,OTHER,T35,102,1,10,29,-1,-1,SELLER,01T35@0,0,102,-1,-1,0
2129,OTHER,T35,102,3,10,29,-1,-1,SELLER,00T35@0,0,102,-1,-1,0
2133,OTHER,T35,102,3,10,29,-1,-1,SELLER,01T35@0,0,102,-1,-1,0
2134,OTHER,T35,102,2,10,29,-1,-1,SELLER,00T35@0,0,102,-1,-1,0
2135,T34,OTHER,102,5,59,-1,-1,-1,06T34@3,BUYER,0,-1,-1,-1,4
2136,T09,OTHER,102,4,59,-1,-1,-1,07T09@3,BUYER,0,-1,-1,-1,4
2140,T09,OTHER,102,2,59,-1,-1,-1,07T09@3,BUYER,0,-1,-1,-1,4
2141,T09,OTHER,102,3,59,-1,-1,-1,07T09@3,BUYER,0,-1,-1,-1,4
2144,T09,OTHER,102,2,59,-1,-1,-1,07T09@3,BUYER,0,-1,-1,-1,4
4269,T22,T35,102,5,41,94,-1,94,03T22@1,04T35@2,17,102,-1,-1,2
4055,T35,T34,102,11,20,88,-1,88,04T35@2,06T34@3,17,102,-1,-1,3
4010,T35,T34,102,11,25,86,-1,86,05T35@2,06T34@3,17,102,-1,-1,3
2112,T34,OTHER,102,1,59,29,-1,-1,06T34@3,BUYER,0,102,-1,-1,4
4061,T35,T34,102,11,20,88,-1,88,05T35@2,06T34@3,17,102,-1,-1,3
4479,T22,T35,102,5,43,-1,-1,100,03T22@1,05T35@2,17,-1,-1,-1,2
4463,T35,T22,102,5,9,100,-1,100,01T35@0,03T22@1,17,102,-1,-1,1
4400,T35,T35,102,7,15,98,-1,98,02T35@1,04T35@2,17,102,-1,-1,2
4491,T35,T22,102,5,9,101,-1,101,01T35@0,03T22@1,17,102,-1,-1,1
4513,T35,T22,102,5,9,102,-1,102,01T35@0,03T22@1,17,102,-1,-1,1
4488,T35,T22,102,5,9,101,-1,101,01T35@0,03T22@1,17,102,-1,-1,1
4414,T22,T35,103,7,15,99,-1,99,03T22@1,04T35@2,17,103,-1,-1,2
4474,T35,T09,103,60,24,-1,-1,100,05T35@2,07T09@3,17,-1,-1,-1,3
2153,OTHER,T35,103,2,10,30,-1,-1,SELLER,01T35@0,0,103,-1,-1,0
2150,OTHER,T35,103,3,10,30,-1,-1,SELLER,00T35@0,0,103,-1,-1,0
2148,T34,OTHER,103,2,59,30,-1,-1,06T34@3,BUYER,0,103,-1,-1,4
2147,OTHER,T35,103,2,10,30,-1,-1,SELLER,01T35@0,0,103,-1,-1,0
2146,T34,OTHER,103,3,59,30,-1,-1,06T34@3,BUYER,0,103,-1,-1,4
2145,OTHER,T35,103,2,10,30,-1,-1,SELLER,01T35@0,0,103,-1,-1,0
4514,T35,T22,103,5,10,102,-1,102,00T35@0,03T22@1,17,103,-1,-1,1
4475,T22,T35,103,5,43,-1,-1,100,03T22@1,05T35@2,17,-1,-1,-1,2
4481,T35,T22,103,5,10,101,-1,101,01T35@0,03T22@1,17,103,-1,-1,1
4412,T35,T35,103,7,15,99,-1,99,02T35@1,05T35@2,17,103,-1,-1,2
2154,OTHER,T35,103,5,10,30,-1,-1,SELLER,00T35@0,0,103,-1,-1,0
4534,T35,T22,103,5,10,103,-1,103,01T35@0,03T22@1,17,103,-1,-1,1
4504,T35,T22,103,5,9,102,-1,102,01T35@0,03T22@1,17,103,-1,-1,1
4433,T22,T35,103,7,15,99,-1,99,03T22@1,05T35@2,17,103,-1,-1,2
4512,T35,T22,103,5,9,102,-1,102,00T35@0,03T22@1,17,103,-1,-1,1
4035,T35,T34,103,11,25,87,-1,87,04T35@2,06T34@3,17,103,-1,-1,3
2159,T34,OTHER,103,1,59,30,-1,-1,06T34@3,BUYER,0,103,-1,-1,4
4092,T35,T34,103,11,20,89,-1,89,04T35@2,06T34@3,17,103,-1,-1,3
4471,T22,T35,103,22,16,-1,-1,100,03T22@1,05T35@2,17,-1,-1,-1,2
4227,T22,T35,103,5,41,93,-1,93,03T22@1,05T35@2,17,103,-1,-1,2
2177,T09,OTHER,103,2,59,-1,-1,-1,07T09@3,BUYER,0,-1,-1,-1,4
2176,T34,OTHER,103,3,59,-1,-1,-1,06T34@3,BUYER,0,-1,-1,-1,4
2160,OTHER,T35,103,2,10,30,-1,-1,SELLER,00T35@0,0,103,-1,-1,0
2174,T09,OTHER,103,3,59,-1,-1,-1,07T09@3,BUYER,0,-1,-1,-1,4
4094,T35,T34,103,11,20,89,-1,89,05T35@2,06T34@3,17,103,-1,-1,3
4251,T22,T35,103,5,41,94,-1,94,03T22@1,05T35@2,17,103,-1,-1,2
2170,T34,OTHER,103,2,59,-1,-1,-1,06T34@3,BUYER,0,-1,-1,-1,4
2165,OTHER,T35,103,4,10,30,-1,-1,SELLER,01T35@0,0,103,-1,-1,0
2173,T09,OTHER,103,4,59,-1,-1,-1,07T09@3,BUYER,0,-1,-1,-1,4
2198,T34,OTHER,104,1,59,31,-1,-1,06T34@3,BUYER,0,104,-1,-1,4
4462,T35,T35,104,7,15,100,-1,100,02T35@1,04T35@2,17,104,-1,-1,2
2186,OTHER,T35,104,4,10,31,-1,-1,SELLER,00T35@0,0,104,-1,-1,0
4563,T35,T22,104,5,9,104,-1,104,00T35@0,03T22@1,17,104,-1,-1,1
2189,OTHER,T35,104,2,10,31,-1,-1,SELLER,00T35@0,0,104,-1,-1,0
2210,T34,OTHER,104,4,59,-1,-1,-1,06T34@3,BUYER,0,-1,-1,-1,4
4388,T22,T35,104,5,41,98,-1,98,03T22@1,05T35@2,17,104,-1,-1,2
4495,T35,T09,104,60,24,-1,-1,101,04T35@2,07T09@3,17,-1,-1,-1,3
4497,T35,T09,104,60,24,-1,-1,101,05T35@2,07T09@3,17,-1,-1,-1,3
2193,OTHER,T35,104,1,10,31,-1,-1,SELLER,00T35@0,0,104,-1,-1,0
4529,T35,T22,104,5,9,103,-1,103,01T35@0,03T22@1,17,104,-1,-1,1
2208,T09,OTHER,104,3,59,-1,-1,-1,07T09@3,BUYER,0,-1,-1,-1,4
2206,T09,OTHER,104,5,59,-1,-1,-1,07T09@3,BUYER,0,-1,-1,-1,4
2204,T09,OTHER,104,1,59,-1,-1,-1,07T09@3,BUYER,0,-1,-1,-1,4
4541,T35,T35,104,22,13,-1,-1,103,02T35@1,05T35@2,17,-1,-1,-1,2
2185,OTHER,T35,104,2,10,31,-1,-1,SELLER,00T35@0,0,104,-1,-1,0
4539,T22,T35,104,5,43,-1,-1,103,03T22@1,04T35@2,17,-1,-1,-1,2
4515,T35,T22,104,5,10,102,-1,102,01T35@0,03T22@1,17,104,-1,-1,1
4519,T22,T35,104,5,43,-1,-1,102,03T22@1,04T35@2,17,-1,-1,-1,2
2194,OTHER,T35,104,3,10,31,-1,-1,SELLER,00T35@0,0,104,-1,-1,0
4536,T35,T22,104,5,10,103,-1,103,01T35@0,03T22@1,17,104,-1,-1,1
2199,OTHER,T35,104,3,10,31,-1,-1,SELLER,01T35@0,0,104,-1,-1,0
4550,T22,T35,104,22,13,-1,-1,103,03T22@1,04T35@2,17,-1,-1,-1,2
2182,T34,OTHER,104,3,59,31,-1,-1,06T34@3,BUYER,0,104,-1,-1,4
4558,T35,T22,104,5,9,104,-1,104,00T35@0,03T22@1,17,104,-1,-1,1
4527,T35,T22,104,5,10,103,-1,103,01T35@0,03T22@1,17,104,-1,-1,1
4328,T22,T35,104,5,41,96,-1,96,03T22@1,04T35@2,17,104,-1,-1,2
2179,OTHER,T35,104,3,10,31,-1,-1,SELLER,01T35@0,0,104,-1,-1,0
2180,OTHER,T35,104,2,10,31,-1,-1,SELLER,01T35@0,0,104,-1,-1,0
2212,T34,OTHER,104,2,59,-1,-1,-1,06T34@3,BUYER,0,-1,-1,-1,4
2213,T09,OTHER,104,1,59,-1,-1,-1,07T09@3,BUYER,0,-1,-1,-1,4
4290,T22,T35,104,5,41,95,-1,95,03T22@1,04T35@2,17,104,-1,-1,2
4572,T22,T35,104,5,43,-1,-1,104,03T22@1,04T35@2,17,-1,-1,-1,2
4130,T35,T34,104,11,20,90,-1,90,04T35@2,06T34@3,17,104,-1,-1,3
2241,T09,OTHER,105,2,59,-1,-1,-1,07T09@3,BUYER,0,-1,-1,-1,4
2231,OTHER,T35,105,2,10,32,-1,-1,SELLER,00T35@0,0,105,-1,-1,0
4520,T35,T09,105,60,24,-1,-1,102,04T35@2,07T09@3,17,-1,-1,-1,3
4524,T22,T35,105,5,43,-1,-1,102,03T22@1,05T35@2,17,-1,-1,-1,2
2234,OTHER,T35,105,4,10,32,-1,-1,SELLER,01T35@0,0,105,-1,-1,0
4543,T22,T35,105,5,43,-1,-1,103,03T22@1,04T35@2,17,-1,-1,-1,2
2236,OTHER,T35,105,1,10,32,-1,-1,SELLER,01T35@0,0,105,-1,-1,0
4174,T35,T34,105,11,20,91,-1,91,04T35@2,06T34@3,17,105,-1,-1,3
2228,OTHER,T35,105,3,10,32,-1,-1,SELLER,00T35@0,0,105,-1,-1,0
4573,T22,T35,105,5,43,-1,-1,104,03T22@1,04T35@2,17,-1,-1,-1,2
2246,T09,OTHER,105,4,59,-1,-1,-1,07T09@3,BUYER,0,-1,-1,-1,4
4551,T35,T22,105,5,9,104,-1,104,01T35@0,03T22@1,17,105,-1,-1,1
2225,OTHER,T35,105,2,10,32,-1,-1,SELLER,01T35@0,0,105,-1,-1,0
4168,T35,T34,105,11,20,91,-1,91,05T35@2,06T34@3,17,105,-1,-1,3
4354,T22,T35,105,5,41,97,-1,97,03T22@1,05T35@2,17,105,-1,-1,2
4580,T35,T22,105,5,9,105,-1,105,00T35@0,03T22@1,17,105,-1,-1,1
4576,T35,T09,105,60,21,-1,-1,104,04T35@2,07T09@3,17,-1,-1,-1,3
4589,T22,T35,105,5,43,-1,-1,105,03T22@1,05T35@2,17,-1,-1,-1,2
2214,T34,OTHER,105,1,59,32,-1,-1,06T34@3,BUYER,0,105,-1,-1,4
4525,T35,T09,105,60,24,-1,-1,102,05T35@2,07T09@3,17,-1,-1,-1,3
2218,OTHER,T35,105,3,10,32,-1,-1,SELLER,00T35@0,0,105,-1,-1,0
2224,OTHER,T35,105,3,10,32,-1,-1,SELLER,01T35@0,0,105,-1,-1,0
2242,T34,OTHER,105,4,59,-1,-1,-1,06T34@3,BUYER,0,-1,-1,-1,4
2238,T09,OTHER,105,4,59,-1,-1,-1,07T09@3,BUYER,0,-1,-1,-1,4
4466,T22,T35,105,5,43,-1,-1,100,03T22@1,04T35@2,17,-1,-1,-1,2
4283,T22,T35,105,5,41,95,-1,95,03T22@1,05T35@2,17,105,-1,-1,2
4531,T35,T22,105,5,10,103,-1,103,01T35@0,03T22@1,17,105,-1,-1,1
2221,T34,OTHER,105,2,59,32,-1,-1,06T34@3,BUYER,0,105,-1,-1,4
2233,OTHER,T35,105,1,10,32,-1,-1,SELLER,01T35@0,0,105,-1,-1,0
2220,OTHER,T35,105,1,10,32,-1,-1,SELLER,00T35@0,0,105,-1,-1,0
2243,T34,OTHER,105,3,59,-1,-1,-1,06T34@3,BUYER,0,-1,-1,-1,4
2281,T09,OTHER,106,3,59,-1,-1,-1,07T09@3,BUYER,0,-1,-1,-1,4
2265,OTHER,T35,106,4,10,33,-1,-1,SELLER,00T35@0,0,106,-1,-1,0
4128,T35,T34,106,11,25,90,-1,90,05T35@2,06T34@3,17,106,-1,-1,3
2264,OTHER,T35,106,4,10,33,-1,-1,SELLER,01T35@0,0,106,-1,-1,0
2263,OTHER,T35,106,2,10,33,-1,-1,SELLER,01T35@0,0,106,-1,-1,0
2257,T34,OTHER,106,4,59,33,-1,-1,06T34@3,BUYER,0,106,-1,-1,4
2268,OTHER,T35,106,3,10,33,-1,-1,SELLER,01T35@0,0,106,-1,-1,0
2272,T09,OTHER,106,3,59,-1,-1,-1,07T09@3,BUYER,0,-1,-1,-1,4
4499,T22,T35,106,5,43,-1,-1,101,03T22@1,05T35@2,17,-1,-1,-1,2
2280,T34,OTHER,106,2,59,-1,-1,-1,06T34@3,BUYER,0,-1,-1,-1,4
2252,OTHER,T35,106,1,10,33,-1,-1,SELLER,00T35@0,0,106,-1,-1,0
4607,T22,T35,106,7,14,-1,-1,106,03T22@1,04T35@2,17,-1,-1,-1,2
2273,T09,OTHER,106,1,59,-1,-1,-1,07T09@3,BUYER,0,-1,-1,-1,4
2275,T09,OTHER,106,2,59,-1,-1,-1,07T09@3,BUYER,0,-1,-1,-1,4
2249,T34,OTHER,106,3,59,33,-1,-1,06T34@3,BUYER,0,106,-1,-1,4
2279,T09,OTHER,106,2,59,-1,-1,-1,07T09@3,BUYER,0,-1,-1,-1,4
2248,OTHER,T35,106,3,10,33,-1,-1,SELLER,00T35@0,0,106,-1,-1,0
2251,OTHER,T35,106,2,10,33,-1,-1,SELLER,00T35@0,0,106,-1,-1,0
2250,OTHER,T35,106,1,10,33,-1,-1,SELLER,01T35@0,0,106,-1,-1,0
4590,T35,T09,106,60,21,-1,-1,105,04T35@2,07T09@3,17,-1,-1,-1,3
4205,T35,T34,106,11,20,92,-1,92,04T35@2,06T34@3,17,106,-1,-1,3
4566,T22,T35,106,5,43,-1,-1,104,03T22@1,04T35@2,17,-1,-1,-1,2
4190,T35,T34,106,11,20,92,-1,92,05T35@2,06T34@3,17,106,-1,-1,3
4546,T35,T09,106,60,24,-1,-1,103,04T35@2,07T09@3,17,-1,-1,-1,3
4555,T35,T22,106,5,10,104,-1,104,00T35@0,03T22@1,17,106,-1,-1,1
4560,T35,T22,106,5,9,104,-1,104,00T35@0,03T22@1,17,106,-1,-1,1
4581,T35,T22,106,5,9,105,-1,105,00T35@0,03T22@1,17,106,-1,-1,1
4331,T22,T35,106,5,41,96,-1,96,03T22@1,05T35@2,17,106,-1,-1,2
4544,T35,T09,106,60,24,-1,-1,103,05T35@2,07T09@3,17,-1,-1,-1,3
4583,T35,T22,106,5,9,105,-1,105,01T35@0,03T22@1,17,106,-1,-1,1
4596,T35,T22,106,5,10,106,-1,106,01T35@0,03T22@1,17,106,-1,-1,1
4538,T22,T35,106,5,43,-1,-1,103,03T22@1,04T35@2,17,-1,-1,-1,2
4413,T22,T35,106,5,41,99,-1,99,03T22@1,04T35@2,17,106,-1,-1,2
4586,T35,T22,106,5,10,105,-1,105,01T35@0,03T22@1,17,106,-1,-1,1
4530,T35,T35,106,22,16,103,-1,103,02T35@1,04T35@2,17,106,-1,-1,2
4591,T35,T09,106,60,21,-1,-1,105,05T35@2,07T09@3,17,-1,-1,-1,3
4382,T22,T35,106,5,41,98,-1,98,03T22@1,04T35@2,17,106,-1,-1,2
4594,T35,T35,106,7,14,106,-1,106,02T35@1,04T35@2,17,106,-1,-1,2
4608,T35,T09,107,60,21,-1,-1,106,05T35@2,07T09@3,17,-1,-1,-1,3
2295,OTHER,T35,107,2,10,34,-1,-1,SELLER,01T35@0,0,107,-1,-1,0
2298,OTHER,T35,107,4,10,34,-1,-1,SELLER,01T35@0,0,107,-1,-1,0
4356,T22,T35,107,5,41,97,-1,97,03T22@1,04T35@2,17,107,-1,-1,2
2302,OTHER,T35,107,3,10,34,-1,-1,SELLER,01T35@0,0,107,-1,-1,0
2293,OTHER,T35,107,2,10,34,-1,-1,SELLER,01T35@0,0,107,-1,-1,0
2292,OTHER,T35,107,5,10,34,-1,-1,SELLER,00T35@0,0,107,-1,-1,0
4420,T22,T35,107,5,41,99,-1,99,03T22@1,04T35@2,17,107,-1,-1,2
4486,T22,T35,107,5,41,101,-1,101,03T22@1,05T35@2,17,107,-1,-1,2
4564,T35,T09,107,60,24,-1,-1,104,05T35@2,07T09@3,17,-1,-1,-1,3
4567,T22,T35,107,22,16,-1,-1,104,03T22@1,05T35@2,17,-1,-1,-1,2
4578,T22,T35,107,5,43,105,-1,105,03T22@1,04T35@2,17,107,-1,-1,2
4579,T35,T22,107,5,10,105,-1,105,00T35@0,03T22@1,17,107,-1,-1,1
4593,T35,T22,107,5,9,106,-1,106,00T35@0,03T22@1,17,107,-1,-1,1
4592,T35,T22,107,5,10,106,-1,106,00T35@0,03T22@1,17,107,-1,-1,1
2284,T34,OTHER,107,3,59,34,-1,-1,06T34@3,BUYER,0,107,-1,-1,4
2286,OTHER,T35,107,3,10,34,-1,-1,SELLER,01T35@0,0,107,-1,-1,0
2290,OTHER,T35,107,1,10,34,-1,-1,SELLER,00T35@0,0,107,-1,-1,0
4556,T35,T35,107,22,16,104,-1,104,02T35@1,05T35@2,17,107,-1,-1,2
2308,T09,OTHER,107,6,59,-1,-1,-1,07T09@3,BUYER,0,-1,-1,-1,4
4622,T35,T35,107,7,14,107,-1,107,02T35@1,04T35@2,17,107,-1,-1,2
2304,T09,OTHER,107,2,59,-1,-1,-1,07T09@3,BUYER,0,-1,-1,-1,4
4507,T22,T35,107,5,43,102,-1,102,03T22@1,04T35@2,17,107,-1,-1,2
4606,T35,T09,107,60,21,-1,-1,106,04T35@2,07T09@3,17,-1,-1,-1,3
2313,T09,OTHER,107,1,59,-1,-1,-1,07T09@3,BUYER,0,-1,-1,-1,4
2287,T34,OTHER,107,1,59,34,-1,-1,06T34@3,BUYER,0,107,-1,-1,4
4505,T22,T35,107,5,41,102,-1,102,03T22@1,04T35@2,17,107,-1,-1,2
2310,T09,OTHER,107,2,59,-1,-1,-1,07T09@3,BUYER,0,-1,-1,-1,4
4615,T35,T22,107,5,9,107,-1,107,01T35@0,03T22@1,17,107,-1,-1,1
4602,T35,T22,107,5,10,106,-1,106,01T35@0,03T22@1,17,107,-1,-1,1
2309,T09,OTHER,107,3,59,-1,-1,-1,07T09@3,BUYER,0,-1,-1,-1,4
2312,T34,OTHER,107,2,59,-1,-1,-1,06T34@3,BUYER,0,-1,-1,-1,4
4618,T35,T22,107,5,10,107,-1,107,01T35@0,03T22@1,17,107,-1,-1,1
2334,OTHER,T35,108,3,10,35,-1,-1,SELLER,00T35@0,0,108,-1,-1,0
2328,T34,OTHER,108,4,59,35,-1,-1,06T34@3,BUYER,0,108,-1,-1,4
2327,OTHER,T35,108,2,10,35,-1,-1,SELLER,01T35@0,0,108,-1,-1,0
2336,T09,OTHER,108,3,59,-1,-1,-1,07T09@3,BUYER,0,-1,-1,-1,4
2331,OTHER,T35,108,2,10,35,-1,-1,SELLER,00T35@0,0,108,-1,-1,0
2337,T09,OTHER,108,2,59,-1,-1,-1,07T09@3,BUYER,0,-1,-1,-1,4
2340,T34,OTHER,108,4,59,-1,-1,-1,06T34@3,BUYER,0,-1,-1,-1,4
2341,T09,OTHER,108,1,59,-1,-1,-1,07T09@3,BUYER,0,-1,-1,-1,4
2330,OTHER,T35,108,3,10,35,-1,-1,SELLER,00T35@0,0,108,-1,-1,0
2324,OTHER,T35,108,3,10,35,-1,-1,SELLER,00T35@0,0,108,-1,-1,0
4430,T22,T35,108,5,41,99,-1,99,03T22@1,05T35@2,17,108,-1,-1,2
2316,OTHER,T35,108,3,10,35,-1,-1,SELLER,01T35@0,0,108,-1,-1,0
2315,OTHER,T35,108,2,10,35,-1,-1,SELLER,01T35@0,0,108,-1,-1,0
2342,T09,OTHER,108,3,59,-1,-1,-1,07T09@3,BUYER,0,-1,-1,-1,4
2344,T09,OTHER,108,2,59,-1,-1,-1,07T09@3,BUYER,0,-1,-1,-1,4
4397,T22,T35,108,5,41,98,-1,98,03T22@1,04T35@2,17,108,-1,-1,2
2325,T34,OTHER,108,1,59,35,-1,-1,06T34@3,BUYER,0,108,-1,-1,4
2323,OTHER,T35,108,2,10,35,-1,-1,SELLER,00T35@0,0,108,-1,-1,0
4612,T35,T22,108,5,9,107,-1,107,01T35@0,03T22@1,17,108,-1,-1,1
4561,T35,T35,108,7,15,104,-1,104,02T35@1,04T35@2,17,108,-1,-1,2
4637,T35,T35,108,4,14,108,-1,108,02T35@1,04T35@2,17,108,-1,-1,2
4600,T35,T35,108,19,13,106,-1,106,02T35@1,05T35@2,17,108,-1,-1,2
4641,T22,T35,108,23,28,-1,-1,108,03T22@1,05T35@2,2,-1,-1,-1,2
4638,T22,T35,108,4,14,108,-1,108,03T22@1,04T35@2,17,108,-1,-1,2
4609,T22,T35,108,19,16,-1,-1,106,03T22@1,05T35@2,17,-1,-1,-1,2
4599,T35,T22,108,5,9,106,-1,106,00T35@0,03T22@1,17,108,-1,-1,1
4577,T22,T35,108,5,43,105,-1,105,03T22@1,04T35@2,17,108,-1,-1,2
4626,T22,T35,108,5,43,-1,-1,107,03T22@1,05T35@2,17,-1,-1,-1,2
4631,T35,T22,108,5,10,108,-1,108,01T35@0,03T22@1,17,108,-1,-1,1
4610,T22,T35,108,5,43,-1,-1,106,03T22@1,05T35@2,17,-1,-1,-1,2
4621,T35,T22,109,5,9,107,-1,107,01T35@0,03T22@1,17,109,-1,-1,1
4619,T35,T22,109,5,10,107,-1,107,00T35@0,03T22@1,17,109,-1,-1,1
2348,OTHER,T35,109,2,10,36,-1,-1,SELLER,00T35@0,0,109,-1,-1,0
2349,T34,OTHER,109,3,59,36,-1,-1,06T34@3,BUYER,0,109,-1,-1,4
4663,T22,T35,109,19,28,-1,-1,109,03T22@1,05T35@2,2,-1,-1,-1,2
2350,OTHER,T35,109,3,10,36,-1,-1,SELLER,00T35@0,0,109,-1,-1,0
2352,OTHER,T35,109,2,10,36,-1,-1,SELLER,01T35@0,0,109,-1,-1,0
2355,T34,OTHER,109,2,59,36,-1,-1,06T34@3,BUYER,0,109,-1,-1,4
2357,OTHER,T35,109,2,10,36,-1,-1,SELLER,01T35@0,0,109,-1,-1,0
2360,OTHER,T35,109,1,10,36,-1,-1,SELLER,00T35@0,0,109,-1,-1,0
4427,T22,T35,109,5,41,99,-1,99,03T22@1,04T35@2,17,109,-1,-1,2
2361,OTHER,T35,109,2,10,36,-1,-1,SELLER,00T35@0,0,109,-1,-1,0
2364,OTHER,T35,109,3,10,36,-1,-1,SELLER,01T35@0,0,109,-1,-1,0
2366,OTHER,T35,109,2,10,36,-1,-1,SELLER,00T35@0,0,109,-1,-1,0
2369,T09,OTHER,109,2,59,-1,-1,-1,07T09@3,BUYER,0,-1,-1,-1,4
2371,T34,OTHER,109,3,59,-1,-1,-1,06T34@3,BUYER,0,-1,-1,-1,4
2373,T34,OTHER,109,1,59,-1,-1,-1,06T34@3,BUYER,0,-1,-1,-1,4
2377,T34,OTHER,109,2,59,-1,-1,-1,06T34@3,BUYER,0,-1,-1,-1,4
2378,T09,OTHER,109,1,59,-1,-1,-1,07T09@3,BUYER,0,-1,-1,-1,4
2379,T09,OTHER,109,3,59,-1,-1,-1,07T09@3,BUYER,0,-1,-1,-1,4
2380,T09,OTHER,109,3,59,-1,-1,-1,07T09@3,BUYER,0,-1,-1,-1,4
4300,T35,T34,109,11,20,95,-1,95,04T35@2,06T34@3,17,109,-1,-1,3
4298,T35,T34,109,11,20,95,-1,95,05T35@2,06T34@3,17,109,-1,-1,3
4225,T35,T34,109,11,25,93,-1,93,04T35@2,06T34@3,17,109,-1,-1,3
2359,OTHER,T35,109,3,10,36,-1,-1,SELLER,00T35@0,0,109,-1,-1,0
4662,T22,T35,109,7,14,-1,-1,109,03T22@1,05T35@2,17,-1,-1,-1,2
4234,T35,T34,109,11,25,93,-1,93,05T35@2,06T34@3,17,109,-1,-1,3
4660,T22,T35,109,5,43,-1,-1,109,03T22@1,04T35@2,17,-1,-1,-1,2
4639,T35,T22,109,5,10,108,-1,108,00T35@0,03T22@1,17,109,-1,-1,1
4642,T35,T09,109,60,21,-1,-1,108,04T35@2,07T09@3,17,-1,-1,-1,3
4643,T22,T35,109,5,43,-1,-1,108,03T22@1,05T35@2,17,-1,-1,-1,2
4651,T35,T22,109,8,10,109,-1,109,01T35@0,03T22@1,17,109,-1,-1,1
4657,T35,T22,109,5,9,109,-1,109,01T35@0,03T22@1,17,109,-1,-1,1
4634,T35,T22,109,5,9,108,-1,108,00T35@0,03T22@1,17,109,-1,-1,1
4453,T22,T35,109,5,41,100,-1,100,03T22@1,04T35@2,17,109,-1,-1,2
4489,T22,T35,109,5,41,101,-1,101,03T22@1,04T35@2,17,109,-1,-1,2
4630,T35,T22,109,5,10,108,-1,108,01T35@0,03T22@1,17,109,-1,-1,1
4656,T35,T22,109,8,10,109,-1,109,00T35@0,03T22@1,17,109,-1,-1,1
2414,T34,OTHER,110,1,59,-1,-1,-1,06T34@3,BUYER,0,-1,-1,-1,4
2413,T09,OTHER,110,2,59,-1,-1,-1,07T09@3,BUYER,0,-1,-1,-1,4
4675,T22,T35,110,16,28,-1,-1,110,03T22@1,05T35@2,2,-1,-1,-1,2
2384,T34,OTHER,110,2,59,37,-1,-1,06T34@3,BUYER,0,110,-1,-1,4
4584,T22,T35,110,5,43,105,-1,105,03T22@1,04T35@2,17,110,-1,-1,2
2412,T09,OTHER,110,2,59,-1,-1,-1,07T09@3,BUYER,0,-1,-1,-1,4
4255,T35,T34,110,11,25,94,-1,94,05T35@2,06T34@3,17,110,-1,-1,3
4326,T35,T34,110,11,20,96,-1,96,05T35@2,06T34@3,17,110,-1,-1,3
4490,T22,T35,110,5,41,101,-1,101,03T22@1,04T35@2,17,110,-1,-1,2
2404,OTHER,T35,110,1,10,37,-1,-1,SELLER,01T35@0,0,110,-1,-1,0
4646,T35,T22,110,5,10,109,-1,109,00T35@0,03T22@1,17,110,-1,-1,1
2410,T34,OTHER,110,2,59,-1,-1,-1,06T34@3,BUYER,0,-1,-1,-1,4
2387,T34,OTHER,110,3,59,37,-1,-1,06T34@3,BUYER,0,110,-1,-1,4
4668,T35,T22,110,5,10,110,-1,110,01T35@0,03T22@1,17,110,-1,-1,1
4661,T35,T09,110,60,21,-1,-1,109,04T35@2,07T09@3,17,-1,-1,-1,3
2402,OTHER,T35,110,1,10,37,-1,-1,SELLER,00T35@0,0,110,-1,-1,0
4632,T35,T22,110,5,9,108,-1,108,00T35@0,03T22@1,17,110,-1,-1,1
2401,OTHER,T35,110,2,10,37,-1,-1,SELLER,00T35@0,0,110,-1,-1,0
2398,OTHER,T35,110,3,10,37,-1,-1,SELLER,01T35@0,0,110,-1,-1,0
2405,T09,OTHER,110,3,59,-1,-1,-1,07T09@3,BUYER,0,-1,-1,-1,4
4669,T35,T22,110,5,9,110,-1,110,00T35@0,03T22@1,17,110,-1,-1,1
4270,T35,T34,110,11,25,94,-1,94,04T35@2,06T34@3,17,110,-1,-1,3
4627,T35,T09,110,60,24,-1,-1,107,04T35@2,07T09@3,17,-1,-1,-1,3
4624,T35,T09,110,60,24,-1,-1,107,05T35@2,07T09@3,17,-1,-1,-1,3
2395,OTHER,T35,110,6,10,37,-1,-1,SELLER,00T35@0,0,110,-1,-1,0
2393,OTHER,T35,110,1,10,37,-1,-1,SELLER,00T35@0,0,110,-1,-1,0
2406,T09,OTHER,110,2,59,-1,-1,-1,07T09@3,BUYER,0,-1,-1,-1,4
2391,OTHER,T35,110,2,10,37,-1,-1,SELLER,00T35@0,0,110,-1,-1,0
2389,OTHER,T35,110,4,10,37,-1,-1,SELLER,01T35@0,0,110,-1,-1,0
2407,T34,OTHER,110,3,59,-1,-1,-1,06T34@3,BUYER,0,-1,-1,-1,4
4625,T22,T35,110,5,43,-1,-1,107,03T22@1,05T35@2,17,-1,-1,-1,2
4654,T35,T22,110,5,9,109,-1,109,00T35@0,03T22@1,17,110,-1,-1,1
2418,T34,OTHER,111,1,59,38,-1,-1,06T34@3,BUYER,0,111,-1,-1,4
2417,OTHER,T35,111,2,10,38,-1,-1,SELLER,00T35@0,0,111,-1,-1,0
4693,T22,T35,111,16,28,-1,-1,111,03T22@1,05T35@2,2,-1,-1,-1,2
2415,OTHER,T35,111,4,10,38,-1,-1,SELLER,01T35@0,0,111,-1,-1,0
4640,T35,T09,111,60,24,-1,-1,108,05T35@2,07T09@3,17,-1,-1,-1,3
2420,OTHER,T35,111,1,10,38,-1,-1,SELLER,01T35@0,0,111,-1,-1,0
4649,T35,T22,111,5,10,109,-1,109,00T35@0,03T22@1,17,111,-1,-1,1
4697,T22,T35,111,7,14,-1,-1,111,03T22@1,05T35@2,17,-1,-1,-1,2
2416,T34,OTHER,111,3,59,38,-1,-1,06T34@3,BUYER,0,111,-1,-1,4
2427,OTHER,T35,111,2,10,38,-1,-1,SELLER,00T35@0,0,111,-1,-1,0
2434,T34,OTHER,111,1,59,38,-1,-1,06T34@3,BUYER,0,111,-1,-1,4
2432,OTHER,T35,111,5,10,38,-1,-1,SELLER,01T35@0,0,111,-1,-1,0
4666,T35,T22,111,5,9,110,-1,110,01T35@0,03T22@1,17,111,-1,-1,1
4623,T22,T35,111,5,43,-1,-1,107,03T22@1,05T35@2,17,-1,-1,-1,2
2431,OTHER,T35,111,4,10,38,-1,-1,SELLER,00T35@0,0,111,-1,-1,0
4670,T35,T22,111,5,10,110,-1,110,00T35@0,03T22@1,17,111,-1,-1,1
4597,T22,T35,111,5,41,106,-1,106,03T22@1,05T35@2,17,111,-1,-1,2
4588,T22,T35,111,5,41,105,-1,105,03T22@1,05T35@2,17,111,-1,-1,2
4511,T22,T35,111,5,41,102,-1,102,03T22@1,05T35@2,17,111,-1,-1,2
2447,T34,OTHER,111,3,59,-1,-1,-1,06T34@3,BUYER,0,-1,-1,-1,4
2445,T09,OTHER,111,1,59,-1,-1,-1,07T09@3,BUYER,0,-1,-1,-1,4
4595,T22,T35,111,5,43,106,-1,106,03T22@1,04T35@2,17,111,-1,-1,2
2444,T09,OTHER,111,3,59,-1,-1,-1,07T09@3,BUYER,0,-1,-1,-1,4
2439,T34,OTHER,111,3,59,-1,-1,-1,06T34@3,BUYER,0,-1,-1,-1,4
2438,T09,OTHER,111,5,59,-1,-1,-1,07T09@3,BUYER,0,-1,-1,-1,4
4678,T35,T09,111,60,21,-1,-1,110,04T35@2,07T09@3,17,-1,-1,-1,3
4679,T35,T09,111,60,21,-1,-1,110,05T35@2,07T09@3,17,-1,-1,-1,3
2433,OTHER,T35,111,2,10,38,-1,-1,SELLER,01T35@0,0,111,-1,-1,0
4681,T35,T22,111,5,10,111,-1,111,00T35@0,03T22@1,17,111,-1,-1,1
4611,T22,T35,111,7,15,107,-1,107,03T22@1,04T35@2,17,111,-1,-1,2
2466,OTHER,T35,112,1,10,39,-1,-1,SELLER,00T35@0,0,112,-1,-1,0
2469,T34,OTHER,112,1,59,39,-1,-1,06T34@3,BUYER,0,112,-1,-1,4
2468,OTHER,T35,112,2,10,39,-1,-1,SELLER,00T35@0,0,112,-1,-1,0
2474,T09,OTHER,112,2,59,-1,-1,-1,07T09@3,BUYER,0,-1,-1,-1,4
2467,OTHER,T35,112,2,10,39,-1,-1,SELLER,00T35@0,0,112,-1,-1,0
2472,OTHER,T35,112,4,10,39,-1,-1,SELLER,00T35@0,0,112,-1,-1,0
2458,OTHER,T35,112,1,10,39,-1,-1,SELLER,00T35@0,0,112,-1,-1,0
2462,OTHER,T35,112,2,10,39,-1,-1,SELLER,01T35@0,0,112,-1,-1,0
4707,T35,T22,112,8,10,112,-1,112,00T35@0,03T22@1,17,112,-1,-1,1
2479,T09,OTHER,112,3,59,-1,-1,-1,07T09@3,BUYER,0,-1,-1,-1,4
2460,T34,OTHER,112,4,59,39,-1,-1,06T34@3,BUYER,0,112,-1,-1,4
4645,T22,T35,112,5,43,-1,-1,108,03T22@1,04T35@2,17,-1,-1,-1,2
4712,T22,T35,112,7,14,-1,-1,112,03T22@1,04T35@2,17,-1,-1,-1,2
2455,OTHER,T35,112,3,10,39,-1,-1,SELLER,00T35@0,0,112,-1,-1,0
4713,T22,T35,112,7,14,-1,-1,112,03T22@1,05T35@2,17,-1,-1,-1,2
2452,OTHER,T35,112,2,10,39,-1,-1,SELLER,01T35@0,0,112,-1,-1,0
2448,OTHER,T35,112,3,10,39,-1,-1,SELLER,01T35@0,0,112,-1,-1,0
4714,T22,T35,112,5,43,-1,-1,112,03T22@1,04T35@2,17,-1,-1,-1,2
4323,T35,T34,112,11,25,96,-1,96,04T35@2,06T34@3,17,112,-1,-1,3
4706,T35,T22,112,8,9,112,-1,112,01T35@0,03T22@1,17,112,-1,-1,1
4702,T35,T22,112,5,9,112,-1,112,00T35@0,03T22@1,17,112,-1,-1,1
4698,T35,T35,112,7,14,112,-1,112,02T35@1,05T35@2,17,112,-1,-1,2
4700,T35,T35,112,7,14,112,-1,112,02T35@1,04T35@2,17,112,-1,-1,2
4554,T22,T35,112,5,41,104,-1,104,03T22@1,04T35@2,17,112,-1,-1,2
2480,T34,OTHER,112,3,59,-1,-1,-1,06T34@3,BUYER,0,-1,-1,-1,4
4401,T35,T34,112,10,20,98,-1,98,05T35@2,06T34@3,17,112,-1,-1,3
4677,T22,T35,112,5,43,-1,-1,110,03T22@1,04T35@2,17,-1,-1,-1,2
4691,T35,T09,112,60,21,-1,-1,111,04T35@2,07T09@3,17,-1,-1,-1,3
2478,T09,OTHER,112,2,59,-1,-1,-1,07T09@3,BUYER,0,-1,-1,-1,4
4694,T22,T35,112,5,43,-1,-1,111,03T22@1,04T35@2,17,-1,-1,-1,2
4684,T35,T22,112,5,9,111,-1,111,01T35@0,03T22@1,17,112,-1,-1,1
4687,T35,T22,112,5,10,111,-1,111,01T35@0,03T22@1,17,112,-1,-1,1
4620,T22,T35,112,5,41,107,-1,107,03T22@1,04T35@2,17,112,-1,-1,2
4605,T22,T35,112,5,41,106,-1,106,03T22@1,05T35@2,17,112,-1,-1,2
4537,T22,T35,112,5,41,103,-1,103,03T22@1,05T35@2,17,112,-1,-1,2
4683,T35,T22,112,5,10,111,-1,111,00T35@0,03T22@1,17,112,-1,-1,1
4361,T35,T34,112,9,20,97,-1,97,05T35@2,06T34@3,17,112,-1,-1,3
4665,T35,T22,112,5,10,110,-1,110,01T35@0,03T22@1,17,112,-1,-1,1
2483,T34,OTHER,112,2,59,-1,-1,-1,06T34@3,BUYER,0,-1,-1,-1,4
4659,T35,T09,112,60,24,-1,-1,109,05T35@2,07T09@3,17,-1,-1,-1,3
2482,T09,OTHER,112,3,59,-1,-1,-1,07T09@3,BUYER,0,-1,-1,-1,4
4676,T22,T35,113,5,43,-1,-1,110,03T22@1,05T35@2,17,-1,-1,-1,2
4655,T35,T35,113,7,15,109,-1,109,02T35@1,05T35@2,17,113,-1,-1,2
4725,T35,T22,113,5,9,113,-1,113,00T35@0,03T22@1,17,113,-1,-1,1
4644,T22,T35,113,5,43,-1,-1,108,03T22@1,04T35@2,17,-1,-1,-1,2
4724,T35,T35,113,7,14,113,-1,113,02T35@1,04T35@2,17,113,-1,-1,2
4723,T35,T22,113,5,9,113,-1,113,00T35@0,03T22@1,17,113,-1,-1,1
2513,T09,OTHER,113,4,59,-1,-1,-1,07T09@3,BUYER,0,-1,-1,-1,4
2486,T34,OTHER,113,2,59,40,-1,-1,06T34@3,BUYER,0,113,-1,-1,4
2494,OTHER,T35,113,4,10,40,-1,-1,SELLER,00T35@0,0,113,-1,-1,0
4633,T22,T35,113,5,41,108,-1,108,03T22@1,04T35@2,17,113,-1,-1,2
2487,OTHER,T35,113,2,10,40,-1,-1,SELLER,00T35@0,0,113,-1,-1,0
4416,T35,T34,113,10,20,99,-1,99,04T35@2,06T34@3,17,113,-1,-1,3
4528,T22,T35,113,5,41,103,-1,103,03T22@1,05T35@2,17,113,-1,-1,2
2490,OTHER,T35,113,3,10,40,-1,-1,SELLER,00T35@0,0,113,-1,-1,0
2512,T09,OTHER,113,2,59,-1,-1,-1,07T09@3,BUYER,0,-1,-1,-1,4
2493,OTHER,T35,113,1,10,40,-1,-1,SELLER,00T35@0,0,113,-1,-1,0
2484,T34,OTHER,113,4,59,40,-1,-1,06T34@3,BUYER,0,113,-1,-1,4
2511,T34,OTHER,113,2,59,-1,-1,-1,06T34@3,BUYER,0,-1,-1,-1,4
2491,OTHER,T35,113,4,10,40,-1,-1,SELLER,01T35@0,0,113,-1,-1,0
4716,T35,T09,113,60,21,-1,-1,112,05T35@2,07T09@3,17,-1,-1,-1,3
2498,OTHER,T35,113,3,10,40,-1,-1,SELLER,00T35@0,0,113,-1,-1,0
2508,T09,OTHER,113,3,59,-1,-1,-1,07T09@3,BUYER,0,-1,-1,-1,4
4704,T35,T22,113,5,9,112,-1,112,00T35@0,03T22@1,17,113,-1,-1,1
4696,T22,T35,113,5,43,-1,-1,111,03T22@1,04T35@2,17,-1,-1,-1,2
2514,T09,OTHER,113,3,59,-1,-1,-1,07T09@3,BUYER,0,-1,-1,-1,4
4559,T22,T35,113,5,41,104,-1,104,03T22@1,04T35@2,17,113,-1,-1,2
4685,T35,T22,113,5,9,111,-1,111,00T35@0,03T22@1,17,113,-1,-1,1
4715,T35,T09,113,60,21,-1,-1,112,04T35@2,07T09@3,17,-1,-1,-1,3
2500,OTHER,T35,113,3,10,40,-1,-1,SELLER,01T35@0,0,113,-1,-1,0
2545,T34,OTHER,114,5,59,-1,-1,-1,06T34@3,BUYER,0,-1,-1,-1,4
4362,T35,T34,114,5,23,97,-1,97,04T35@2,06T34@3,17,114,-1,-1,3
4667,T35,T35,114,7,15,110,-1,110,02T35@1,04T35@2,17,114,-1,-1,2
4695,T35,T09,114,60,24,-1,-1,111,05T35@2,07T09@3,17,-1,-1,-1,3
2520,OTHER,T35,114,2,10,41,-1,-1,SELLER,00T35@0,0,114,-1,-1,0
4745,T22,T35,114,7,14,-1,-1,114,03T22@1,05T35@2,17,-1,-1,-1,2
4740,T35,T35,114,7,14,114,-1,114,02T35@1,04T35@2,17,114,-1,-1,2
4710,T35,T22,114,5,10,112,-1,112,01T35@0,03T22@1,17,114,-1,-1,1
2517,OTHER,T35,114,1,10,41,-1,-1,SELLER,01T35@0,0,114,-1,-1,0
4664,T22,T35,114,7,15,110,-1,110,03T22@1,04T35@2,17,114,-1,-1,2
4749,T22,T35,114,16,28,-1,-1,114,03T22@1,04T35@2,2,-1,-1,-1,2
2547,T09,OTHER,114,3,59,-1,-1,-1,07T09@3,BUYER,0,-1,-1,-1,4
4743,T35,T22,114,5,10,114,-1,114,01T35@0,03T22@1,17,114,-1,-1,1
2519,T34,OTHER,114,1,59,41,-1,-1,06T34@3,BUYER,0,114,-1,-1,4
2542,T09,OTHER,114,1,59,-1,-1,-1,07T09@3,BUYER,0,-1,-1,-1,4
2522,OTHER,T35,114,3,10,41,-1,-1,SELLER,00T35@0,0,114,-1,-1,0
2549,T09,OTHER,114,3,59,-1,-1,-1,07T09@3,BUYER,0,-1,-1,-1,4
4720,T35,T22,114,5,9,113,-1,113,00T35@0,03T22@1,17,114,-1,-1,1
4701,T35,T22,114,5,10,112,-1,112,01T35@0,03T22@1,17,114,-1,-1,1
2540,T09,OTHER,114,3,59,-1,-1,-1,07T09@3,BUYER,0,-1,-1,-1,4
2537,OTHER,T35,114,2,10,41,-1,-1,SELLER,00T35@0,0,114,-1,-1,0
2533,OTHER,T35,114,4,10,41,-1,-1,SELLER,01T35@0,0,114,-1,-1,0
4718,T35,T22,114,5,9,113,-1,113,00T35@0,03T22@1,17,114,-1,-1,1
2532,OTHER,T35,114,5,10,41,-1,-1,SELLER,00T35@0,0,114,-1,-1,0
4692,T22,T35,114,5,43,-1,-1,111,03T22@1,04T35@2,17,-1,-1,-1,2
2528,T34,OTHER,114,2,59,41,-1,-1,06T34@3,BUYER,0,114,-1,-1,4
4730,T35,T09,114,60,21,-1,-1,113,05T35@2,07T09@3,17,-1,-1,-1,3
4603,T22,T35,114,5,41,106,-1,106,03T22@1,05T35@2,17,114,-1,-1,2
2527,T34,OTHER,114,1,59,41,-1,-1,06T34@3,BUYER,0,114,-1,-1,4
2541,T09,OTHER,114,1,59,-1,-1,-1,07T09@3,BUYER,0,-1,-1,-1,4
2525,OTHER,T35,114,3,10,41,-1,-1,SELLER,01T35@0,0,114,-1,-1,0
4585,T22,T35,114,5,41,105,-1,105,03T22@1,04T35@2,17,114,-1,-1,2
4680,T22,T35,114,5,43,-1,-1,110,03T22@1,05T35@2,17,-1,-1,-1,2
4614,T22,T35,114,5,41,107,-1,107,03T22@1,05T35@2,17,114,-1,-1,2
4557,T22,T35,114,5,41,104,-1,104,03T22@1,05T35@2,17,114,-1,-1,2
4735,T35,T22,115,5,10,114,-1,114,00T35@0,03T22@1,17,115,-1,-1,1
4766,T22,T35,115,5,43,-1,-1,115,03T22@1,04T35@2,17,-1,-1,-1,2
2584,T34,OTHER,115,3,59,-1,-1,-1,06T34@3,BUYER,0,-1,-1,-1,4
2582,T34,OTHER,115,4,59,-1,-1,-1,06T34@3,BUYER,0,-1,-1,-1,4
2581,T09,OTHER,115,3,59,-1,-1,-1,07T09@3,BUYER,0,-1,-1,-1,4
2580,T09,OTHER,115,1,59,-1,-1,-1,07T09@3,BUYER,0,-1,-1,-1,4
2575,T09,OTHER,115,2,59,-1,-1,-1,07T09@3,BUYER,0,-1,-1,-1,4
2574,OTHER,T35,115,4,10,42,-1,-1,SELLER,01T35@0,0,115,-1,-1,0
2568,OTHER,T35,115,2,10,42,-1,-1,SELLER,01T35@0,0,115,-1,-1,0
2566,OTHER,T35,115,1,10,42,-1,-1,SELLER,00T35@0,0,115,-1,-1,0
2565,T34,OTHER,115,1,59,42,-1,-1,06T34@3,BUYER,0,115,-1,-1,4
2562,T34,OTHER,115,1,59,42,-1,-1,06T34@3,BUYER,0,115,-1,-1,4
2561,OTHER,T35,115,4,10,42,-1,-1,SELLER,00T35@0,0,115,-1,-1,0
2560,OTHER,T35,115,1,10,42,-1,-1,SELLER,00T35@0,0,115,-1,-1,0
2558,OTHER,T35,115,1,10,42,-1,-1,SELLER,01T35@0,0,115,-1,-1,0
2557,T34,OTHER,115,4,59,42,-1,-1,06T34@3,BUYER,0,115,-1,-1,4
2554,OTHER,T35,115,3,10,42,-1,-1,SELLER,00T35@0,0,115,-1,-1,0
2553,OTHER,T35,115,2,10,42,-1,-1,SELLER,01T35@0,0,115,-1,-1,0
2551,T34,OTHER,115,1,59,42,-1,-1,06T34@3,BUYER,0,115,-1,-1,4
2550,OTHER,T35,115,2,10,42,-1,-1,SELLER,00T35@0,0,115,-1,-1,0
4598,T22,T35,115,5,41,106,-1,106,03T22@1,05T35@2,17,115,-1,-1,2
4760,T35,T22,115,5,9,115,-1,115,00T35@0,03T22@1,17,115,-1,-1,1
4758,T35,T22,115,8,10,115,-1,115,01T35@0,03T22@1,17,115,-1,-1,1
4383,T35,T34,115,1,21,98,-1,98,04T35@2,06T34@3,17,115,-1,-1,3
4689,T35,T35,115,7,15,111,-1,111,02T35@1,05T35@2,17,115,-1,-1,2
4757,T35,T22,115,8,9,115,-1,115,00T35@0,03T22@1,17,115,-1,-1,1
4628,T22,T35,115,5,41,108,-1,108,03T22@1,04T35@2,17,115,-1,-1,2
4739,T35,T22,115,5,9,114,-1,114,00T35@0,03T22@1,17,115,-1,-1,1
4744,T35,T09,115,60,21,-1,-1,114,04T35@2,07T09@3,17,-1,-1,-1,3
4746,T22,T35,115,5,43,-1,-1,114,03T22@1,04T35@2,17,-1,-1,-1,2
4719,T35,T22,115,5,9,113,-1,113,00T35@0,03T22@1,17,115,-1,-1,1
4747,T35,T09,115,60,21,-1,-1,114,05T35@2,07T09@3,17,-1,-1,-1,3
4650,T22,T35,115,5,41,109,-1,109,03T22@1,04T35@2,17,115,-1,-1,2
4484,T35,T34,115,10,20,101,-1,101,05T35@2,06T34@3,17,115,-1,-1,3
4672,T22,T35,115,5,41,110,-1,110,03T22@1,04T35@2,17,115,-1,-1,2
4776,T35,T35,116,7,14,116,-1,116,02T35@1,05T35@2,17,116,-1,-1,2
2588,T34,OTHER,116,3,59,43,-1,-1,06T34@3,BUYER,0,116,-1,-1,4
4773,T35,T22,116,8,10,116,-1,116,01T35@0,03T22@1,17,116,-1,-1,1
4779,T22,T35,116,5,43,-1,-1,116,03T22@1,04T35@2,17,-1,-1,-1,2
4508,T35,T34,116,10,20,102,-1,102,04T35@2,06T34@3,17,116,-1,-1,3
4431,T35,T34,116,1,21,99,-1,99,05T35@2,06T34@3,17,116,-1,-1,3
4636,T22,T35,116,5,41,108,-1,108,03T22@1,05T35@2,17,116,-1,-1,2
2589,OTHER,T35,116,2,10,43,-1,-1,SELLER,01T35@0,0,116,-1,-1,0
4755,T35,T22,116,5,9,115,-1,115,00T35@0,03T22@1,17,116,-1,-1,1
2596,OTHER,T35,116,3,10,43,-1,-1,SELLER,00T35@0,0,116,-1,-1,0
4772,T35,T22,116,8,9,116,-1,116,00T35@0,03T22@1,17,116,-1,-1,1
2600,OTHER,T35,116,1,10,43,-1,-1,SELLER,01T35@0,0,116,-1,-1,0
2601,OTHER,T35,116,5,10,43,-1,-1,SELLER,01T35@0,0,116,-1,-1,0
2604,OTHER,T35,116,3,10,43,-1,-1,SELLER,00T35@0,0,116,-1,-1,0
2606,T34,OTHER,116,1,59,43,-1,-1,06T34@3,BUYER,0,116,-1,-1,4
2608,T09,OTHER,116,3,59,-1,-1,-1,07T09@3,BUYER,0,-1,-1,-1,4
2609,T34,OTHER,116,4,59,-1,-1,-1,06T34@3,BUYER,0,-1,-1,-1,4
2612,T09,OTHER,116,3,59,-1,-1,-1,07T09@3,BUYER,0,-1,-1,-1,4
2614,T09,OTHER,116,1,59,-1,-1,-1,07T09@3,BUYER,0,-1,-1,-1,4
2615,T09,OTHER,116,4,59,-1,-1,-1,07T09@3,BUYER,0,-1,-1,-1,4
2590,OTHER,T35,116,3,10,43,-1,-1,SELLER,00T35@0,0,116,-1,-1,0
2599,OTHER,T35,116,3,10,43,-1,-1,SELLER,01T35@0,0,116,-1,-1,0
2586,T34,OTHER,116,1,59,43,-1,-1,06T34@3,BUYER,0,116,-1,-1,4
4734,T35,T22,116,5,10,114,-1,114,01T35@0,03T22@1,17,116,-1,-1,1
4751,T22,T35,116,5,43,-1,-1,114,03T22@1,05T35@2,17,-1,-1,-1,2
4767,T22,T35,116,5,43,-1,-1,115,03T22@1,04T35@2,17,-1,-1,-1,2
4733,T35,T22,116,5,9,114,-1,114,01T35@0,03T22@1,17,116,-1,-1,1
4732,T35,T09,116,60,24,-1,-1,113,04T35@2,07T09@3,17,-1,-1,-1,3
4765,T35,T09,116,60,21,-1,-1,115,05T35@2,07T09@3,17,-1,-1,-1,3
4731,T22,T35,116,5,43,-1,-1,113,03T22@1,05T35@2,17,-1,-1,-1,2
4763,T35,T22,116,5,9,115,-1,115,00T35@0,03T22@1,17,116,-1,-1,1
4764,T35,T09,116,60,21,-1,-1,115,04T35@2,07T09@3,17,-1,-1,-1,3
2618,T34,OTHER,117,1,59,44,-1,-1,06T34@3,BUYER,0,117,-1,-1,4
4799,T22,T35,117,7,14,-1,-1,117,03T22@1,05T35@2,17,-1,-1,-1,2
4762,T35,T22,117,5,10,115,-1,115,01T35@0,03T22@1,17,117,-1,-1,1
4771,T35,T22,117,5,10,116,-1,116,00T35@0,03T22@1,17,117,-1,-1,1
4457,T35,T34,117,1,21,100,-1,100,05T35@2,06T34@3,17,117,-1,-1,3
4455,T35,T34,117,1,21,100,-1,100,04T35@2,06T34@3,17,117,-1,-1,3
4748,T22,T35,117,5,43,-1,-1,114,03T22@1,04T35@2,17,-1,-1,-1,2
2617,OTHER,T35,117,1,10,44,-1,-1,SELLER,00T35@0,0,117,-1,-1,0
2621,OTHER,T35,117,3,10,44,-1,-1,SELLER,01T35@0,0,117,-1,-1,0
2624,T34,OTHER,117,4,59,44,-1,-1,06T34@3,BUYER,0,117,-1,-1,4
2627,OTHER,T35,117,3,10,44,-1,-1,SELLER,00T35@0,0,117,-1,-1,0
2630,OTHER,T35,117,1,10,44,-1,-1,SELLER,00T35@0,0,117,-1,-1,0
2632,OTHER,T35,117,1,10,44,-1,-1,SELLER,00T35@0,0,117,-1,-1,0
2634,OTHER,T35,117,3,10,44,-1,-1,SELLER,01T35@0,0,117,-1,-1,0
2636,OTHER,T35,117,6,10,44,-1,-1,SELLER,00T35@0,0,117,-1,-1,0
2637,OTHER,T35,117,2,10,44,-1,-1,SELLER,01T35@0,0,117,-1,-1,0
2641,T09,OTHER,117,2,59,-1,-1,-1,07T09@3,BUYER,0,-1,-1,-1,4
2642,T09,OTHER,117,3,59,-1,-1,-1,07T09@3,BUYER,0,-1,-1,-1,4
2643,T34,OTHER,117,3,59,-1,-1,-1,06T34@3,BUYER,0,-1,-1,-1,4
2644,T09,OTHER,117,1,59,-1,-1,-1,07T09@3,BUYER,0,-1,-1,-1,4
2645,T09,OTHER,117,3,59,-1,-1,-1,07T09@3,BUYER,0,-1,-1,-1,4
2646,T34,OTHER,117,2,59,-1,-1,-1,06T34@3,BUYER,0,-1,-1,-1,4
2647,T34,OTHER,117,1,59,-1,-1,-1,06T34@3,BUYER,0,-1,-1,-1,4
4648,T22,T35,117,5,41,109,-1,109,03T22@1,05T35@2,17,117,-1,-1,2
4727,T22,T35,117,7,15,113,-1,113,03T22@1,04T35@2,17,117,-1,-1,2
4789,T35,T22,117,8,9,117,-1,117,01T35@0,03T22@1,17,117,-1,-1,1
4699,T22,T35,117,5,43,112,-1,112,03T22@1,05T35@2,17,117,-1,-1,2
4616,T22,T35,117,5,41,107,-1,107,03T22@1,04T35@2,17,117,-1,-1,2
4787,T35,T22,117,8,9,117,-1,117,00T35@0,03T22@1,17,117,-1,-1,1
4533,T35,T34,117,10,20,103,-1,103,05T35@2,06T34@3,17,117,-1,-1,3
4786,T35,T22,117,5,9,117,-1,117,00T35@0,03T22@1,17,117,-1,-1,1
4777,T35,T22,117,5,9,116,-1,116,01T35@0,03T22@1,17,117,-1,-1,1
4775,T35,T22,117,5,9,116,-1,116,00T35@0,03T22@1,17,117,-1,-1,1
4487,T35,T34,118,1,21,101,-1,101,04T35@2,06T34@3,17,118,-1,-1,3
4552,T35,T34,118,10,20,104,-1,104,04T35@2,06T34@3,17,118,-1,-1,3
4816,T22,T35,118,7,14,-1,-1,118,03T22@1,05T35@2,17,-1,-1,-1,2
2672,T09,OTHER,118,2,59,-1,-1,-1,07T09@3,BUYER,0,-1,-1,-1,4
4774,T35,T22,118,5,9,116,-1,116,01T35@0,03T22@1,17,118,-1,-1,1
4768,T22,T35,118,5,43,-1,-1,115,03T22@1,04T35@2,17,-1,-1,-1,2
4711,T22,T35,118,5,41,112,-1,112,03T22@1,04T35@2,17,118,-1,-1,2
2653,OTHER,T35,118,3,10,45,-1,-1,SELLER,00T35@0,0,118,-1,-1,0
2679,T34,OTHER,118,3,59,-1,-1,-1,06T34@3,BUYER,0,-1,-1,-1,4
2676,T09,OTHER,118,1,59,-1,-1,-1,07T09@3,BUYER,0,-1,-1,-1,4
2675,T09,OTHER,118,2,59,-1,-1,-1,07T09@3,BUYER,0,-1,-1,-1,4
2654,T34,OTHER,118,2,59,45,-1,-1,06T34@3,BUYER,0,118,-1,-1,4
2655,OTHER,T35,118,2,10,45,-1,-1,SELLER,01T35@0,0,118,-1,-1,0
2674,T34,OTHER,118,4,59,-1,-1,-1,06T34@3,BUYER,0,-1,-1,-1,4
2656,OTHER,T35,118,2,10,45,-1,-1,SELLER,01T35@0,0,118,-1,-1,0
2658,T34,OTHER,118,2,59,45,-1,-1,06T34@3,BUYER,0,118,-1,-1,4
4562,T35,T34,118,10,20,104,-1,104,05T35@2,06T34@3,17,118,-1,-1,3
2662,OTHER,T35,118,3,10,45,-1,-1,SELLER,00T35@0,0,118,-1,-1,0
2666,OTHER,T35,118,1,10,45,-1,-1,SELLER,01T35@0,0,118,-1,-1,0
2668,OTHER,T35,118,3,10,45,-1,-1,SELLER,01T35@0,0,118,-1,-1,0
2669,OTHER,T35,118,3,10,45,-1,-1,SELLER,01T35@0,0,118,-1,-1,0
2673,T09,OTHER,118,4,59,-1,-1,-1,07T09@3,BUYER,0,-1,-1,-1,4
2670,OTHER,T35,118,3,10,45,-1,-1,SELLER,00T35@0,0,118,-1,-1,0
4811,T35,T35,118,7,14,118,-1,118,02T35@1,05T35@2,17,118,-1,-1,2
4726,T22,T35,118,5,41,113,-1,113,03T22@1,04T35@2,17,118,-1,-1,2
4647,T22,T35,118,5,41,109,-1,109,03T22@1,05T35@2,17,118,-1,-1,2
4790,T35,T22,118,5,9,117,-1,117,00T35@0,03T22@1,17,118,-1,-1,1
4791,T35,T22,118,5,9,117,-1,117,01T35@0,03T22@1,17,118,-1,-1,1
4796,T35,T09,118,60,21,-1,-1,117,05T35@2,07T09@3,17,-1,-1,-1,3
4742,T22,T35,118,7,15,114,-1,114,03T22@1,04T35@2,17,118,-1,-1,2
4738,T35,T35,118,7,15,114,-1,114,02T35@1,05T35@2,17,118,-1,-1,2
4804,T35,T22,118,5,10,118,-1,118,01T35@0,03T22@1,17,118,-1,-1,1
4750,T22,T35,119,5,43,-1,-1,114,03T22@1,05T35@2,17,-1,-1,-1,2
2705,T09,OTHER,119,3,59,-1,-1,-1,07T09@3,BUYER,0,-1,-1,-1,4
4587,T35,T34,119,10,20,105,-1,105,04T35@2,06T34@3,17,119,-1,-1,3
2709,T09,OTHER,119,2,59,-1,-1,-1,07T09@3,BUYER,0,-1,-1,-1,4
2685,OTHER,T35,119,1,10,46,-1,-1,SELLER,00T35@0,0,119,-1,-1,0
2684,T34,OTHER,119,3,59,46,-1,-1,06T34@3,BUYER,0,119,-1,-1,4
2683,OTHER,T35,119,3,10,46,-1,-1,SELLER,00T35@0,0,119,-1,-1,0
2710,T09,OTHER,119,1,59,-1,-1,-1,07T09@3,BUYER,0,-1,-1,-1,4
4509,T35,T34,119,1,21,102,-1,102,05T35@2,06T34@3,17,119,-1,-1,3
4759,T35,T35,119,7,15,115,-1,115,02T35@1,04T35@2,17,119,-1,-1,2
2716,T09,OTHER,119,2,59,-1,-1,-1,07T09@3,BUYER,0,-1,-1,-1,4
4784,T35,T09,119,60,24,-1,-1,116,05T35@2,07T09@3,17,-1,-1,-1,3
2711,T09,OTHER,119,3,59,-1,-1,-1,07T09@3,BUYER,0,-1,-1,-1,4
4785,T35,T22,119,5,9,117,-1,117,00T35@0,03T22@1,17,119,-1,-1,1
2712,T09,OTHER,119,2,59,-1,-1,-1,07T09@3,BUYER,0,-1,-1,-1,4
4652,T22,T35,119,5,41,109,-1,109,03T22@1,05T35@2,17,119,-1,-1,2
2691,OTHER,T35,119,2,10,46,-1,-1,SELLER,00T35@0,0,119,-1,-1,0
4824,T35,T22,119,5,9,119,-1,119,01T35@0,03T22@1,17,119,-1,-1,1
2715,T34,OTHER,119,4,59,-1,-1,-1,06T34@3,BUYER,0,-1,-1,-1,4
4806,T35,T22,119,5,9,118,-1,118,00T35@0,03T22@1,17,119,-1,-1,1
2693,OTHER,T35,119,3,10,46,-1,-1,SELLER,01T35@0,0,119,-1,-1,0
2699,OTHER,T35,119,2,10,46,-1,-1,SELLER,01T35@0,0,119,-1,-1,0
2697,OTHER,T35,119,2,10,46,-1,-1,SELLER,01T35@0,0,119,-1,-1,0
2700,OTHER,T35,119,2,10,46,-1,-1,SELLER,01T35@0,0,119,-1,-1,0
2694,OTHER,T35,119,4,10,46,-1,-1,SELLER,01T35@0,0,119,-1,-1,0
4781,T35,T09,119,60,24,-1,-1,116,04T35@2,07T09@3,17,-1,-1,-1,3
4808,T35,T22,119,5,10,118,-1,118,01T35@0,03T22@1,17,119,-1,-1,1
4807,T35,T22,119,5,9,118,-1,118,01T35@0,03T22@1,17,119,-1,-1,1
4818,T35,T35,119,7,14,119,-1,119,02T35@1,04T35@2,17,119,-1,-1,2
2702,OTHER,T35,119,1,10,46,-1,-1,SELLER,01T35@0,0,119,-1,-1,0
4780,T22,T35,119,5,43,-1,-1,116,03T22@1,04T35@2,17,-1,-1,-1,2
4754,T22,T35,119,7,15,115,-1,115,03T22@1,04T35@2,17,119,-1,-1,2
2749,T34,OTHER,120,3,59,-1,-1,-1,06T34@3,BUYER,0,-1,-1,-1,4
2722,T34,OTHER,120,2,59,47,-1,-1,06T34@3,BUYER,0,120,-1,-1,4
2720,T34,OTHER,120,3,59,47,-1,-1,06T34@3,BUYER,0,120,-1,-1,4
2739,OTHER,T35,120,5,10,47,-1,-1,SELLER,00T35@0,0,120,-1,-1,0
4844,T35,T22,120,5,10,120,-1,120,00T35@0,03T22@1,17,120,-1,-1,1
4846,T22,T35,120,16,28,-1,-1,120,03T22@1,05T35@2,2,-1,-1,-1,2
2732,T34,OTHER,120,1,59,47,-1,-1,06T34@3,BUYER,0,120,-1,-1,4
2742,T09,OTHER,120,1,59,-1,-1,-1,07T09@3,BUYER,0,-1,-1,-1,4
2746,T09,OTHER,120,3,59,-1,-1,-1,07T09@3,BUYER,0,-1,-1,-1,4
2741,OTHER,T35,120,2,10,47,-1,-1,SELLER,00T35@0,0,120,-1,-1,0
2728,OTHER,T35,120,1,10,47,-1,-1,SELLER,01T35@0,0,120,-1,-1,0
2719,OTHER,T35,120,4,10,47,-1,-1,SELLER,01T35@0,0,120,-1,-1,0
2718,OTHER,T35,120,1,10,47,-1,-1,SELLER,00T35@0,0,120,-1,-1,0
2747,T34,OTHER,120,4,59,-1,-1,-1,06T34@3,BUYER,0,-1,-1,-1,4
2730,OTHER,T35,120,3,10,47,-1,-1,SELLER,01T35@0,0,120,-1,-1,0
2748,T09,OTHER,120,3,59,-1,-1,-1,07T09@3,BUYER,0,-1,-1,-1,4
2724,OTHER,T35,120,1,10,47,-1,-1,SELLER,01T35@0,0,120,-1,-1,0
2733,OTHER,T35,120,3,10,47,-1,-1,SELLER,01T35@0,0,120,-1,-1,0
4708,T22,T35,120,5,41,112,-1,112,03T22@1,05T35@2,17,120,-1,-1,2
4840,T35,T35,120,7,14,120,-1,120,02T35@1,05T35@2,17,120,-1,-1,2
4800,T35,T09,120,60,24,-1,-1,117,04T35@2,07T09@3,17,-1,-1,-1,3
4535,T35,T34,120,1,21,103,-1,103,04T35@2,06T34@3,17,120,-1,-1,3
4673,T22,T35,120,5,41,110,-1,110,03T22@1,05T35@2,17,120,-1,-1,2
4686,T22,T35,120,5,41,111,-1,111,03T22@1,04T35@2,17,120,-1,-1,2
4604,T35,T34,120,10,20,106,-1,106,05T35@2,06T34@3,17,120,-1,-1,3
4828,T35,T22,120,5,9,119,-1,119,01T35@0,03T22@1,17,120,-1,-1,1
4601,T35,T34,120,10,20,106,-1,106,04T35@2,06T34@3,17,120,-1,-1,3
4817,T35,T22,120,5,10,119,-1,119,01T35@0,03T22@1,17,120,-1,-1,1
4782,T22,T35,120,7,15,-1,-1,116,03T22@1,05T35@2,17,-1,-1,-1,2
4802,T35,T22,120,5,10,118,-1,118,00T35@0,03T22@1,17,120,-1,-1,1
4801,T22,T35,120,5,43,-1,-1,117,03T22@1,04T35@2,17,-1,-1,-1,2
4836,T35,T22,120,5,9,120,-1,120,00T35@0,03T22@1,17,120,-1,-1,1
4729,T22,T35,120,5,41,113,-1,113,03T22@1,05T35@2,17,120,-1,-1,2
4688,T22,T35,121,5,41,111,-1,111,03T22@1,05T35@2,17,121,-1,-1,2
4783,T22,T35,121,5,43,-1,-1,116,03T22@1,04T35@2,17,-1,-1,-1,2
4788,T35,T35,121,7,15,117,-1,117,02T35@1,04T35@2,17,121,-1,-1,2
4617,T35,T34,121,10,20,107,-1,107,04T35@2,06T34@3,17,121,-1,-1,3
4792,T35,T35,121,7,15,117,-1,117,02T35@1,05T35@2,17,121,-1,-1,2
4709,T22,T35,121,5,41,112,-1,112,03T22@1,05T35@2,17,121,-1,-1,2
2753,T34,OTHER,121,2,59,48,-1,-1,06T34@3,BUYER,0,121,-1,-1,4
2756,OTHER,T35,121,3,10,48,-1,-1,SELLER,00T35@0,0,121,-1,-1,0
2758,OTHER,T35,121,1,10,48,-1,-1,SELLER,00T35@0,0,121,-1,-1,0
2759,T34,OTHER,121,2,59,48,-1,-1,06T34@3,BUYER,0,121,-1,-1,4
2760,OTHER,T35,121,5,10,48,-1,-1,SELLER,00T35@0,0,121,-1,-1,0
2764,OTHER,T35,121,3,10,48,-1,-1,SELLER,00T35@0,0,121,-1,-1,0
2785,T09,OTHER,121,3,59,-1,-1,-1,07T09@3,BUYER,0,-1,-1,-1,4
2767,OTHER,T35,121,3,10,48,-1,-1,SELLER,01T35@0,0,121,-1,-1,0
2769,OTHER,T35,121,3,10,48,-1,-1,SELLER,01T35@0,0,121,-1,-1,0
2773,OTHER,T35,121,2,10,48,-1,-1,SELLER,01T35@0,0,121,-1,-1,0
2781,T09,OTHER,121,1,59,-1,-1,-1,07T09@3,BUYER,0,-1,-1,-1,4
2780,T34,OTHER,121,2,59,-1,-1,-1,06T34@3,BUYER,0,-1,-1,-1,4
2774,T09,OTHER,121,4,59,-1,-1,-1,07T09@3,BUYER,0,-1,-1,-1,4
2778,T34,OTHER,121,3,59,-1,-1,-1,06T34@3,BUYER,0,-1,-1,-1,4
2776,T09,OTHER,121,2,59,-1,-1,-1,07T09@3,BUYER,0,-1,-1,-1,4
4797,T22,T35,121,7,15,-1,-1,117,03T22@1,04T35@2,17,-1,-1,-1,2
2777,T09,OTHER,121,1,59,-1,-1,-1,07T09@3,BUYER,0,-1,-1,-1,4
4849,T22,T35,121,5,43,-1,-1,120,03T22@1,05T35@2,17,-1,-1,-1,2
4822,T35,T22,121,5,9,119,-1,119,01T35@0,03T22@1,17,121,-1,-1,1
4820,T35,T22,121,5,10,119,-1,119,00T35@0,03T22@1,17,121,-1,-1,1
4848,T35,T09,121,60,21,-1,-1,120,04T35@2,07T09@3,17,-1,-1,-1,3
4857,T35,T35,121,7,14,121,-1,121,02T35@1,05T35@2,17,121,-1,-1,2
4866,T22,T35,121,5,43,-1,-1,121,03T22@1,04T35@2,17,-1,-1,-1,2
4863,T22,T35,121,7,14,-1,-1,121,03T22@1,05T35@2,17,-1,-1,-1,2
4814,T35,T09,121,60,24,-1,-1,118,05T35@2,07T09@3,17,-1,-1,-1,3
4856,T35,T22,121,8,10,121,-1,121,01T35@0,03T22@1,17,121,-1,-1,1
4868,T22,T35,121,16,28,-1,-1,121,03T22@1,05T35@2,2,-1,-1,-1,2
4815,T35,T09,121,60,24,-1,-1,118,04T35@2,07T09@3,17,-1,-1,-1,3
4837,T35,T22,121,5,10,120,-1,120,00T35@0,03T22@1,17,121,-1,-1,1
4838,T35,T22,121,5,9,120,-1,120,00T35@0,03T22@1,17,121,-1,-1,1
4854,T35,T22,121,8,9,121,-1,121,00T35@0,03T22@1,17,121,-1,-1,1
4813,T22,T35,121,5,43,-1,-1,118,03T22@1,05T35@2,17,-1,-1,-1,2
4860,T35,T22,122,5,9,121,-1,121,01T35@0,03T22@1,17,122,-1,-1,1
2802,OTHER,T35,122,2,10,49,-1,-1,SELLER,01T35@0,0,122,-1,-1,0
4629,T35,T34,122,10,20,108,-1,108,05T35@2,06T34@3,17,122,-1,-1,3
2800,OTHER,T35,122,1,10,49,-1,-1,SELLER,01T35@0,0,122,-1,-1,0
2811,T09,OTHER,122,2,59,-1,-1,-1,07T09@3,BUYER,0,-1,-1,-1,4
2797,OTHER,T35,122,3,10,49,-1,-1,SELLER,00T35@0,0,122,-1,-1,0
4798,T22,T35,122,5,43,-1,-1,117,03T22@1,05T35@2,17,-1,-1,-1,2
2794,T34,OTHER,122,4,59,49,-1,-1,06T34@3,BUYER,0,122,-1,-1,4
2792,OTHER,T35,122,4,10,49,-1,-1,SELLER,01T35@0,0,122,-1,-1,0
2790,T34,OTHER,122,1,59,49,-1,-1,06T34@3,BUYER,0,122,-1,-1,4
2789,OTHER,T35,122,1,10,49,-1,-1,SELLER,00T35@0,0,122,-1,-1,0
4853,T35,T22,122,5,10,121,-1,121,00T35@0,03T22@1,17,122,-1,-1,1
4582,T35,T34,122,1,21,105,-1,105,05T35@2,06T34@3,17,122,-1,-1,3
2807,OTHER,T35,122,3,10,49,-1,-1,SELLER,00T35@0,0,122,-1,-1,0
4852,T35,T22,122,5,10,121,-1,121,00T35@0,03T22@1,17,122,-1,-1,1
4829,T22,T35,122,5,43,-1,-1,119,03T22@1,05T35@2,17,-1,-1,-1,2
4873,T35,T22,122,8,9,122,-1,122,01T35@0,03T22@1,17,122,-1,-1,1
4876,T35,T35,122,7,14,122,-1,122,02T35@1,04T35@2,17,122,-1,-1,2
4877,T35,T22,122,8,10,122,-1,122,00T35@0,03T22@1,17,122,-1,-1,1
4883,T22,T35,122,5,43,-1,-1,122,03T22@1,05T35@2,17,-1,-1,-1,2
4884,T22,T35,122,7,14,-1,-1,122,03T22@1,05T35@2,17,-1,-1,-1,2
4832,T35,T09,122,60,24,-1,-1,119,04T35@2,07T09@3,17,-1,-1,-1,3
4842,T35,T22,122,5,9,120,-1,120,01T35@0,03T22@1,17,122,-1,-1,1
2808,OTHER,T35,122,4,10,49,-1,-1,SELLER,00T35@0,0,122,-1,-1,0
4809,T22,T35,122,5,43,118,-1,118,03T22@1,05T35@2,17,122,-1,-1,2
2819,T09,OTHER,122,4,59,-1,-1,-1,07T09@3,BUYER,0,-1,-1,-1,4
2815,T09,OTHER,122,2,59,-1,-1,-1,07T09@3,BUYER,0,-1,-1,-1,4
2814,T34,OTHER,122,3,59,-1,-1,-1,06T34@3,BUYER,0,-1,-1,-1,4
2813,T09,OTHER,122,3,59,-1,-1,-1,07T09@3,BUYER,0,-1,-1,-1,4
4830,T35,T09,122,60,24,-1,-1,119,05T35@2,07T09@3,17,-1,-1,-1,3
2787,OTHER,T35,122,2,10,49,-1,-1,SELLER,01T35@0,0,122,-1,-1,0
2810,T09,OTHER,122,1,59,-1,-1,-1,07T09@3,BUYER,0,-1,-1,-1,4
4728,T22,T35,122,5,41,113,-1,113,03T22@1,05T35@2,17,122,-1,-1,2
4831,T22,T35,123,5,43,-1,-1,119,03T22@1,05T35@2,17,-1,-1,-1,2
4847,T35,T09,123,60,24,-1,-1,120,05T35@2,07T09@3,17,-1,-1,-1,3
4872,T35,T22,123,5,10,122,-1,122,00T35@0,03T22@1,17,123,-1,-1,1
4653,T35,T34,123,10,20,109,-1,109,05T35@2,06T34@3,17,123,-1,-1,3
4658,T35,T34,123,10,20,109,-1,109,04T35@2,06T34@3,17,123,-1,-1,3
4862,T35,T22,123,5,10,121,-1,121,00T35@0,03T22@1,17,123,-1,-1,1
4722,T22,T35,123,5,41,113,-1,113,03T22@1,05T35@2,17,123,-1,-1,2
4892,T35,T22,123,5,9,123,-1,123,00T35@0,03T22@1,17,123,-1,-1,1
4803,T22,T35,123,5,43,118,-1,118,03T22@1,04T35@2,17,123,-1,-1,2
4891,T35,T35,123,7,14,123,-1,123,02T35@1,05T35@2,17,123,-1,-1,2
4874,T35,T22,123,5,10,122,-1,122,00T35@0,03T22@1,17,123,-1,-1,1
4869,T35,T22,123,5,9,122,-1,122,00T35@0,03T22@1,17,123,-1,-1,1
4826,T22,T35,123,7,15,119,-1,119,03T22@1,04T35@2,17,123,-1,-1,2
4737,T22,T35,123,5,41,114,-1,114,03T22@1,05T35@2,17,123,-1,-1,2
2841,OTHER,T35,123,4,10,50,-1,-1,SELLER,00T35@0,0,123,-1,-1,0
2838,T34,OTHER,123,2,59,50,-1,-1,06T34@3,BUYER,0,123,-1,-1,4
2849,T09,OTHER,123,5,59,-1,-1,-1,07T09@3,BUYER,0,-1,-1,-1,4
2854,T09,OTHER,123,3,59,-1,-1,-1,07T09@3,BUYER,0,-1,-1,-1,4
2839,OTHER,T35,123,2,10,50,-1,-1,SELLER,00T35@0,0,123,-1,-1,0
2855,T34,OTHER,123,2,59,-1,-1,-1,06T34@3,BUYER,0,-1,-1,-1,4
2837,T34,OTHER,123,1,59,50,-1,-1,06T34@3,BUYER,0,123,-1,-1,4
2833,OTHER,T35,123,2,10,50,-1,-1,SELLER,00T35@0,0,123,-1,-1,0
2832,T34,OTHER,123,4,59,50,-1,-1,06T34@3,BUYER,0,123,-1,-1,4
2856,T09,OTHER,123,1,59,-1,-1,-1,07T09@3,BUYER,0,-1,-1,-1,4
2831,OTHER,T35,123,2,10,50,-1,-1,SELLER,00T35@0,0,123,-1,-1,0
2829,OTHER,T35,123,2,10,50,-1,-1,SELLER,01T35@0,0,123,-1,-1,0
2828,OTHER,T35,123,3,10,50,-1,-1,SELLER,01T35@0,0,123,-1,-1,0
2827,OTHER,T35,123,1,10,50,-1,-1,SELLER,01T35@0,0,123,-1,-1,0
2826,OTHER,T35,123,2,10,50,-1,-1,SELLER,00T35@0,0,123,-1,-1,0
2822,OTHER,T35,123,2,10,50,-1,-1,SELLER,00T35@0,0,123,-1,-1,0
2845,T09,OTHER,123,1,59,-1,-1,-1,07T09@3,BUYER,0,-1,-1,-1,4
2847,T09,OTHER,123,1,59,-1,-1,-1,07T09@3,BUYER,0,-1,-1,-1,4
2857,OTHER,T35,124,2,10,51,-1,-1,SELLER,01T35@0,0,124,-1,-1,0
2858,OTHER,T35,124,4,10,51,-1,-1,SELLER,00T35@0,0,124,-1,-1,0
4850,T22,T35,124,5,43,-1,-1,120,03T22@1,05T35@2,17,-1,-1,-1,2
2864,OTHER,T35,124,3,10,51,-1,-1,SELLER,00T35@0,0,124,-1,-1,0
2866,T34,OTHER,124,1,59,51,-1,-1,06T34@3,BUYER,0,124,-1,-1,4
2874,OTHER,T35,124,4,10,51,-1,-1,SELLER,01T35@0,0,124,-1,-1,0
4867,T35,T09,124,60,24,-1,-1,121,04T35@2,07T09@3,17,-1,-1,-1,3
2868,OTHER,T35,124,2,10,51,-1,-1,SELLER,00T35@0,0,124,-1,-1,0
4875,T35,T22,124,5,9,122,-1,122,01T35@0,03T22@1,17,124,-1,-1,1
4890,T35,T22,124,5,10,123,-1,123,00T35@0,03T22@1,17,124,-1,-1,1
4894,T35,T22,124,5,10,123,-1,123,01T35@0,03T22@1,17,124,-1,-1,1
4901,T35,T09,124,60,21,-1,-1,123,04T35@2,07T09@3,17,-1,-1,-1,3
4906,T35,T22,124,8,9,124,-1,124,00T35@0,03T22@1,17,124,-1,-1,1
4907,T35,T22,124,8,10,124,-1,124,01T35@0,03T22@1,17,124,-1,-1,1
4864,T35,T09,124,60,24,-1,-1,121,05T35@2,07T09@3,17,-1,-1,-1,3
2869,OTHER,T35,124,2,10,51,-1,-1,SELLER,00T35@0,0,124,-1,-1,0
2859,OTHER,T35,124,3,10,51,-1,-1,SELLER,01T35@0,0,124,-1,-1,0
4841,T22,T35,124,7,15,120,-1,120,03T22@1,05T35@2,17,124,-1,-1,2
2879,T09,OTHER,124,1,59,-1,-1,-1,07T09@3,BUYER,0,-1,-1,-1,4
2881,T09,OTHER,124,3,59,-1,-1,-1,07T09@3,BUYER,0,-1,-1,-1,4
2883,T34,OTHER,124,5,59,-1,-1,-1,06T34@3,BUYER,0,-1,-1,-1,4
2871,T34,OTHER,124,1,59,51,-1,-1,06T34@3,BUYER,0,124,-1,-1,4
2886,T09,OTHER,124,3,59,-1,-1,-1,07T09@3,BUYER,0,-1,-1,-1,4
2887,T34,OTHER,124,4,59,-1,-1,-1,06T34@3,BUYER,0,-1,-1,-1,4
2888,T09,OTHER,124,2,59,-1,-1,-1,07T09@3,BUYER,0,-1,-1,-1,4
4613,T35,T34,124,1,21,107,-1,107,05T35@2,06T34@3,17,124,-1,-1,3
4671,T35,T34,124,10,20,110,-1,110,05T35@2,06T34@3,17,124,-1,-1,3
4752,T22,T35,124,5,41,115,-1,115,03T22@1,05T35@2,17,124,-1,-1,2
2921,T09,OTHER,125,3,59,-1,-1,-1,07T09@3,BUYER,0,-1,-1,-1,4
4885,T35,T09,125,60,24,-1,-1,122,04T35@2,07T09@3,17,-1,-1,-1,3
4889,T35,T22,125,5,10,123,-1,123,00T35@0,03T22@1,17,125,-1,-1,1
4769,T22,T35,125,5,41,116,-1,116,03T22@1,04T35@2,17,125,-1,-1,2
4753,T22,T35,125,5,41,115,-1,115,03T22@1,04T35@2,17,125,-1,-1,2
4635,T35,T34,125,1,21,108,-1,108,04T35@2,06T34@3,17,125,-1,-1,3
4895,T35,T22,125,5,9,123,-1,123,00T35@0,03T22@1,17,125,-1,-1,1
4905,T35,T22,125,5,10,124,-1,124,00T35@0,03T22@1,17,125,-1,-1,1
2920,T09,OTHER,125,5,59,-1,-1,-1,07T09@3,BUYER,0,-1,-1,-1,4
4908,T35,T22,125,5,10,124,-1,124,01T35@0,03T22@1,17,125,-1,-1,1
4910,T35,T22,125,5,9,124,-1,124,01T35@0,03T22@1,17,125,-1,-1,1
4912,T35,T09,125,60,21,-1,-1,124,05T35@2,07T09@3,17,-1,-1,-1,3
4913,T35,T09,125,60,21,-1,-1,124,04T35@2,07T09@3,17,-1,-1,-1,3
4690,T35,T34,125,10,20,111,-1,111,04T35@2,06T34@3,17,125,-1,-1,3
4881,T35,T09,125,60,24,-1,-1,122,05T35@2,07T09@3,17,-1,-1,-1,3
2914,T09,OTHER,125,2,59,-1,-1,-1,07T09@3,BUYER,0,-1,-1,-1,4
2918,T09,OTHER,125,1,59,-1,-1,-1,07T09@3,BUYER,0,-1,-1,-1,4
4845,T22,T35,125,5,43,-1,-1,120,03T22@1,04T35@2,17,-1,-1,-1,2
4915,T22,T35,125,5,43,-1,-1,124,03T22@1,05T35@2,17,-1,-1,-1,2
4835,T22,T35,125,5,41,120,-1,120,03T22@1,04T35@2,17,125,-1,-1,2
2891,OTHER,T35,125,3,10,52,-1,-1,SELLER,00T35@0,0,125,-1,-1,0
2892,OTHER,T35,125,3,10,52,-1,-1,SELLER,01T35@0,0,125,-1,-1,0
4825,T22,T35,125,5,41,119,-1,119,03T22@1,05T35@2,17,125,-1,-1,2
2898,T34,OTHER,125,2,59,52,-1,-1,06T34@3,BUYER,0,125,-1,-1,4
2919,T09,OTHER,125,1,59,-1,-1,-1,07T09@3,BUYER,0,-1,-1,-1,4
2902,T34,OTHER,125,5,59,52,-1,-1,06T34@3,BUYER,0,125,-1,-1,4
4865,T22,T35,125,5,43,-1,-1,121,03T22@1,05T35@2,17,-1,-1,-1,2
2905,OTHER,T35,125,3,10,52,-1,-1,SELLER,00T35@0,0,125,-1,-1,0
2907,OTHER,T35,125,2,10,52,-1,-1,SELLER,00T35@0,0,125,-1,-1,0
2908,OTHER,T35,125,3,10,52,-1,-1,SELLER,01T35@0,0,125,-1,-1,0
2910,OTHER,T35,125,1,10,52,-1,-1,SELLER,01T35@0,0,125,-1,-1,0
2911,OTHER,T35,125,2,10,52,-1,-1,SELLER,01T35@0,0,125,-1,-1,0
4812,T22,T35,125,5,41,118,-1,118,03T22@1,04T35@2,17,125,-1,-1,2
2903,OTHER,T35,125,3,10,52,-1,-1,SELLER,01T35@0,0,125,-1,-1,0
4917,T35,T22,125,5,9,125,-1,125,01T35@0,03T22@1,17,125,-1,-1,1
2893,T34,OTHER,125,1,59,52,-1,-1,06T34@3,BUYER,0,125,-1,-1,4
2954,T09,OTHER,126,3,59,-1,-1,-1,07T09@3,BUYER,0,-1,-1,-1,4
4948,T22,T35,126,7,14,-1,-1,126,03T22@1,04T35@2,17,-1,-1,-1,2
2949,T09,OTHER,126,3,59,-1,-1,-1,07T09@3,BUYER,0,-1,-1,-1,4
2948,T09,OTHER,126,2,59,-1,-1,-1,07T09@3,BUYER,0,-1,-1,-1,4
4944,T22,T35,126,16,28,-1,-1,126,03T22@1,05T35@2,2,-1,-1,-1,2
4793,T22,T35,126,5,41,117,-1,117,03T22@1,05T35@2,17,126,-1,-1,2
4942,T35,T35,126,7,14,126,-1,126,02T35@1,04T35@2,17,126,-1,-1,2
2945,OTHER,T35,126,4,10,53,-1,-1,SELLER,01T35@0,0,126,-1,-1,0
4940,T35,T22,126,5,10,126,-1,126,00T35@0,03T22@1,17,126,-1,-1,1
2943,OTHER,T35,126,2,10,53,-1,-1,SELLER,01T35@0,0,126,-1,-1,0
2940,T34,OTHER,126,2,59,53,-1,-1,06T34@3,BUYER,0,126,-1,-1,4
2938,OTHER,T35,126,3,10,53,-1,-1,SELLER,01T35@0,0,126,-1,-1,0
2937,OTHER,T35,126,1,10,53,-1,-1,SELLER,00T35@0,0,126,-1,-1,0
2952,T09,OTHER,126,3,59,-1,-1,-1,07T09@3,BUYER,0,-1,-1,-1,4
2936,OTHER,T35,126,3,10,53,-1,-1,SELLER,00T35@0,0,126,-1,-1,0
2933,T34,OTHER,126,3,59,53,-1,-1,06T34@3,BUYER,0,126,-1,-1,4
4921,T35,T22,126,5,9,125,-1,125,00T35@0,03T22@1,17,126,-1,-1,1
2932,OTHER,T35,126,1,10,53,-1,-1,SELLER,01T35@0,0,126,-1,-1,0
2931,OTHER,T35,126,4,10,53,-1,-1,SELLER,00T35@0,0,126,-1,-1,0
2928,OTHER,T35,126,2,10,53,-1,-1,SELLER,00T35@0,0,126,-1,-1,0
4703,T35,T34,126,10,20,112,-1,112,05T35@2,06T34@3,17,126,-1,-1,3
4821,T22,T35,126,5,41,119,-1,119,03T22@1,04T35@2,17,126,-1,-1,2
4870,T22,T35,126,7,15,122,-1,122,03T22@1,04T35@2,17,126,-1,-1,2
4880,T35,T35,126,7,15,122,-1,122,02T35@1,05T35@2,17,126,-1,-1,2
4886,T22,T35,126,5,43,-1,-1,122,03T22@1,04T35@2,17,-1,-1,-1,2
4902,T35,T22,126,5,9,124,-1,124,01T35@0,03T22@1,17,126,-1,-1,1
4896,T22,T35,126,5,43,-1,-1,123,03T22@1,04T35@2,17,-1,-1,-1,2
4923,T35,T22,126,5,10,125,-1,125,00T35@0,03T22@1,17,126,-1,-1,1
2956,T09,OTHER,126,4,59,-1,-1,-1,07T09@3,BUYER,0,-1,-1,-1,4
4897,T35,T09,126,60,24,-1,-1,123,05T35@2,07T09@3,17,-1,-1,-1,3
4939,T35,T22,127,5,9,126,-1,126,01T35@0,03T22@1,17,127,-1,-1,1
2957,OTHER,T35,127,3,10,54,-1,-1,SELLER,00T35@0,0,127,-1,-1,0
4898,T22,T35,127,7,15,-1,-1,123,03T22@1,05T35@2,17,-1,-1,-1,2
4954,T35,T35,127,7,14,127,-1,127,02T35@1,04T35@2,17,127,-1,-1,2
4950,T35,T22,127,8,10,127,-1,127,01T35@0,03T22@1,17,127,-1,-1,1
4945,T35,T09,127,60,21,-1,-1,126,04T35@2,07T09@3,17,-1,-1,-1,3
4932,T35,T22,127,5,10,126,-1,126,01T35@0,03T22@1,17,127,-1,-1,1
4929,T22,T35,127,5,43,-1,-1,125,03T22@1,05T35@2,17,-1,-1,-1,2
4927,T35,T22,127,5,10,125,-1,125,00T35@0,03T22@1,17,127,-1,-1,1
4925,T35,T22,127,5,10,125,-1,125,00T35@0,03T22@1,17,127,-1,-1,1
4843,T22,T35,127,5,41,120,-1,120,03T22@1,05T35@2,17,127,-1,-1,2
4674,T35,T34,127,1,21,110,-1,110,04T35@2,06T34@3,17,127,-1,-1,3
4851,T22,T35,127,5,41,121,-1,121,03T22@1,05T35@2,17,127,-1,-1,2
4882,T22,T35,127,5,43,-1,-1,122,03T22@1,04T35@2,17,-1,-1,-1,2
4721,T35,T34,127,10,20,113,-1,113,05T35@2,06T34@3,17,127,-1,-1,3
4899,T22,T35,127,5,43,-1,-1,123,03T22@1,05T35@2,17,-1,-1,-1,2
2958,T34,OTHER,127,4,59,54,-1,-1,06T34@3,BUYER,0,127,-1,-1,4
4961,T35,T22,127,8,9,127,-1,127,00T35@0,03T22@1,17,127,-1,-1,1
2959,OTHER,T35,127,2,10,54,-1,-1,SELLER,00T35@0,0,127,-1,-1,0
4963,T22,T35,127,5,43,-1,-1,127,03T22@1,04T35@2,17,-1,-1,-1,2
2975,OTHER,T35,127,2,10,54,-1,-1,SELLER,00T35@0,0,127,-1,-1,0
2960,OTHER,T35,127,4,10,54,-1,-1,SELLER,01T35@0,0,127,-1,-1,0
2980,T09,OTHER,127,1,59,-1,-1,-1,07T09@3,BUYER,0,-1,-1,-1,4
2982,T34,OTHER,127,2,59,-1,-1,-1,06T34@3,BUYER,0,-1,-1,-1,4
2971,OTHER,T35,127,2,10,54,-1,-1,SELLER,01T35@0,0,127,-1,-1,0
2984,T09,OTHER,127,2,59,-1,-1,-1,07T09@3,BUYER,0,-1,-1,-1,4
2985,T09,OTHER,127,3,59,-1,-1,-1,07T09@3,BUYER,0,-1,-1,-1,4
2983,T09,OTHER,127,3,59,-1,-1,-1,07T09@3,BUYER,0,-1,-1,-1,4
2988,T09,OTHER,127,3,59,-1,-1,-1,07T09@3,BUYER,0,-1,-1,-1,4
2969,OTHER,T35,127,2,10,54,-1,-1,SELLER,01T35@0,0,127,-1,-1,0
2967,OTHER,T35,127,3,10,54,-1,-1,SELLER,00T35@0,0,127,-1,-1,0
2966,OTHER,T35,127,2,10,54,-1,-1,SELLER,00T35@0,0,127,-1,-1,0
2962,T34,OTHER,127,2,59,54,-1,-1,06T34@3,BUYER,0,127,-1,-1,4
4931,T35,T09,128,60,24,-1,-1,125,05T35@2,07T09@3,17,-1,-1,-1,3
4976,T22,T35,128,16,28,-1,-1,128,03T22@1,04T35@2,2,-1,-1,-1,2
4839,T22,T35,128,5,41,120,-1,120,03T22@1,04T35@2,17,128,-1,-1,2
4682,T35,T34,128,1,21,111,-1,111,05T35@2,06T34@3,17,128,-1,-1,3
4914,T22,T35,128,5,43,-1,-1,124,03T22@1,04T35@2,17,-1,-1,-1,2
4741,T35,T34,128,10,20,114,-1,114,04T35@2,06T34@3,17,128,-1,-1,3
4900,T22,T35,128,5,43,-1,-1,123,03T22@1,04T35@2,17,-1,-1,-1,2
2991,OTHER,T35,128,1,10,55,-1,-1,SELLER,00T35@0,0,128,-1,-1,0
4736,T35,T34,128,10,20,114,-1,114,05T35@2,06T34@3,17,128,-1,-1,3
4971,T35,T22,128,5,9,128,-1,128,00T35@0,03T22@1,17,128,-1,-1,1
4928,T35,T09,128,60,24,-1,-1,125,04T35@2,07T09@3,17,-1,-1,-1,3
4934,T35,T22,128,5,10,126,-1,126,00T35@0,03T22@1,17,128,-1,-1,1
2997,T34,OTHER,128,4,59,55,-1,-1,06T34@3,BUYER,0,128,-1,-1,4
4957,T35,T22,128,5,9,127,-1,127,00T35@0,03T22@1,17,128,-1,-1,1
4952,T35,T22,128,5,10,127,-1,127,00T35@0,03T22@1,17,128,-1,-1,1
2998,OTHER,T35,128,3,10,55,-1,-1,SELLER,01T35@0,0,128,-1,-1,0
4969,T22,T35,128,5,43,128,-1,128,03T22@1,04T35@2,17,128,-1,-1,2
4949,T35,T22,128,5,10,127,-1,127,00T35@0,03T22@1,17,128,-1,-1,1
3002,OTHER,T35,128,3,10,55,-1,-1,SELLER,01T35@0,0,128,-1,-1,0
3006,OTHER,T35,128,5,10,55,-1,-1,SELLER,01T35@0,0,128,-1,-1,0
3007,OTHER,T35,128,4,10,55,-1,-1,SELLER,00T35@0,0,128,-1,-1,0
3012,T34,OTHER,128,6,59,-1,-1,-1,06T34@3,BUYER,0,-1,-1,-1,4
3018,T09,OTHER,128,3,59,-1,-1,-1,07T09@3,BUYER,0,-1,-1,-1,4
2993,OTHER,T35,128,2,10,55,-1,-1,SELLER,00T35@0,0,128,-1,-1,0
3019,T09,OTHER,128,3,59,-1,-1,-1,07T09@3,BUYER,0,-1,-1,-1,4
3021,T34,OTHER,128,1,59,-1,-1,-1,06T34@3,BUYER,0,-1,-1,-1,4
4938,T35,T22,128,5,9,126,-1,126,00T35@0,03T22@1,17,128,-1,-1,1
2995,OTHER,T35,128,2,10,55,-1,-1,SELLER,01T35@0,0,128,-1,-1,0
3020,T34,OTHER,128,3,59,-1,-1,-1,06T34@3,BUYER,0,-1,-1,-1,4
3024,T34,OTHER,129,2,59,56,-1,-1,06T34@3,BUYER,0,129,-1,-1,4
3052,T34,OTHER,129,3,59,-1,-1,-1,06T34@3,BUYER,0,-1,-1,-1,4
3051,T09,OTHER,129,2,59,-1,-1,-1,07T09@3,BUYER,0,-1,-1,-1,4
3050,T34,OTHER,129,2,59,-1,-1,-1,06T34@3,BUYER,0,-1,-1,-1,4
3027,OTHER,T35,129,3,10,56,-1,-1,SELLER,00T35@0,0,129,-1,-1,0
3043,T09,OTHER,129,2,59,-1,-1,-1,07T09@3,BUYER,0,-1,-1,-1,4
3029,OTHER,T35,129,4,10,56,-1,-1,SELLER,01T35@0,0,129,-1,-1,0
4761,T35,T34,129,10,20,115,-1,115,05T35@2,06T34@3,17,129,-1,-1,3
3032,T34,OTHER,129,3,59,56,-1,-1,06T34@3,BUYER,0,129,-1,-1,4
3048,T09,OTHER,129,1,59,-1,-1,-1,07T09@3,BUYER,0,-1,-1,-1,4
3038,OTHER,T35,129,1,10,56,-1,-1,SELLER,00T35@0,0,129,-1,-1,0
3022,OTHER,T35,129,3,10,56,-1,-1,SELLER,01T35@0,0,129,-1,-1,0
3039,OTHER,T35,129,6,10,56,-1,-1,SELLER,00T35@0,0,129,-1,-1,0
4705,T35,T34,129,1,21,112,-1,112,04T35@2,06T34@3,17,129,-1,-1,3
3047,T09,OTHER,129,5,59,-1,-1,-1,07T09@3,BUYER,0,-1,-1,-1,4
3041,OTHER,T35,129,3,10,56,-1,-1,SELLER,01T35@0,0,129,-1,-1,0
4819,T22,T35,129,5,41,119,-1,119,03T22@1,05T35@2,17,129,-1,-1,2
4858,T22,T35,129,5,41,121,-1,121,03T22@1,04T35@2,17,129,-1,-1,2
4930,T22,T35,129,5,43,-1,-1,125,03T22@1,05T35@2,17,-1,-1,-1,2
4984,T35,T22,129,8,9,129,-1,129,00T35@0,03T22@1,17,129,-1,-1,1
4987,T35,T22,129,8,10,129,-1,129,01T35@0,03T22@1,17,129,-1,-1,1
4989,T35,T22,129,5,9,129,-1,129,00T35@0,03T22@1,17,129,-1,-1,1
4966,T35,T22,129,5,9,128,-1,128,01T35@0,03T22@1,17,129,-1,-1,1
4967,T35,T22,129,5,10,128,-1,128,00T35@0,03T22@1,17,129,-1,-1,1
4943,T22,T35,129,5,43,-1,-1,126,03T22@1,05T35@2,17,-1,-1,-1,2
4958,T35,T22,129,5,10,127,-1,127,00T35@0,03T22@1,17,129,-1,-1,1
4918,T35,T35,129,7,15,125,-1,125,02T35@1,04T35@2,17,129,-1,-1,2
4920,T22,T35,129,7,15,125,-1,125,03T22@1,04T35@2,17,129,-1,-1,2
4973,T35,T22,129,5,10,128,-1,128,00T35@0,03T22@1,17,129,-1,-1,1
4946,T35,T09,129,60,24,-1,-1,126,05T35@2,07T09@3,17,-1,-1,-1,3
3074,T09,OTHER,130,4,59,-1,-1,-1,07T09@3,BUYER,0,-1,-1,-1,4
4979,T22,T35,130,5,43,-1,-1,128,03T22@1,04T35@2,17,-1,-1,-1,2
3073,T09,OTHER,130,1,59,-1,-1,-1,07T09@3,BUYER,0,-1,-1,-1,4
3072,OTHER,T35,130,1,10,57,-1,-1,SELLER,00T35@0,0,130,-1,-1,0
3068,T34,OTHER,130,1,59,57,-1,-1,06T34@3,BUYER,0,130,-1,-1,4
4972,T35,T22,130,5,10,128,-1,128,01T35@0,03T22@1,17,130,-1,-1,1
3066,OTHER,T35,130,4,10,57,-1,-1,SELLER,01T35@0,0,130,-1,-1,0
3063,OTHER,T35,130,3,10,57,-1,-1,SELLER,01T35@0,0,130,-1,-1,0
4965,T35,T09,130,60,24,-1,-1,127,04T35@2,07T09@3,17,-1,-1,-1,3
4964,T35,T09,130,60,24,-1,-1,127,05T35@2,07T09@3,17,-1,-1,-1,3
5008,T22,T35,130,7,14,-1,-1,130,03T22@1,05T35@2,17,-1,-1,-1,2
3061,OTHER,T35,130,2,10,57,-1,-1,SELLER,00T35@0,0,130,-1,-1,0
3075,T34,OTHER,130,3,59,-1,-1,-1,06T34@3,BUYER,0,-1,-1,-1,4
3070,OTHER,T35,130,5,10,57,-1,-1,SELLER,00T35@0,0,130,-1,-1,0
3077,T09,OTHER,130,2,59,-1,-1,-1,07T09@3,BUYER,0,-1,-1,-1,4
4994,T35,T09,130,60,21,-1,-1,129,04T35@2,07T09@3,17,-1,-1,-1,3
4916,T22,T35,130,5,41,125,-1,125,03T22@1,05T35@2,17,130,-1,-1,2
4887,T22,T35,130,5,41,123,-1,123,03T22@1,04T35@2,17,130,-1,-1,2
4717,T35,T34,130,1,21,113,-1,113,04T35@2,06T34@3,17,130,-1,-1,3
3057,OTHER,T35,130,2,10,57,-1,-1,SELLER,00T35@0,0,130,-1,-1,0
4924,T22,T35,130,5,43,125,-1,125,03T22@1,05T35@2,17,130,-1,-1,2
3082,T09,OTHER,130,4,59,-1,-1,-1,07T09@3,BUYER,0,-1,-1,-1,4
3060,OTHER,T35,130,3,10,57,-1,-1,SELLER,01T35@0,0,130,-1,-1,0
3056,T34,OTHER,130,2,59,57,-1,-1,06T34@3,BUYER,0,130,-1,-1,4
4982,T35,T22,130,5,9,129,-1,129,01T35@0,03T22@1,17,130,-1,-1,1
4878,T22,T35,130,5,41,122,-1,122,03T22@1,04T35@2,17,130,-1,-1,2
3079,T34,OTHER,130,3,59,-1,-1,-1,06T34@3,BUYER,0,-1,-1,-1,4
4988,T35,T22,130,5,9,129,-1,129,00T35@0,03T22@1,17,130,-1,-1,1
5003,T35,T22,130,5,10,130,-1,130,01T35@0,03T22@1,17,130,-1,-1,1
5024,T22,T35,131,7,14,-1,-1,131,03T22@1,04T35@2,17,-1,-1,-1,2
3100,OTHER,T35,131,3,10,58,-1,-1,SELLER,00T35@0,0,131,-1,-1,0
3106,OTHER,T35,131,2,10,58,-1,-1,SELLER,00T35@0,0,131,-1,-1,0
4947,T22,T35,131,5,43,-1,-1,126,03T22@1,04T35@2,17,-1,-1,-1,2
5017,T35,T22,131,5,9,131,-1,131,01T35@0,03T22@1,17,131,-1,-1,1
3107,T09,OTHER,131,3,59,-1,-1,-1,07T09@3,BUYER,0,-1,-1,-1,4
5015,T35,T35,131,7,14,131,-1,131,02T35@1,04T35@2,17,131,-1,-1,2
3111,T34,OTHER,131,3,59,-1,-1,-1,06T34@3,BUYER,0,-1,-1,-1,4
4794,T35,T34,131,10,20,117,-1,117,04T35@2,06T34@3,17,131,-1,-1,3
3115,T09,OTHER,131,3,59,-1,-1,-1,07T09@3,BUYER,0,-1,-1,-1,4
5009,T35,T09,131,60,21,-1,-1,130,04T35@2,07T09@3,17,-1,-1,-1,3
5011,T35,T22,131,5,9,131,-1,131,01T35@0,03T22@1,17,131,-1,-1,1
3099,OTHER,T35,131,1,10,58,-1,-1,SELLER,01T35@0,0,131,-1,-1,0
3104,OTHER,T35,131,1,10,58,-1,-1,SELLER,00T35@0,0,131,-1,-1,0
3102,T34,OTHER,131,2,59,58,-1,-1,06T34@3,BUYER,0,131,-1,-1,4
4997,T35,T22,131,5,10,130,-1,130,00T35@0,03T22@1,17,131,-1,-1,1
5002,T35,T22,131,5,10,130,-1,130,00T35@0,03T22@1,17,131,-1,-1,1
3095,OTHER,T35,131,2,10,58,-1,-1,SELLER,01T35@0,0,131,-1,-1,0
3094,OTHER,T35,131,3,10,58,-1,-1,SELLER,00T35@0,0,131,-1,-1,0
3091,OTHER,T35,131,3,10,58,-1,-1,SELLER,01T35@0,0,131,-1,-1,0
3088,OTHER,T35,131,2,10,58,-1,-1,SELLER,01T35@0,0,131,-1,-1,0
3086,T34,OTHER,131,3,59,58,-1,-1,06T34@3,BUYER,0,131,-1,-1,4
5025,T22,T35,131,16,28,-1,-1,131,03T22@1,05T35@2,2,-1,-1,-1,2
4991,T35,T22,131,5,9,129,-1,129,01T35@0,03T22@1,17,131,-1,-1,1
3113,T34,OTHER,131,1,59,-1,-1,-1,06T34@3,BUYER,0,-1,-1,-1,4
3103,OTHER,T35,131,3,10,58,-1,-1,SELLER,01T35@0,0,131,-1,-1,0
4980,T35,T09,131,60,24,-1,-1,128,05T35@2,07T09@3,17,-1,-1,-1,3
4978,T22,T35,131,5,43,-1,-1,128,03T22@1,04T35@2,17,-1,-1,-1,2
3098,T34,OTHER,131,3,59,58,-1,-1,06T34@3,BUYER,0,131,-1,-1,4
4977,T35,T09,131,60,24,-1,-1,128,04T35@2,07T09@3,17,-1,-1,-1,3
4855,T22,T35,131,5,41,121,-1,121,03T22@1,05T35@2,17,131,-1,-1,2
3114,T09,OTHER,131,2,59,-1,-1,-1,07T09@3,BUYER,0,-1,-1,-1,4
4962,T22,T35,131,7,15,127,-1,127,03T22@1,04T35@2,17,131,-1,-1,2
4935,T22,T35,132,5,41,126,-1,126,03T22@1,05T35@2,17,132,-1,-1,2
4993,T35,T09,132,60,24,-1,-1,129,05T35@2,07T09@3,17,-1,-1,-1,3
4805,T35,T34,132,10,20,118,-1,118,04T35@2,06T34@3,17,132,-1,-1,3
4756,T35,T34,132,1,21,115,-1,115,04T35@2,06T34@3,17,132,-1,-1,3
4970,T22,T35,132,5,43,128,-1,128,03T22@1,04T35@2,17,132,-1,-1,2
5005,T35,T22,132,5,10,130,-1,130,01T35@0,03T22@1,17,132,-1,-1,1
4992,T22,T35,132,5,43,-1,-1,129,03T22@1,04T35@2,17,-1,-1,-1,2
3133,T34,OTHER,132,3,59,59,-1,-1,06T34@3,BUYER,0,132,-1,-1,4
3120,OTHER,T35,132,3,10,59,-1,-1,SELLER,01T35@0,0,132,-1,-1,0
5034,T35,T22,132,5,9,132,-1,132,00T35@0,03T22@1,17,132,-1,-1,1
4904,T22,T35,132,5,41,124,-1,124,03T22@1,05T35@2,17,132,-1,-1,2
5044,T22,T35,132,16,28,-1,-1,132,03T22@1,04T35@2,2,-1,-1,-1,2
5030,T35,T22,132,5,10,132,-1,132,00T35@0,03T22@1,17,132,-1,-1,1
5018,T35,T22,132,5,9,131,-1,131,01T35@0,03T22@1,17,132,-1,-1,1
5028,T35,T35,132,7,14,132,-1,132,02T35@1,04T35@2,17,132,-1,-1,2
5026,T35,T09,132,60,21,-1,-1,131,04T35@2,07T09@3,17,-1,-1,-1,3
3116,OTHER,T35,132,2,10,59,-1,-1,SELLER,01T35@0,0,132,-1,-1,0
3148,T09,OTHER,132,4,59,-1,-1,-1,07T09@3,BUYER,0,-1,-1,-1,4
3147,T34,OTHER,132,3,59,-1,-1,-1,06T34@3,BUYER,0,-1,-1,-1,4
3145,T09,OTHER,132,2,59,-1,-1,-1,07T09@3,BUYER,0,-1,-1,-1,4
3144,T09,OTHER,132,3,59,-1,-1,-1,07T09@3,BUYER,0,-1,-1,-1,4
3143,T09,OTHER,132,1,59,-1,-1,-1,07T09@3,BUYER,0,-1,-1,-1,4
4999,T35,T22,132,5,9,130,-1,130,01T35@0,03T22@1,17,132,-1,-1,1
3135,OTHER,T35,132,3,10,59,-1,-1,SELLER,00T35@0,0,132,-1,-1,0
3140,T09,OTHER,132,3,59,-1,-1,-1,07T09@3,BUYER,0,-1,-1,-1,4
3138,T09,OTHER,132,1,59,-1,-1,-1,07T09@3,BUYER,0,-1,-1,-1,4
3121,OTHER,T35,132,3,10,59,-1,-1,SELLER,01T35@0,0,132,-1,-1,0
3137,OTHER,T35,132,1,10,59,-1,-1,SELLER,01T35@0,0,132,-1,-1,0
3128,OTHER,T35,132,3,10,59,-1,-1,SELLER,01T35@0,0,132,-1,-1,0
3130,OTHER,T35,132,3,10,59,-1,-1,SELLER,00T35@0,0,132,-1,-1,0
5023,T35,T09,132,60,21,-1,-1,131,05T35@2,07T09@3,17,-1,-1,-1,3
3136,OTHER,T35,132,2,10,59,-1,-1,SELLER,00T35@0,0,132,-1,-1,0
3175,T09,OTHER,133,4,59,-1,-1,-1,07T09@3,BUYER,0,-1,-1,-1,4
3176,T09,OTHER,133,3,59,-1,-1,-1,07T09@3,BUYER,0,-1,-1,-1,4
5014,T35,T22,133,5,10,131,-1,131,01T35@0,03T22@1,17,133,-1,-1,1
3178,T09,OTHER,133,2,59,-1,-1,-1,07T09@3,BUYER,0,-1,-1,-1,4
4986,T22,T35,133,5,43,129,-1,129,03T22@1,05T35@2,17,133,-1,-1,2
3182,T09,OTHER,133,1,59,-1,-1,-1,07T09@3,BUYER,0,-1,-1,-1,4
3168,OTHER,T35,133,4,10,60,-1,-1,SELLER,00T35@0,0,133,-1,-1,0
3184,T34,OTHER,133,1,59,-1,-1,-1,06T34@3,BUYER,0,-1,-1,-1,4
5046,T35,T35,133,7,14,133,-1,133,02T35@1,05T35@2,17,133,-1,-1,2
4770,T35,T34,133,1,21,116,-1,116,05T35@2,06T34@3,17,133,-1,-1,3
5043,T22,T35,133,5,43,-1,-1,132,03T22@1,05T35@2,17,-1,-1,-1,2
5037,T35,T22,133,5,9,132,-1,132,00T35@0,03T22@1,17,133,-1,-1,1
5036,T35,T22,133,5,9,132,-1,132,01T35@0,03T22@1,17,133,-1,-1,1
5051,T35,T22,133,5,9,133,-1,133,00T35@0,03T22@1,17,133,-1,-1,1
3174,T09,OTHER,133,2,59,-1,-1,-1,07T09@3,BUYER,0,-1,-1,-1,4
3162,OTHER,T35,133,1,10,60,-1,-1,SELLER,00T35@0,0,133,-1,-1,0
4941,T22,T35,133,5,41,126,-1,126,03T22@1,04T35@2,17,133,-1,-1,2
4827,T35,T34,133,10,20,119,-1,119,04T35@2,06T34@3,17,133,-1,-1,3
4926,T22,T35,133,5,41,125,-1,125,03T22@1,04T35@2,17,133,-1,-1,2
4951,T22,T35,133,5,41,127,-1,127,03T22@1,04T35@2,17,133,-1,-1,2
3151,OTHER,T35,133,4,10,60,-1,-1,SELLER,01T35@0,0,133,-1,-1,0
3152,OTHER,T35,133,1,10,60,-1,-1,SELLER,01T35@0,0,133,-1,-1,0
5007,T35,T09,133,60,24,-1,-1,130,05T35@2,07T09@3,17,-1,-1,-1,3
3154,T34,OTHER,133,5,59,60,-1,-1,06T34@3,BUYER,0,133,-1,-1,4
3155,OTHER,T35,133,3,10,60,-1,-1,SELLER,01T35@0,0,133,-1,-1,0
3158,OTHER,T35,133,2,10,60,-1,-1,SELLER,00T35@0,0,133,-1,-1,0
3160,T34,OTHER,133,2,59,60,-1,-1,06T34@3,BUYER,0,133,-1,-1,4
5012,T35,T22,133,5,9,131,-1,131,00T35@0,03T22@1,17,133,-1,-1,1
5027,T22,T35,133,5,43,-1,-1,131,03T22@1,04T35@2,17,-1,-1,-1,2
4778,T35,T34,133,1,21,116,-1,116,04T35@2,06T34@3,17,133,-1,-1,3
3163,OTHER,T35,133,3,10,60,-1,-1,SELLER,00T35@0,0,133,-1,-1,0
5065,T22,T35,133,23,28,-1,-1,133,03T22@1,04T35@2,2,-1,-1,-1,2
4974,T22,T35,133,5,43,128,-1,128,03T22@1,04T35@2,17,133,-1,-1,2
3167,OTHER,T35,133,2,10,60,-1,-1,SELLER,01T35@0,0,133,-1,-1,0
5062,T22,T35,133,7,14,-1,-1,133,03T22@1,04T35@2,17,-1,-1,-1,2
5010,T22,T35,134,5,43,-1,-1,130,03T22@1,04T35@2,17,-1,-1,-1,2
5033,T35,T22,134,5,9,132,-1,132,01T35@0,03T22@1,17,134,-1,-1,1
4995,T35,T35,134,7,15,130,-1,130,02T35@1,05T35@2,17,134,-1,-1,2
5067,T35,T35,134,7,14,134,-1,134,02T35@1,05T35@2,17,134,-1,-1,2
5063,T35,T09,134,60,21,-1,-1,133,05T35@2,07T09@3,17,-1,-1,-1,3
5061,T35,T09,134,60,21,-1,-1,133,04T35@2,07T09@3,17,-1,-1,-1,3
5060,T35,T22,134,5,10,133,-1,133,01T35@0,03T22@1,17,134,-1,-1,1
5054,T35,T22,134,5,10,133,-1,133,00T35@0,03T22@1,17,134,-1,-1,1
3188,T34,OTHER,134,3,59,61,-1,-1,06T34@3,BUYER,0,134,-1,-1,4
5068,T35,T22,134,8,10,134,-1,134,01T35@0,03T22@1,17,134,-1,-1,1
5045,T22,T35,134,5,43,-1,-1,132,03T22@1,05T35@2,17,-1,-1,-1,2
3190,OTHER,T35,134,1,10,61,-1,-1,SELLER,01T35@0,0,134,-1,-1,0
3194,OTHER,T35,134,2,10,61,-1,-1,SELLER,00T35@0,0,134,-1,-1,0
4903,T22,T35,134,5,41,124,-1,124,03T22@1,04T35@2,17,134,-1,-1,2
3195,OTHER,T35,134,1,10,61,-1,-1,SELLER,01T35@0,0,134,-1,-1,0
3197,T34,OTHER,134,2,59,61,-1,-1,06T34@3,BUYER,0,134,-1,-1,4
3198,OTHER,T35,134,3,10,61,-1,-1,SELLER,01T35@0,0,134,-1,-1,0
3189,OTHER,T35,134,3,10,61,-1,-1,SELLER,00T35@0,0,134,-1,-1,0
5070,T35,T22,134,8,10,134,-1,134,00T35@0,03T22@1,17,134,-1,-1,1
5073,T35,T22,134,5,9,134,-1,134,01T35@0,03T22@1,17,134,-1,-1,1
3213,T09,OTHER,134,1,59,-1,-1,-1,07T09@3,BUYER,0,-1,-1,-1,4
4981,T22,T35,134,5,43,129,-1,129,03T22@1,05T35@2,17,134,-1,-1,2
3218,T34,OTHER,134,4,59,-1,-1,-1,06T34@3,BUYER,0,-1,-1,-1,4
3217,T34,OTHER,134,1,59,-1,-1,-1,06T34@3,BUYER,0,-1,-1,-1,4
3216,T09,OTHER,134,1,59,-1,-1,-1,07T09@3,BUYER,0,-1,-1,-1,4
4795,T35,T34,134,1,21,117,-1,117,05T35@2,06T34@3,17,134,-1,-1,3
3202,OTHER,T35,134,5,10,61,-1,-1,SELLER,01T35@0,0,134,-1,-1,0
3201,OTHER,T35,134,2,10,61,-1,-1,SELLER,00T35@0,0,134,-1,-1,0
3209,T09,OTHER,134,4,59,-1,-1,-1,07T09@3,BUYER,0,-1,-1,-1,4
3205,OTHER,T35,134,3,10,61,-1,-1,SELLER,00T35@0,0,134,-1,-1,0
5022,T22,T35,134,5,43,131,-1,131,03T22@1,05T35@2,17,134,-1,-1,2
5082,T22,T35,134,5,43,-1,-1,134,03T22@1,05T35@2,17,-1,-1,-1,2
5081,T22,T35,134,7,14,-1,-1,134,03T22@1,05T35@2,17,-1,-1,-1,2
3207,T09,OTHER,134,4,59,-1,-1,-1,07T09@3,BUYER,0,-1,-1,-1,4
3237,OTHER,T35,135,1,10,62,-1,-1,SELLER,00T35@0,0,135,-1,-1,0
3240,OTHER,T35,135,4,10,62,-1,-1,SELLER,01T35@0,0,135,-1,-1,0
3230,OTHER,T35,135,4,10,62,-1,-1,SELLER,01T35@0,0,135,-1,-1,0
3222,OTHER,T35,135,2,10,62,-1,-1,SELLER,00T35@0,0,135,-1,-1,0
3220,T34,OTHER,135,4,59,62,-1,-1,06T34@3,BUYER,0,135,-1,-1,4
3221,OTHER,T35,135,2,10,62,-1,-1,SELLER,01T35@0,0,135,-1,-1,0
3236,OTHER,T35,135,5,10,62,-1,-1,SELLER,00T35@0,0,135,-1,-1,0
3242,T09,OTHER,135,2,59,-1,-1,-1,07T09@3,BUYER,0,-1,-1,-1,4
5086,T35,T22,135,8,9,135,-1,135,00T35@0,03T22@1,17,135,-1,-1,1
5080,T22,T35,135,5,43,-1,-1,134,03T22@1,05T35@2,17,-1,-1,-1,2
5078,T35,T09,135,60,21,-1,-1,134,04T35@2,07T09@3,17,-1,-1,-1,3
3241,T09,OTHER,135,2,59,-1,-1,-1,07T09@3,BUYER,0,-1,-1,-1,4
5053,T35,T22,135,5,10,133,-1,133,00T35@0,03T22@1,17,135,-1,-1,1
5052,T35,T22,135,5,10,133,-1,133,00T35@0,03T22@1,17,135,-1,-1,1
5092,T35,T22,135,8,10,135,-1,135,01T35@0,03T22@1,17,135,-1,-1,1
5042,T35,T09,135,60,24,-1,-1,132,04T35@2,07T09@3,17,-1,-1,-1,3
5040,T22,T35,135,5,43,-1,-1,132,03T22@1,04T35@2,17,-1,-1,-1,2
5021,T22,T35,135,5,43,131,-1,131,03T22@1,05T35@2,17,135,-1,-1,2
4933,T22,T35,135,5,41,126,-1,126,03T22@1,04T35@2,17,135,-1,-1,2
4955,T22,T35,135,5,41,127,-1,127,03T22@1,05T35@2,17,135,-1,-1,2
4990,T22,T35,135,5,41,129,-1,129,03T22@1,04T35@2,17,135,-1,-1,2
5001,T22,T35,135,5,41,130,-1,130,03T22@1,05T35@2,17,135,-1,-1,2
5041,T35,T09,135,60,24,-1,-1,132,05T35@2,07T09@3,17,-1,-1,-1,3
5095,T22,T35,135,5,43,-1,-1,135,03T22@1,05T35@2,17,-1,-1,-1,2
5075,T35,T22,135,5,9,134,-1,134,01T35@0,03T22@1,17,135,-1,-1,1
3233,OTHER,T35,135,2,10,62,-1,-1,SELLER,00T35@0,0,135,-1,-1,0
3251,T09,OTHER,135,2,59,-1,-1,-1,07T09@3,BUYER,0,-1,-1,-1,4
3249,T09,OTHER,135,2,59,-1,-1,-1,07T09@3,BUYER,0,-1,-1,-1,4
3248,T34,OTHER,135,1,59,-1,-1,-1,06T34@3,BUYER,0,-1,-1,-1,4
3247,T09,OTHER,135,3,59,-1,-1,-1,07T09@3,BUYER,0,-1,-1,-1,4
4810,T35,T34,135,1,21,118,-1,118,05T35@2,06T34@3,17,135,-1,-1,3
3243,T09,OTHER,135,3,59,-1,-1,-1,07T09@3,BUYER,0,-1,-1,-1,4
3246,T34,OTHER,135,1,59,-1,-1,-1,06T34@3,BUYER,0,-1,-1,-1,4
4960,T22,T35,136,5,41,127,-1,127,03T22@1,05T35@2,17,136,-1,-1,2
5038,T22,T35,136,7,15,132,-1,132,03T22@1,04T35@2,17,136,-1,-1,2
3281,T34,OTHER,136,3,59,-1,-1,-1,06T34@3,BUYER,0,-1,-1,-1,4
5020,T22,T35,136,5,43,131,-1,131,03T22@1,04T35@2,17,136,-1,-1,2
4879,T35,T34,136,10,20,122,-1,122,05T35@2,06T34@3,17,136,-1,-1,3
3252,T34,OTHER,136,3,59,63,-1,-1,06T34@3,BUYER,0,136,-1,-1,4
4823,T35,T34,136,1,21,119,-1,119,05T35@2,06T34@3,17,136,-1,-1,3
5064,T22,T35,136,5,43,-1,-1,133,03T22@1,05T35@2,17,-1,-1,-1,2
5071,T35,T22,136,5,10,134,-1,134,00T35@0,03T22@1,17,136,-1,-1,1
3254,OTHER,T35,136,2,10,63,-1,-1,SELLER,00T35@0,0,136,-1,-1,0
3258,OTHER,T35,136,3,10,63,-1,-1,SELLER,01T35@0,0,136,-1,-1,0
3263,OTHER,T35,136,2,10,63,-1,-1,SELLER,00T35@0,0,136,-1,-1,0
3266,OTHER,T35,136,2,10,63,-1,-1,SELLER,01T35@0,0,136,-1,-1,0
3267,T34,OTHER,136,1,59,63,-1,-1,06T34@3,BUYER,0,136,-1,-1,4
3262,OTHER,T35,136,2,10,63,-1,-1,SELLER,01T35@0,0,136,-1,-1,0
3271,T09,OTHER,136,3,59,-1,-1,-1,07T09@3,BUYER,0,-1,-1,-1,4
3273,T09,OTHER,136,2,59,-1,-1,-1,07T09@3,BUYER,0,-1,-1,-1,4
5089,T35,T22,136,5,10,135,-1,135,01T35@0,03T22@1,17,136,-1,-1,1
5072,T35,T22,136,5,10,134,-1,134,01T35@0,03T22@1,17,136,-1,-1,1
3275,T09,OTHER,136,2,59,-1,-1,-1,07T09@3,BUYER,0,-1,-1,-1,4
3261,OTHER,T35,136,6,10,63,-1,-1,SELLER,00T35@0,0,136,-1,-1,0
5084,T35,T22,136,5,10,135,-1,135,00T35@0,03T22@1,17,136,-1,-1,1
3274,T09,OTHER,136,2,59,-1,-1,-1,07T09@3,BUYER,0,-1,-1,-1,4
5096,T35,T09,136,60,21,-1,-1,135,05T35@2,07T09@3,17,-1,-1,-1,3
3276,T09,OTHER,136,1,59,-1,-1,-1,07T09@3,BUYER,0,-1,-1,-1,4
5100,T35,T22,136,5,9,136,-1,136,01T35@0,03T22@1,17,136,-1,-1,1
3260,OTHER,T35,136,3,10,63,-1,-1,SELLER,01T35@0,0,136,-1,-1,0
3278,T09,OTHER,136,3,59,-1,-1,-1,07T09@3,BUYER,0,-1,-1,-1,4
3314,T09,OTHER,137,2,59,-1,-1,-1,07T09@3,BUYER,0,-1,-1,-1,4
3313,T34,OTHER,137,4,59,-1,-1,-1,06T34@3,BUYER,0,-1,-1,-1,4
3283,OTHER,T35,137,1,10,64,-1,-1,SELLER,01T35@0,0,137,-1,-1,0
3309,T09,OTHER,137,1,59,-1,-1,-1,07T09@3,BUYER,0,-1,-1,-1,4
3287,OTHER,T35,137,1,10,64,-1,-1,SELLER,00T35@0,0,137,-1,-1,0
3293,T34,OTHER,137,2,59,64,-1,-1,06T34@3,BUYER,0,137,-1,-1,4
3295,T34,OTHER,137,1,59,64,-1,-1,06T34@3,BUYER,0,137,-1,-1,4
3306,T09,OTHER,137,3,59,-1,-1,-1,07T09@3,BUYER,0,-1,-1,-1,4
3291,OTHER,T35,137,2,10,64,-1,-1,SELLER,00T35@0,0,137,-1,-1,0
3305,OTHER,T35,137,5,10,64,-1,-1,SELLER,01T35@0,0,137,-1,-1,0
3303,OTHER,T35,137,4,10,64,-1,-1,SELLER,01T35@0,0,137,-1,-1,0
3292,OTHER,T35,137,3,10,64,-1,-1,SELLER,00T35@0,0,137,-1,-1,0
3297,OTHER,T35,137,4,10,64,-1,-1,SELLER,00T35@0,0,137,-1,-1,0
3289,T34,OTHER,137,2,59,64,-1,-1,06T34@3,BUYER,0,137,-1,-1,4
3307,T09,OTHER,137,5,59,-1,-1,-1,07T09@3,BUYER,0,-1,-1,-1,4
5019,T22,T35,137,5,41,131,-1,131,03T22@1,05T35@2,17,137,-1,-1,2
5050,T22,T35,137,7,15,133,-1,133,03T22@1,05T35@2,17,137,-1,-1,2
5098,T35,T22,137,5,9,136,-1,136,01T35@0,03T22@1,17,137,-1,-1,1
5099,T35,T22,137,5,10,136,-1,136,01T35@0,03T22@1,17,137,-1,-1,1
4833,T35,T34,137,1,21,120,-1,120,05T35@2,06T34@3,17,137,-1,-1,3
5104,T35,T22,137,5,10,136,-1,136,01T35@0,03T22@1,17,137,-1,-1,1
4834,T35,T34,137,1,21,120,-1,120,04T35@2,06T34@3,17,137,-1,-1,3
5107,T35,T09,137,60,21,-1,-1,136,04T35@2,07T09@3,17,-1,-1,-1,3
5083,T35,T22,137,5,10,135,-1,135,01T35@0,03T22@1,17,137,-1,-1,1
5079,T35,T09,137,60,24,-1,-1,134,05T35@2,07T09@3,17,-1,-1,-1,3
5004,T22,T35,137,5,41,130,-1,130,03T22@1,04T35@2,17,137,-1,-1,2
4959,T22,T35,137,5,41,127,-1,127,03T22@1,04T35@2,17,137,-1,-1,2
5032,T22,T35,137,5,41,132,-1,132,03T22@1,05T35@2,17,137,-1,-1,2
4888,T35,T34,137,10,20,123,-1,123,04T35@2,06T34@3,17,137,-1,-1,3
5119,T35,T22,137,5,10,137,-1,137,00T35@0,03T22@1,17,137,-1,-1,1
5055,T35,T35,137,7,15,133,-1,133,02T35@1,04T35@2,17,137,-1,-1,2
5090,T35,T22,137,5,10,135,-1,135,00T35@0,03T22@1,17,137,-1,-1,1
5006,T22,T35,138,5,41,130,-1,130,03T22@1,05T35@2,17,138,-1,-1,2
3315,OTHER,T35,138,2,10,65,-1,-1,SELLER,00T35@0,0,138,-1,-1,0
5131,T35,T22,138,5,10,138,-1,138,01T35@0,03T22@1,17,138,-1,-1,1
3318,OTHER,T35,138,3,10,65,-1,-1,SELLER,01T35@0,0,138,-1,-1,0
5048,T22,T35,138,5,41,133,-1,133,03T22@1,05T35@2,17,138,-1,-1,2
3322,OTHER,T35,138,2,10,65,-1,-1,SELLER,00T35@0,0,138,-1,-1,0
3324,OTHER,T35,138,4,10,65,-1,-1,SELLER,01T35@0,0,138,-1,-1,0
3326,OTHER,T35,138,1,10,65,-1,-1,SELLER,01T35@0,0,138,-1,-1,0
3328,T34,OTHER,138,4,59,65,-1,-1,06T34@3,BUYER,0,138,-1,-1,4
3333,OTHER,T35,138,3,10,65,-1,-1,SELLER,00T35@0,0,138,-1,-1,0
3334,OTHER,T35,138,4,10,65,-1,-1,SELLER,00T35@0,0,138,-1,-1,0
3336,T09,OTHER,138,2,59,-1,-1,-1,07T09@3,BUYER,0,-1,-1,-1,4
3337,T09,OTHER,138,8,59,-1,-1,-1,07T09@3,BUYER,0,-1,-1,-1,4
3342,T34,OTHER,138,2,59,-1,-1,-1,06T34@3,BUYER,0,-1,-1,-1,4
3344,T34,OTHER,138,2,59,-1,-1,-1,06T34@3,BUYER,0,-1,-1,-1,4
3316,OTHER,T35,138,1,10,65,-1,-1,SELLER,01T35@0,0,138,-1,-1,0
3320,T34,OTHER,138,2,59,65,-1,-1,06T34@3,BUYER,0,138,-1,-1,4
4909,T35,T34,138,10,20,124,-1,124,04T35@2,06T34@3,17,138,-1,-1,3
5114,T35,T22,138,5,9,137,-1,137,00T35@0,03T22@1,17,138,-1,-1,1
5115,T35,T22,138,5,9,137,-1,137,00T35@0,03T22@1,17,138,-1,-1,1
5112,T35,T22,138,5,10,137,-1,137,01T35@0,03T22@1,17,138,-1,-1,1
5108,T22,T35,138,5,43,-1,-1,136,03T22@1,05T35@2,17,-1,-1,-1,2
5101,T35,T22,138,5,9,136,-1,136,00T35@0,03T22@1,17,138,-1,-1,1
5093,T35,T09,138,60,24,-1,-1,135,04T35@2,07T09@3,17,-1,-1,-1,3
5094,T22,T35,138,5,43,-1,-1,135,03T22@1,04T35@2,17,-1,-1,-1,2
4861,T35,T34,138,1,21,121,-1,121,05T35@2,06T34@3,17,138,-1,-1,3
4859,T35,T34,138,1,21,121,-1,121,04T35@2,06T34@3,17,138,-1,-1,3
3363,OTHER,T35,139,4,10,66,-1,-1,SELLER,00T35@0,0,139,-1,-1,0
5154,T22,T35,139,23,28,-1,-1,139,03T22@1,05T35@2,2,-1,-1,-1,2
3365,OTHER,T35,139,1,10,66,-1,-1,SELLER,01T35@0,0,139,-1,-1,0
3362,OTHER,T35,139,3,10,66,-1,-1,SELLER,01T35@0,0,139,-1,-1,0
3354,T34,OTHER,139,1,59,66,-1,-1,06T34@3,BUYER,0,139,-1,-1,4
3366,T09,OTHER,139,3,59,-1,-1,-1,07T09@3,BUYER,0,-1,-1,-1,4
3361,OTHER,T35,139,5,10,66,-1,-1,SELLER,01T35@0,0,139,-1,-1,0
3370,T34,OTHER,139,4,59,-1,-1,-1,06T34@3,BUYER,0,-1,-1,-1,4
3359,OTHER,T35,139,1,10,66,-1,-1,SELLER,01T35@0,0,139,-1,-1,0
3358,T34,OTHER,139,1,59,66,-1,-1,06T34@3,BUYER,0,139,-1,-1,4
3371,T09,OTHER,139,1,59,-1,-1,-1,07T09@3,BUYER,0,-1,-1,-1,4
3357,OTHER,T35,139,1,10,66,-1,-1,SELLER,01T35@0,0,139,-1,-1,0
3355,OTHER,T35,139,2,10,66,-1,-1,SELLER,00T35@0,0,139,-1,-1,0
3349,OTHER,T35,139,3,10,66,-1,-1,SELLER,01T35@0,0,139,-1,-1,0
5058,T22,T35,139,5,41,133,-1,133,03T22@1,04T35@2,17,139,-1,-1,2
5130,T35,T22,139,5,10,138,-1,138,00T35@0,03T22@1,17,139,-1,-1,1
4871,T35,T34,139,1,21,122,-1,122,04T35@2,06T34@3,17,139,-1,-1,3
5140,T22,T35,139,5,43,-1,-1,138,03T22@1,05T35@2,17,-1,-1,-1,2
5111,T35,T22,139,5,10,137,-1,137,00T35@0,03T22@1,17,139,-1,-1,1
5109,T22,T35,139,5,43,-1,-1,136,03T22@1,05T35@2,17,-1,-1,-1,2
5106,T35,T09,139,60,24,-1,-1,136,05T35@2,07T09@3,17,-1,-1,-1,3
3373,T34,OTHER,139,4,59,-1,-1,-1,06T34@3,BUYER,0,-1,-1,-1,4
5091,T22,T35,139,5,43,135,-1,135,03T22@1,04T35@2,17,139,-1,-1,2
5069,T22,T35,139,5,43,134,-1,134,03T22@1,05T35@2,17,139,-1,-1,2
5147,T35,T22,139,5,9,139,-1,139,01T35@0,03T22@1,17,139,-1,-1,1
4922,T35,T34,139,10,20,125,-1,125,05T35@2,06T34@3,17,139,-1,-1,3
4919,T35,T34,139,10,20,125,-1,125,04T35@2,06T34@3,17,139,-1,-1,3
5135,T35,T22,139,5,10,138,-1,138,01T35@0,03T22@1,17,139,-1,-1,1
3348,T34,OTHER,139,2,59,66,-1,-1,06T34@3,BUYER,0,139,-1,-1,4
3374,T09,OTHER,139,4,59,-1,-1,-1,07T09@3,BUYER,0,-1,-1,-1,4
5151,T35,T35,139,7,14,139,-1,139,02T35@1,05T35@2,17,139,-1,-1,2
3394,OTHER,T35,140,1,10,67,-1,-1,SELLER,00T35@0,0,140,-1,-1,0
3378,T34,OTHER,140,4,59,67,-1,-1,06T34@3,BUYER,0,140,-1,-1,4
3408,T09,OTHER,140,4,59,-1,-1,-1,07T09@3,BUYER,0,-1,-1,-1,4
3405,T34,OTHER,140,2,59,-1,-1,-1,06T34@3,BUYER,0,-1,-1,-1,4
5134,T35,T22,140,5,10,138,-1,138,00T35@0,03T22@1,17,140,-1,-1,1
3404,T34,OTHER,140,2,59,-1,-1,-1,06T34@3,BUYER,0,-1,-1,-1,4
5166,T35,T22,140,8,9,140,-1,140,00T35@0,03T22@1,17,140,-1,-1,1
3401,T09,OTHER,140,2,59,-1,-1,-1,07T09@3,BUYER,0,-1,-1,-1,4
3376,OTHER,T35,140,2,10,67,-1,-1,SELLER,01T35@0,0,140,-1,-1,0
3400,T09,OTHER,140,2,59,-1,-1,-1,07T09@3,BUYER,0,-1,-1,-1,4
3399,T09,OTHER,140,1,59,-1,-1,-1,07T09@3,BUYER,0,-1,-1,-1,4
3379,T34,OTHER,140,2,59,67,-1,-1,06T34@3,BUYER,0,140,-1,-1,4
3380,OTHER,T35,140,3,10,67,-1,-1,SELLER,01T35@0,0,140,-1,-1,0
3382,OTHER,T35,140,7,10,67,-1,-1,SELLER,00T35@0,0,140,-1,-1,0
3395,OTHER,T35,140,1,10,67,-1,-1,SELLER,01T35@0,0,140,-1,-1,0
3384,T34,OTHER,140,1,59,67,-1,-1,06T34@3,BUYER,0,140,-1,-1,4
3392,OTHER,T35,140,1,10,67,-1,-1,SELLER,00T35@0,0,140,-1,-1,0
5133,T35,T22,140,5,10,138,-1,138,01T35@0,03T22@1,17,140,-1,-1,1
5123,T35,T09,140,60,24,-1,-1,137,04T35@2,07T09@3,17,-1,-1,-1,3
5122,T35,T09,140,60,24,-1,-1,137,05T35@2,07T09@3,17,-1,-1,-1,3
5121,T22,T35,140,5,43,-1,-1,137,03T22@1,05T35@2,17,-1,-1,-1,2
5144,T35,T22,140,5,9,139,-1,139,00T35@0,03T22@1,17,140,-1,-1,1
5141,T35,T22,140,5,10,139,-1,139,01T35@0,03T22@1,17,140,-1,-1,1
5172,T22,T35,140,16,28,-1,-1,140,03T22@1,04T35@2,2,-1,-1,-1,2
5171,T22,T35,140,5,43,-1,-1,140,03T22@1,04T35@2,17,-1,-1,-1,2
4893,T35,T34,140,1,21,123,-1,123,05T35@2,06T34@3,17,140,-1,-1,3
3385,OTHER,T35,140,3,10,67,-1,-1,SELLER,01T35@0,0,140,-1,-1,0
4937,T35,T34,140,10,20,126,-1,126,05T35@2,06T34@3,17,140,-1,-1,3
3390,OTHER,T35,140,2,10,67,-1,-1,SELLER,00T35@0,0,140,-1,-1,0
4998,T22,T35,140,5,41,130,-1,130,03T22@1,05T35@2,17,140,-1,-1,2
5158,T22,T35,140,5,43,-1,-1,139,03T22@1,04T35@2,17,-1,-1,-1,2
5056,T22,T35,140,5,41,133,-1,133,03T22@1,04T35@2,17,140,-1,-1,2
5168,T35,T22,140,8,9,140,-1,140,01T35@0,03T22@1,17,140,-1,-1,1
5150,T35,T22,140,5,9,139,-1,139,01T35@0,03T22@1,17,140,-1,-1,1
5039,T22,T35,141,5,41,132,-1,132,03T22@1,04T35@2,17,141,-1,-1,2
5190,T22,T35,141,7,14,-1,-1,141,03T22@1,05T35@2,17,-1,-1,-1,2
5181,T35,T22,141,8,9,141,-1,141,00T35@0,03T22@1,17,141,-1,-1,1
5097,T22,T35,141,5,43,136,-1,136,03T22@1,04T35@2,17,141,-1,-1,2
5182,T35,T22,141,8,9,141,-1,141,01T35@0,03T22@1,17,141,-1,-1,1
4911,T35,T34,141,1,21,124,-1,124,05T35@2,06T34@3,17,141,-1,-1,3
3439,T34,OTHER,141,5,59,-1,-1,-1,06T34@3,BUYER,0,-1,-1,-1,4
3425,OTHER,T35,141,2,10,68,-1,-1,SELLER,01T35@0,0,141,-1,-1,0
3431,T09,OTHER,141,1,59,-1,-1,-1,07T09@3,BUYER,0,-1,-1,-1,4
3430,T09,OTHER,141,2,59,-1,-1,-1,07T09@3,BUYER,0,-1,-1,-1,4
5137,T35,T09,141,60,24,-1,-1,138,04T35@2,07T09@3,17,-1,-1,-1,3
3428,OTHER,T35,141,4,10,68,-1,-1,SELLER,01T35@0,0,141,-1,-1,0
3437,T34,OTHER,141,3,59,-1,-1,-1,06T34@3,BUYER,0,-1,-1,-1,4
3423,OTHER,T35,141,2,10,68,-1,-1,SELLER,00T35@0,0,141,-1,-1,0
3422,OTHER,T35,141,1,10,68,-1,-1,SELLER,01T35@0,0,141,-1,-1,0
5138,T35,T09,141,60,24,-1,-1,138,05T35@2,07T09@3,17,-1,-1,-1,3
3419,OTHER,T35,141,5,10,68,-1,-1,SELLER,00T35@0,0,141,-1,-1,0
3438,T09,OTHER,141,5,59,-1,-1,-1,07T09@3,BUYER,0,-1,-1,-1,4
3418,OTHER,T35,141,1,10,68,-1,-1,SELLER,00T35@0,0,141,-1,-1,0
3417,OTHER,T35,141,2,10,68,-1,-1,SELLER,00T35@0,0,141,-1,-1,0
3416,T34,OTHER,141,2,59,68,-1,-1,06T34@3,BUYER,0,141,-1,-1,4
3412,T34,OTHER,141,2,59,68,-1,-1,06T34@3,BUYER,0,141,-1,-1,4
3411,OTHER,T35,141,3,10,68,-1,-1,SELLER,01T35@0,0,141,-1,-1,0
5164,T35,T22,141,5,10,140,-1,140,01T35@0,03T22@1,17,141,-1,-1,1
5143,T35,T22,141,5,9,139,-1,139,01T35@0,03T22@1,17,141,-1,-1,1
5162,T35,T22,141,5,10,140,-1,140,00T35@0,03T22@1,17,141,-1,-1,1
3469,T09,OTHER,142,4,59,-1,-1,-1,07T09@3,BUYER,0,-1,-1,-1,4
5187,T35,T09,142,60,21,-1,-1,141,05T35@2,07T09@3,17,-1,-1,-1,3
3468,T34,OTHER,142,3,59,-1,-1,-1,06T34@3,BUYER,0,-1,-1,-1,4
5195,T35,T22,142,5,9,142,-1,142,00T35@0,03T22@1,17,142,-1,-1,1
3467,T34,OTHER,142,2,59,-1,-1,-1,06T34@3,BUYER,0,-1,-1,-1,4
5029,T22,T35,142,5,41,132,-1,132,03T22@1,04T35@2,17,142,-1,-1,2
5124,T22,T35,142,7,15,138,-1,138,03T22@1,05T35@2,17,142,-1,-1,2
5047,T22,T35,142,5,41,133,-1,133,03T22@1,04T35@2,17,142,-1,-1,2
5066,T22,T35,142,5,41,134,-1,134,03T22@1,05T35@2,17,142,-1,-1,2
5120,T22,T35,142,5,43,137,-1,137,03T22@1,04T35@2,17,142,-1,-1,2
5126,T35,T35,142,7,15,138,-1,138,02T35@1,05T35@2,17,142,-1,-1,2
3441,OTHER,T35,142,1,10,69,-1,-1,SELLER,00T35@0,0,142,-1,-1,0
5185,T35,T22,142,5,10,141,-1,141,01T35@0,03T22@1,17,142,-1,-1,1
5155,T35,T09,142,60,24,-1,-1,139,04T35@2,07T09@3,17,-1,-1,-1,3
5183,T35,T22,142,5,10,141,-1,141,01T35@0,03T22@1,17,142,-1,-1,1
3443,T34,OTHER,142,3,59,69,-1,-1,06T34@3,BUYER,0,142,-1,-1,4
3444,OTHER,T35,142,3,10,69,-1,-1,SELLER,01T35@0,0,142,-1,-1,0
3453,OTHER,T35,142,3,10,69,-1,-1,SELLER,01T35@0,0,142,-1,-1,0
3445,OTHER,T35,142,1,10,69,-1,-1,SELLER,01T35@0,0,142,-1,-1,0
5170,T35,T22,142,5,10,140,-1,140,00T35@0,03T22@1,17,142,-1,-1,1
3452,OTHER,T35,142,3,10,69,-1,-1,SELLER,01T35@0,0,142,-1,-1,0
3442,OTHER,T35,142,2,10,69,-1,-1,SELLER,00T35@0,0,142,-1,-1,0
5156,T35,T09,142,60,24,-1,-1,139,05T35@2,07T09@3,17,-1,-1,-1,3
3456,OTHER,T35,142,5,10,69,-1,-1,SELLER,00T35@0,0,142,-1,-1,0
3446,T34,OTHER,142,2,59,69,-1,-1,06T34@3,BUYER,0,142,-1,-1,4
3458,OTHER,T35,142,2,10,69,-1,-1,SELLER,00T35@0,0,142,-1,-1,0
5161,T35,T22,142,5,10,140,-1,140,01T35@0,03T22@1,17,142,-1,-1,1
3466,T09,OTHER,142,1,59,-1,-1,-1,07T09@3,BUYER,0,-1,-1,-1,4
3464,T09,OTHER,142,1,59,-1,-1,-1,07T09@3,BUYER,0,-1,-1,-1,4
3462,T09,OTHER,142,4,59,-1,-1,-1,07T09@3,BUYER,0,-1,-1,-1,4
3491,OTHER,T35,143,4,10,70,-1,-1,SELLER,00T35@0,0,143,-1,-1,0
3479,OTHER,T35,143,3,10,70,-1,-1,SELLER,01T35@0,0,143,-1,-1,0
5186,T35,T22,143,5,10,141,-1,141,00T35@0,03T22@1,17,143,-1,-1,1
5175,T35,T22,143,5,10,141,-1,141,01T35@0,03T22@1,17,143,-1,-1,1
3489,T34,OTHER,143,1,59,70,-1,-1,06T34@3,BUYER,0,143,-1,-1,4
5174,T35,T09,143,60,24,-1,-1,140,05T35@2,07T09@3,17,-1,-1,-1,3
5209,T35,T22,143,5,10,143,-1,143,00T35@0,03T22@1,17,143,-1,-1,1
3477,OTHER,T35,143,3,10,70,-1,-1,SELLER,01T35@0,0,143,-1,-1,0
5213,T35,T35,143,7,14,143,-1,143,02T35@1,04T35@2,17,143,-1,-1,2
3475,OTHER,T35,143,4,10,70,-1,-1,SELLER,01T35@0,0,143,-1,-1,0
5157,T22,T35,143,5,43,-1,-1,139,03T22@1,04T35@2,17,-1,-1,-1,2
5200,T35,T22,143,5,10,142,-1,142,01T35@0,03T22@1,17,143,-1,-1,1
5049,T22,T35,143,5,41,133,-1,133,03T22@1,04T35@2,17,143,-1,-1,2
5139,T22,T35,143,5,43,-1,-1,138,03T22@1,05T35@2,17,-1,-1,-1,2
5216,T22,T35,143,7,14,-1,-1,143,03T22@1,04T35@2,17,-1,-1,-1,2
3474,OTHER,T35,143,2,10,70,-1,-1,SELLER,00T35@0,0,143,-1,-1,0
5077,T22,T35,143,5,41,134,-1,134,03T22@1,04T35@2,17,143,-1,-1,2
5110,T22,T35,143,5,41,137,-1,137,03T22@1,04T35@2,17,143,-1,-1,2
5173,T35,T09,143,60,24,-1,-1,140,04T35@2,07T09@3,17,-1,-1,-1,3
5136,T22,T35,143,5,41,138,-1,138,03T22@1,04T35@2,17,143,-1,-1,2
3481,T34,OTHER,143,3,59,70,-1,-1,06T34@3,BUYER,0,143,-1,-1,4
5203,T35,T09,143,60,21,-1,-1,142,04T35@2,07T09@3,17,-1,-1,-1,3
3499,T09,OTHER,143,3,59,-1,-1,-1,07T09@3,BUYER,0,-1,-1,-1,4
3498,T09,OTHER,143,3,59,-1,-1,-1,07T09@3,BUYER,0,-1,-1,-1,4
4936,T35,T34,143,1,21,126,-1,126,04T35@2,06T34@3,17,143,-1,-1,3
3497,T34,OTHER,143,3,59,-1,-1,-1,06T34@3,BUYER,0,-1,-1,-1,4
3494,T09,OTHER,143,1,59,-1,-1,-1,07T09@3,BUYER,0,-1,-1,-1,4
5194,T35,T22,143,5,10,142,-1,142,01T35@0,03T22@1,17,143,-1,-1,1
3488,OTHER,T35,143,2,10,70,-1,-1,SELLER,00T35@0,0,143,-1,-1,0
3493,T09,OTHER,143,3,59,-1,-1,-1,07T09@3,BUYER,0,-1,-1,-1,4
3492,T09,OTHER,143,1,59,-1,-1,-1,07T09@3,BUYER,0,-1,-1,-1,4
3501,T09,OTHER,143,2,59,-1,-1,-1,07T09@3,BUYER,0,-1,-1,-1,4
3483,OTHER,T35,143,2,10,70,-1,-1,SELLER,01T35@0,0,143,-1,-1,0
5149,T22,T35,143,7,15,139,-1,139,03T22@1,05T35@2,17,143,-1,-1,2
5235,T22,T35,144,5,43,-1,-1,144,03T22@1,05T35@2,17,-1,-1,-1,2
4956,T35,T34,144,1,21,127,-1,127,04T35@2,06T34@3,17,144,-1,-1,3
5189,T22,T35,144,5,43,-1,-1,141,03T22@1,04T35@2,17,-1,-1,-1,2
5227,T35,T35,144,7,14,144,-1,144,02T35@1,05T35@2,17,144,-1,-1,2
5222,T35,T22,144,5,10,144,-1,144,00T35@0,03T22@1,17,144,-1,-1,1
5217,T22,T35,144,5,43,-1,-1,143,03T22@1,04T35@2,17,-1,-1,-1,2
5236,T22,T35,144,16,28,-1,-1,144,03T22@1,04T35@2,2,-1,-1,-1,2
5226,T35,T22,144,5,9,144,-1,144,01T35@0,03T22@1,17,144,-1,-1,1
5215,T35,T09,144,60,21,-1,-1,143,04T35@2,07T09@3,17,-1,-1,-1,3
5188,T35,T09,144,60,24,-1,-1,141,04T35@2,07T09@3,17,-1,-1,-1,3
5192,T35,T22,144,5,10,142,-1,142,00T35@0,03T22@1,17,144,-1,-1,1
3518,OTHER,T35,144,3,10,71,-1,-1,SELLER,01T35@0,0,144,-1,-1,0
5113,T22,T35,144,5,41,137,-1,137,03T22@1,05T35@2,17,144,-1,-1,2
5219,T35,T09,144,60,21,-1,-1,143,05T35@2,07T09@3,17,-1,-1,-1,3
3526,T09,OTHER,144,4,59,-1,-1,-1,07T09@3,BUYER,0,-1,-1,-1,4
3534,T09,OTHER,144,2,59,-1,-1,-1,07T09@3,BUYER,0,-1,-1,-1,4
3522,OTHER,T35,144,4,10,71,-1,-1,SELLER,01T35@0,0,144,-1,-1,0
3523,OTHER,T35,144,1,10,71,-1,-1,SELLER,00T35@0,0,144,-1,-1,0
4953,T35,T34,144,1,21,127,-1,127,05T35@2,06T34@3,17,144,-1,-1,3
5145,T22,T35,144,5,41,139,-1,139,03T22@1,04T35@2,17,144,-1,-1,2
3516,OTHER,T35,144,1,10,71,-1,-1,SELLER,00T35@0,0,144,-1,-1,0
3507,OTHER,T35,144,3,10,71,-1,-1,SELLER,00T35@0,0,144,-1,-1,0
5204,T35,T22,144,5,10,143,-1,143,01T35@0,03T22@1,17,144,-1,-1,1
5205,T35,T22,144,5,9,143,-1,143,01T35@0,03T22@1,17,144,-1,-1,1
4996,T35,T34,144,10,20,130,-1,130,05T35@2,06T34@3,17,144,-1,-1,3
3524,OTHER,T35,144,1,10,71,-1,-1,SELLER,01T35@0,0,144,-1,-1,0
5206,T35,T22,144,5,10,143,-1,143,00T35@0,03T22@1,17,144,-1,-1,1
3506,OTHER,T35,144,4,10,71,-1,-1,SELLER,00T35@0,0,144,-1,-1,0
3528,T34,OTHER,144,2,59,-1,-1,-1,06T34@3,BUYER,0,-1,-1,-1,4
3529,T09,OTHER,144,4,59,-1,-1,-1,07T09@3,BUYER,0,-1,-1,-1,4
3505,T34,OTHER,144,4,59,71,-1,-1,06T34@3,BUYER,0,144,-1,-1,4
3503,T34,OTHER,144,1,59,71,-1,-1,06T34@3,BUYER,0,144,-1,-1,4
5193,T35,T22,144,5,10,142,-1,142,01T35@0,03T22@1,17,144,-1,-1,1
3532,T34,OTHER,144,3,59,-1,-1,-1,06T34@3,BUYER,0,-1,-1,-1,4
3502,OTHER,T35,144,3,10,71,-1,-1,SELLER,00T35@0,0,144,-1,-1,0
5234,T35,T09,145,60,21,-1,-1,144,05T35@2,07T09@3,17,-1,-1,-1,3
5105,T22,T35,145,5,41,136,-1,136,03T22@1,05T35@2,17,145,-1,-1,2
5230,T35,T22,145,5,9,144,-1,144,01T35@0,03T22@1,17,145,-1,-1,1
5253,T22,T35,145,23,28,-1,-1,145,03T22@1,04T35@2,2,-1,-1,-1,2
5237,T35,T09,145,60,21,-1,-1,144,04T35@2,07T09@3,17,-1,-1,-1,3
5241,T35,T22,145,5,9,145,-1,145,01T35@0,03T22@1,17,145,-1,-1,1
5085,T22,T35,145,5,41,135,-1,135,03T22@1,05T35@2,17,145,-1,-1,2
5251,T35,T22,145,5,9,145,-1,145,01T35@0,03T22@1,17,145,-1,-1,1
3540,OTHER,T35,145,5,10,72,-1,-1,SELLER,01T35@0,0,145,-1,-1,0
5125,T22,T35,145,5,41,138,-1,138,03T22@1,05T35@2,17,145,-1,-1,2
5179,T35,T35,145,7,15,141,-1,141,02T35@1,05T35@2,17,145,-1,-1,2
5201,T22,T35,145,5,43,-1,-1,142,03T22@1,04T35@2,17,-1,-1,-1,2
5202,T35,T09,145,60,24,-1,-1,142,05T35@2,07T09@3,17,-1,-1,-1,3
5211,T35,T22,145,5,10,143,-1,143,00T35@0,03T22@1,17,145,-1,-1,1
3537,T34,OTHER,145,2,59,72,-1,-1,06T34@3,BUYER,0,145,-1,-1,4
3538,OTHER,T35,145,3,10,72,-1,-1,SELLER,00T35@0,0,145,-1,-1,0
3541,OTHER,T35,145,3,10,72,-1,-1,SELLER,00T35@0,0,145,-1,-1,0
3542,OTHER,T35,145,2,10,72,-1,-1,SELLER,00T35@0,0,145,-1,-1,0
3545,OTHER,T35,145,1,10,72,-1,-1,SELLER,01T35@0,0,145,-1,-1,0
3547,T34,OTHER,145,1,59,72,-1,-1,06T34@3,BUYER,0,145,-1,-1,4
3548,OTHER,T35,145,1,10,72,-1,-1,SELLER,00T35@0,0,145,-1,-1,0
3550,T34,OTHER,145,2,59,72,-1,-1,06T34@3,BUYER,0,145,-1,-1,4
3552,OTHER,T35,145,3,10,72,-1,-1,SELLER,00T35@0,0,145,-1,-1,0
5013,T35,T34,145,10,20,131,-1,131,05T35@2,06T34@3,17,145,-1,-1,3
3560,T09,OTHER,145,3,59,-1,-1,-1,07T09@3,BUYER,0,-1,-1,-1,4
3561,T09,OTHER,145,3,59,-1,-1,-1,07T09@3,BUYER,0,-1,-1,-1,4
3562,T09,OTHER,145,1,59,-1,-1,-1,07T09@3,BUYER,0,-1,-1,-1,4
3563,T09,OTHER,145,2,59,-1,-1,-1,07T09@3,BUYER,0,-1,-1,-1,4
4975,T35,T34,145,1,21,128,-1,128,04T35@2,06T34@3,17,145,-1,-1,3
3566,T34,OTHER,145,4,59,-1,-1,-1,06T34@3,BUYER,0,-1,-1,-1,4
3553,OTHER,T35,145,2,10,72,-1,-1,SELLER,01T35@0,0,145,-1,-1,0
3569,T34,OTHER,145,2,59,-1,-1,-1,06T34@3,BUYER,0,-1,-1,-1,4
4968,T35,T34,145,1,21,128,-1,128,05T35@2,06T34@3,17,145,-1,-1,3
5257,T35,T22,146,8,9,146,-1,146,01T35@0,03T22@1,17,146,-1,-1,1
5248,T35,T22,146,5,10,145,-1,145,01T35@0,03T22@1,17,146,-1,-1,1
5268,T35,T35,146,7,14,146,-1,146,02T35@1,04T35@2,17,146,-1,-1,2
5129,T22,T35,146,5,41,138,-1,138,03T22@1,05T35@2,17,146,-1,-1,2
5273,T22,T35,146,7,14,-1,-1,146,03T22@1,04T35@2,17,-1,-1,-1,2
5160,T22,T35,146,5,41,140,-1,140,03T22@1,05T35@2,17,146,-1,-1,2
5254,T35,T09,146,60,21,-1,-1,145,04T35@2,07T09@3,17,-1,-1,-1,3
5152,T22,T35,146,5,41,139,-1,139,03T22@1,04T35@2,17,146,-1,-1,2
5116,T22,T35,146,5,41,137,-1,137,03T22@1,05T35@2,17,146,-1,-1,2
5255,T35,T09,146,60,21,-1,-1,145,05T35@2,07T09@3,17,-1,-1,-1,3
5264,T35,T22,146,5,9,146,-1,146,01T35@0,03T22@1,17,146,-1,-1,1
5176,T22,T35,146,5,41,141,-1,141,03T22@1,05T35@2,17,146,-1,-1,2
5272,T22,T35,146,16,28,-1,-1,146,03T22@1,05T35@2,2,-1,-1,-1,2
5265,T35,T22,146,8,10,146,-1,146,00T35@0,03T22@1,17,146,-1,-1,1
5228,T35,T22,146,5,9,144,-1,144,01T35@0,03T22@1,17,146,-1,-1,1
4985,T35,T34,146,1,21,129,-1,129,04T35@2,06T34@3,17,146,-1,-1,3
3583,OTHER,T35,146,5,10,73,-1,-1,SELLER,00T35@0,0,146,-1,-1,0
3591,T09,OTHER,146,3,59,-1,-1,-1,07T09@3,BUYER,0,-1,-1,-1,4
3594,T09,OTHER,146,4,59,-1,-1,-1,07T09@3,BUYER,0,-1,-1,-1,4
3596,T09,OTHER,146,2,59,-1,-1,-1,07T09@3,BUYER,0,-1,-1,-1,4
3598,T09,OTHER,146,1,59,-1,-1,-1,07T09@3,BUYER,0,-1,-1,-1,4
4983,T35,T34,146,1,21,129,-1,129,05T35@2,06T34@3,17,146,-1,-1,3
3599,T34,OTHER,146,2,59,-1,-1,-1,06T34@3,BUYER,0,-1,-1,-1,4
3600,T34,OTHER,146,4,59,-1,-1,-1,06T34@3,BUYER,0,-1,-1,-1,4
3577,OTHER,T35,146,1,10,73,-1,-1,SELLER,00T35@0,0,146,-1,-1,0
3576,T34,OTHER,146,3,59,73,-1,-1,06T34@3,BUYER,0,146,-1,-1,4
3573,OTHER,T35,146,2,10,73,-1,-1,SELLER,00T35@0,0,146,-1,-1,0
5225,T35,T22,146,5,10,144,-1,144,01T35@0,03T22@1,17,146,-1,-1,1
3579,OTHER,T35,146,2,10,73,-1,-1,SELLER,00T35@0,0,146,-1,-1,0
3578,OTHER,T35,146,5,10,73,-1,-1,SELLER,01T35@0,0,146,-1,-1,0
3571,OTHER,T35,146,2,10,73,-1,-1,SELLER,00T35@0,0,146,-1,-1,0
3570,T34,OTHER,146,1,59,73,-1,-1,06T34@3,BUYER,0,146,-1,-1,4
5218,T22,T35,146,5,43,-1,-1,143,03T22@1,04T35@2,17,-1,-1,-1,2
5197,T22,T35,146,5,43,142,-1,142,03T22@1,04T35@2,17,146,-1,-1,2
3572,OTHER,T35,146,3,10,73,-1,-1,SELLER,01T35@0,0,146,-1,-1,0
5289,T22,T35,147,5,43,-1,-1,147,03T22@1,05T35@2,17,-1,-1,-1,2
5142,T22,T35,147,5,41,139,-1,139,03T22@1,05T35@2,17,147,-1,-1,2
5288,T22,T35,147,7,14,-1,-1,147,03T22@1,04T35@2,17,-1,-1,-1,2
5199,T22,T35,147,5,43,142,-1,142,03T22@1,04T35@2,17,147,-1,-1,2
5274,T35,T09,147,60,21,-1,-1,146,05T35@2,07T09@3,17,-1,-1,-1,3
5286,T35,T22,147,8,10,147,-1,147,01T35@0,03T22@1,17,147,-1,-1,1
5127,T22,T35,147,5,41,138,-1,138,03T22@1,05T35@2,17,147,-1,-1,2
5281,T35,T35,147,7,14,147,-1,147,02T35@1,04T35@2,17,147,-1,-1,2
5275,T22,T35,147,5,43,-1,-1,146,03T22@1,05T35@2,17,-1,-1,-1,2
5000,T35,T34,147,1,21,130,-1,130,04T35@2,06T34@3,17,147,-1,-1,3
5263,T35,T22,147,5,10,146,-1,146,00T35@0,03T22@1,17,147,-1,-1,1
3616,OTHER,T35,147,1,10,74,-1,-1,SELLER,00T35@0,0,147,-1,-1,0
5057,T35,T34,147,10,20,133,-1,133,05T35@2,06T34@3,17,147,-1,-1,3
3617,T34,OTHER,147,1,59,74,-1,-1,06T34@3,BUYER,0,147,-1,-1,4
3610,OTHER,T35,147,3,10,74,-1,-1,SELLER,00T35@0,0,147,-1,-1,0
3618,OTHER,T35,147,1,10,74,-1,-1,SELLER,01T35@0,0,147,-1,-1,0
3619,OTHER,T35,147,3,10,74,-1,-1,SELLER,01T35@0,0,147,-1,-1,0
3621,OTHER,T35,147,2,10,74,-1,-1,SELLER,01T35@0,0,147,-1,-1,0
5244,T35,T22,147,5,10,145,-1,145,01T35@0,03T22@1,17,147,-1,-1,1
3628,T34,OTHER,147,4,59,-1,-1,-1,06T34@3,BUYER,0,-1,-1,-1,4
3629,T09,OTHER,147,2,59,-1,-1,-1,07T09@3,BUYER,0,-1,-1,-1,4
3630,T34,OTHER,147,3,59,-1,-1,-1,06T34@3,BUYER,0,-1,-1,-1,4
5233,T22,T35,147,5,43,-1,-1,144,03T22@1,05T35@2,17,-1,-1,-1,2
5243,T35,T22,147,5,10,145,-1,145,00T35@0,03T22@1,17,147,-1,-1,1
3609,OTHER,T35,147,5,10,74,-1,-1,SELLER,01T35@0,0,147,-1,-1,0
5276,T35,T22,147,8,10,147,-1,147,00T35@0,03T22@1,17,147,-1,-1,1
3604,T34,OTHER,147,2,59,74,-1,-1,06T34@3,BUYER,0,147,-1,-1,4
3634,T09,OTHER,147,2,59,-1,-1,-1,07T09@3,BUYER,0,-1,-1,-1,4
3605,OTHER,T35,147,4,10,74,-1,-1,SELLER,00T35@0,0,147,-1,-1,0
3606,T34,OTHER,147,1,59,74,-1,-1,06T34@3,BUYER,0,147,-1,-1,4
3608,OTHER,T35,147,1,10,74,-1,-1,SELLER,00T35@0,0,147,-1,-1,0
3631,T09,OTHER,147,2,59,-1,-1,-1,07T09@3,BUYER,0,-1,-1,-1,4
3607,T34,OTHER,147,3,59,74,-1,-1,06T34@3,BUYER,0,147,-1,-1,4
5278,T35,T22,148,5,9,147,-1,147,00T35@0,03T22@1,17,148,-1,-1,1
5284,T35,T22,148,5,10,147,-1,147,01T35@0,03T22@1,17,148,-1,-1,1
5307,T22,T35,148,7,14,-1,-1,148,03T22@1,04T35@2,17,-1,-1,-1,2
5299,T35,T22,148,8,10,148,-1,148,01T35@0,03T22@1,17,148,-1,-1,1
5016,T35,T34,148,1,21,131,-1,131,04T35@2,06T34@3,17,148,-1,-1,3
5290,T35,T09,148,60,21,-1,-1,147,05T35@2,07T09@3,17,-1,-1,-1,3
5291,T35,T09,148,60,21,-1,-1,147,04T35@2,07T09@3,17,-1,-1,-1,3
5293,T35,T35,148,7,14,148,-1,148,02T35@1,04T35@2,17,148,-1,-1,2
5298,T35,T35,148,7,14,148,-1,148,02T35@1,05T35@2,17,148,-1,-1,2
5300,T35,T22,148,8,10,148,-1,148,00T35@0,03T22@1,17,148,-1,-1,1
5301,T35,T22,148,5,9,148,-1,148,01T35@0,03T22@1,17,148,-1,-1,1
3654,OTHER,T35,148,2,10,75,-1,-1,SELLER,00T35@0,0,148,-1,-1,0
3649,T34,OTHER,148,2,59,75,-1,-1,06T34@3,BUYER,0,148,-1,-1,4
3662,T34,OTHER,148,4,59,-1,-1,-1,06T34@3,BUYER,0,-1,-1,-1,4
3661,T09,OTHER,148,1,59,-1,-1,-1,07T09@3,BUYER,0,-1,-1,-1,4
3660,T09,OTHER,148,5,59,-1,-1,-1,07T09@3,BUYER,0,-1,-1,-1,4
3656,T09,OTHER,148,1,59,-1,-1,-1,07T09@3,BUYER,0,-1,-1,-1,4
3664,T34,OTHER,148,2,59,-1,-1,-1,06T34@3,BUYER,0,-1,-1,-1,4
3653,OTHER,T35,148,2,10,75,-1,-1,SELLER,01T35@0,0,148,-1,-1,0
3652,OTHER,T35,148,5,10,75,-1,-1,SELLER,01T35@0,0,148,-1,-1,0
5258,T35,T22,148,5,9,146,-1,146,01T35@0,03T22@1,17,148,-1,-1,1
3651,T34,OTHER,148,1,59,75,-1,-1,06T34@3,BUYER,0,148,-1,-1,4
3650,OTHER,T35,148,1,10,75,-1,-1,SELLER,01T35@0,0,148,-1,-1,0
5262,T35,T22,148,5,10,146,-1,146,00T35@0,03T22@1,17,148,-1,-1,1
3648,OTHER,T35,148,1,10,75,-1,-1,SELLER,00T35@0,0,148,-1,-1,0
3642,T34,OTHER,148,2,59,75,-1,-1,06T34@3,BUYER,0,148,-1,-1,4
3641,OTHER,T35,148,2,10,75,-1,-1,SELLER,00T35@0,0,148,-1,-1,0
3663,T09,OTHER,148,2,59,-1,-1,-1,07T09@3,BUYER,0,-1,-1,-1,4
3637,OTHER,T35,148,3,10,75,-1,-1,SELLER,00T35@0,0,148,-1,-1,0
5231,T22,T35,148,5,43,144,-1,144,03T22@1,04T35@2,17,148,-1,-1,2
3639,OTHER,T35,148,4,10,75,-1,-1,SELLER,00T35@0,0,148,-1,-1,0
5167,T22,T35,148,5,41,140,-1,140,03T22@1,04T35@2,17,148,-1,-1,2
5232,T22,T35,148,7,15,144,-1,144,03T22@1,05T35@2,17,148,-1,-1,2
5252,T22,T35,148,5,43,-1,-1,145,03T22@1,04T35@2,17,-1,-1,-1,2
5088,T35,T34,149,10,20,135,-1,135,04T35@2,06T34@3,17,149,-1,-1,3
5169,T22,T35,149,5,41,140,-1,140,03T22@1,04T35@2,17,149,-1,-1,2
5245,T35,T35,149,7,15,145,-1,145,02T35@1,04T35@2,17,149,-1,-1,2
5240,T22,T35,149,7,15,145,-1,145,03T22@1,04T35@2,17,149,-1,-1,2
5322,T22,T35,149,7,14,-1,-1,149,03T22@1,04T35@2,17,-1,-1,-1,2
5035,T35,T34,149,1,21,132,-1,132,05T35@2,06T34@3,17,149,-1,-1,3
5318,T35,T22,149,5,9,149,-1,149,00T35@0,03T22@1,17,149,-1,-1,1
3686,T09,OTHER,149,2,59,-1,-1,-1,07T09@3,BUYER,0,-1,-1,-1,4
5308,T35,T09,149,60,21,-1,-1,148,05T35@2,07T09@3,17,-1,-1,-1,3
5220,T22,T35,149,5,43,144,-1,144,03T22@1,04T35@2,17,149,-1,-1,2
5198,T22,T35,149,5,41,142,-1,142,03T22@1,04T35@2,17,149,-1,-1,2
5306,T35,T09,149,60,21,-1,-1,148,04T35@2,07T09@3,17,-1,-1,-1,3
5146,T22,T35,149,5,41,139,-1,139,03T22@1,04T35@2,17,149,-1,-1,2
5031,T35,T34,149,1,21,132,-1,132,04T35@2,06T34@3,17,149,-1,-1,3
3684,T09,OTHER,149,2,59,-1,-1,-1,07T09@3,BUYER,0,-1,-1,-1,4
5316,T35,T35,149,7,14,149,-1,149,02T35@1,04T35@2,17,149,-1,-1,2
3681,OTHER,T35,149,1,10,76,-1,-1,SELLER,01T35@0,0,149,-1,-1,0
5283,T35,T22,149,5,9,147,-1,147,01T35@0,03T22@1,17,149,-1,-1,1
3674,T34,OTHER,149,1,59,76,-1,-1,06T34@3,BUYER,0,149,-1,-1,4
3670,OTHER,T35,149,2,10,76,-1,-1,SELLER,00T35@0,0,149,-1,-1,0
3693,T34,OTHER,149,1,59,-1,-1,-1,06T34@3,BUYER,0,-1,-1,-1,4
3680,OTHER,T35,149,4,10,76,-1,-1,SELLER,00T35@0,0,149,-1,-1,0
3692,T09,OTHER,149,4,59,-1,-1,-1,07T09@3,BUYER,0,-1,-1,-1,4
3691,T34,OTHER,149,2,59,-1,-1,-1,06T34@3,BUYER,0,-1,-1,-1,4
5271,T35,T09,149,60,24,-1,-1,146,04T35@2,07T09@3,17,-1,-1,-1,3
3694,T09,OTHER,149,2,59,-1,-1,-1,07T09@3,BUYER,0,-1,-1,-1,4
3665,OTHER,T35,149,6,10,76,-1,-1,SELLER,01T35@0,0,149,-1,-1,0
5296,T35,T22,149,5,9,148,-1,148,01T35@0,03T22@1,17,149,-1,-1,1
5297,T35,T22,149,5,10,148,-1,148,00T35@0,03T22@1,17,149,-1,-1,1
3679,OTHER,T35,149,2,10,76,-1,-1,SELLER,01T35@0,0,149,-1,-1,0
3683,OTHER,T35,149,2,10,76,-1,-1,SELLER,01T35@0,0,149,-1,-1,0
3666,OTHER,T35,149,2,10,76,-1,-1,SELLER,00T35@0,0,149,-1,-1,0
3673,OTHER,T35,149,1,10,76,-1,-1,SELLER,00T35@0,0,149,-1,-1,0
3687,T34,OTHER,149,6,59,-1,-1,-1,06T34@3,BUYER,0,-1,-1,-1,4
5287,T35,T22,149,5,10,147,-1,147,01T35@0,03T22@1,17,149,-1,-1,1
3721,T34,OTHER,150,3,59,-1,-1,-1,06T34@3,BUYER,0,-1,-1,-1,4
3696,OTHER,T35,150,4,10,77,-1,-1,SELLER,01T35@0,0,150,-1,-1,0
5159,T22,T35,150,5,41,140,-1,140,03T22@1,05T35@2,17,150,-1,-1,2
3698,OTHER,T35,150,1,10,77,-1,-1,SELLER,01T35@0,0,150,-1,-1,0
3695,OTHER,T35,150,3,10,77,-1,-1,SELLER,00T35@0,0,150,-1,-1,0
5256,T22,T35,150,7,15,146,-1,146,03T22@1,05T35@2,17,150,-1,-1,2
5321,T35,T09,150,60,21,-1,-1,149,04T35@2,07T09@3,17,-1,-1,-1,3
5259,T35,T35,150,7,15,146,-1,146,02T35@1,05T35@2,17,150,-1,-1,2
5336,T35,T22,150,5,9,150,-1,150,01T35@0,03T22@1,17,150,-1,-1,1
3704,OTHER,T35,150,2,10,77,-1,-1,SELLER,00T35@0,0,150,-1,-1,0
3708,OTHER,T35,150,3,10,77,-1,-1,SELLER,00T35@0,0,150,-1,-1,0
3706,OTHER,T35,150,2,10,77,-1,-1,SELLER,00T35@0,0,150,-1,-1,0
5323,T35,T09,150,60,21,-1,-1,149,05T35@2,07T09@3,17,-1,-1,-1,3
3699,OTHER,T35,150,1,10,77,-1,-1,SELLER,00T35@0,0,150,-1,-1,0
5331,T35,T35,150,7,14,150,-1,150,02T35@1,04T35@2,17,150,-1,-1,2
5102,T35,T34,150,10,20,136,-1,136,05T35@2,06T34@3,17,150,-1,-1,3
5340,T22,T35,150,7,14,-1,-1,150,03T22@1,05T35@2,17,-1,-1,-1,2
5250,T22,T35,150,5,41,145,-1,145,03T22@1,04T35@2,17,150,-1,-1,2
3723,T09,OTHER,150,2,59,-1,-1,-1,07T09@3,BUYER,0,-1,-1,-1,4
5302,T35,T22,150,5,9,148,-1,148,00T35@0,03T22@1,17,150,-1,-1,1
3724,T09,OTHER,150,2,59,-1,-1,-1,07T09@3,BUYER,0,-1,-1,-1,4
3725,T09,OTHER,150,8,59,-1,-1,-1,07T09@3,BUYER,0,-1,-1,-1,4
3720,T09,OTHER,150,1,59,-1,-1,-1,07T09@3,BUYER,0,-1,-1,-1,4
5178,T22,T35,150,5,41,141,-1,141,03T22@1,04T35@2,17,150,-1,-1,2
3727,T34,OTHER,150,2,59,-1,-1,-1,06T34@3,BUYER,0,-1,-1,-1,4
3709,OTHER,T35,150,2,10,77,-1,-1,SELLER,01T35@0,0,150,-1,-1,0
3719,T34,OTHER,150,1,59,-1,-1,-1,06T34@3,BUYER,0,-1,-1,-1,4
5214,T22,T35,150,5,41,143,-1,143,03T22@1,04T35@2,17,150,-1,-1,2
5223,T22,T35,150,5,41,144,-1,144,03T22@1,04T35@2,17,150,-1,-1,2
5309,T35,T22,150,5,10,149,-1,149,01T35@0,03T22@1,17,150,-1,-1,1
3715,OTHER,T35,150,2,10,77,-1,-1,SELLER,01T35@0,0,150,-1,-1,0
5270,T22,T35,150,5,43,-1,-1,146,03T22@1,05T35@2,17,-1,-1,-1,2
5317,T35,T22,150,5,10,149,-1,149,00T35@0,03T22@1,17,150,-1,-1,1
3717,T09,OTHER,150,1,59,-1,-1,-1,07T09@3,BUYER,0,-1,-1,-1,4
5059,T35,T34,150,1,21,133,-1,133,04T35@2,06T34@3,17,150,-1,-1,3
5221,T22,T35,151,5,41,144,-1,144,03T22@1,04T35@2,17,151,-1,-1,2
5177,T22,T35,151,5,41,141,-1,141,03T22@1,05T35@2,17,151,-1,-1,2
5344,T35,T22,151,5,9,151,-1,151,01T35@0,03T22@1,17,151,-1,-1,1
5335,T35,T22,151,5,10,150,-1,150,01T35@0,03T22@1,17,151,-1,-1,1
5242,T22,T35,151,5,41,145,-1,145,03T22@1,04T35@2,17,151,-1,-1,2
5341,T35,T09,151,60,21,-1,-1,150,05T35@2,07T09@3,17,-1,-1,-1,3
5355,T22,T35,151,5,43,-1,-1,151,03T22@1,04T35@2,17,-1,-1,-1,2
5269,T22,T35,151,5,43,-1,-1,146,03T22@1,05T35@2,17,-1,-1,-1,2
5076,T35,T34,151,1,21,134,-1,134,04T35@2,06T34@3,17,151,-1,-1,3
5304,T22,T35,151,5,43,-1,-1,148,03T22@1,04T35@2,17,-1,-1,-1,2
3729,OTHER,T35,151,1,10,78,-1,-1,SELLER,01T35@0,0,151,-1,-1,0
3733,OTHER,T35,151,7,10,78,-1,-1,SELLER,01T35@0,0,151,-1,-1,0
3736,OTHER,T35,151,3,10,78,-1,-1,SELLER,00T35@0,0,151,-1,-1,0
3741,OTHER,T35,151,2,10,78,-1,-1,SELLER,01T35@0,0,151,-1,-1,0
3742,OTHER,T35,151,4,10,78,-1,-1,SELLER,00T35@0,0,151,-1,-1,0
3743,OTHER,T35,151,3,10,78,-1,-1,SELLER,00T35@0,0,151,-1,-1,0
3744,T09,OTHER,151,1,59,-1,-1,-1,07T09@3,BUYER,0,-1,-1,-1,4
5074,T35,T34,151,1,21,134,-1,134,05T35@2,06T34@3,17,151,-1,-1,3
3747,T34,OTHER,151,1,59,-1,-1,-1,06T34@3,BUYER,0,-1,-1,-1,4
5311,T35,T22,151,5,10,149,-1,149,01T35@0,03T22@1,17,151,-1,-1,1
3748,T09,OTHER,151,2,59,-1,-1,-1,07T09@3,BUYER,0,-1,-1,-1,4
3746,T34,OTHER,151,3,59,-1,-1,-1,06T34@3,BUYER,0,-1,-1,-1,4
5260,T22,T35,151,5,41,146,-1,146,03T22@1,05T35@2,17,151,-1,-1,2
5329,T35,T22,151,5,9,150,-1,150,00T35@0,03T22@1,17,151,-1,-1,1
5328,T35,T22,151,5,9,150,-1,150,00T35@0,03T22@1,17,151,-1,-1,1
5117,T35,T34,151,10,20,137,-1,137,04T35@2,06T34@3,17,151,-1,-1,3
5314,T35,T22,151,5,10,149,-1,149,01T35@0,03T22@1,17,151,-1,-1,1
3757,T34,OTHER,151,3,59,-1,-1,-1,06T34@3,BUYER,0,-1,-1,-1,4
5320,T22,T35,151,5,43,-1,-1,149,03T22@1,04T35@2,17,-1,-1,-1,2
5351,T35,T22,151,5,9,151,-1,151,01T35@0,03T22@1,17,151,-1,-1,1
3755,T34,OTHER,151,1,59,-1,-1,-1,06T34@3,BUYER,0,-1,-1,-1,4
3753,T34,OTHER,151,3,59,-1,-1,-1,06T34@3,BUYER,0,-1,-1,-1,4
3751,T09,OTHER,151,4,59,-1,-1,-1,07T09@3,BUYER,0,-1,-1,-1,4
3756,T34,OTHER,151,2,59,-1,-1,-1,06T34@3,BUYER,0,-1,-1,-1,4
5376,T22,T35,152,16,28,-1,-1,152,03T22@1,04T35@2,2,-1,-1,-1,2
5373,T22,T35,152,7,14,-1,-1,152,03T22@1,05T35@2,17,-1,-1,-1,2
5128,T35,T34,152,10,20,138,-1,138,04T35@2,06T34@3,17,152,-1,-1,3
5372,T22,T35,152,5,43,-1,-1,152,03T22@1,04T35@2,17,-1,-1,-1,2
5370,T35,T22,152,8,9,152,-1,152,00T35@0,03T22@1,17,152,-1,-1,1
5369,T35,T22,152,5,9,152,-1,152,00T35@0,03T22@1,17,152,-1,-1,1
5362,T35,T22,152,8,9,152,-1,152,01T35@0,03T22@1,17,152,-1,-1,1
5087,T35,T34,152,1,21,135,-1,135,05T35@2,06T34@3,17,152,-1,-1,3
5132,T35,T34,152,10,20,138,-1,138,05T35@2,06T34@3,17,152,-1,-1,3
5354,T22,T35,152,5,43,-1,-1,151,03T22@1,04T35@2,17,-1,-1,-1,2
5305,T22,T35,152,5,43,-1,-1,148,03T22@1,04T35@2,17,-1,-1,-1,2
3783,T09,OTHER,152,2,59,-1,-1,-1,07T09@3,BUYER,0,-1,-1,-1,4
5332,T35,T22,152,5,10,150,-1,150,01T35@0,03T22@1,17,152,-1,-1,1
3782,T09,OTHER,152,3,59,-1,-1,-1,07T09@3,BUYER,0,-1,-1,-1,4
3776,OTHER,T35,152,3,10,79,-1,-1,SELLER,00T35@0,0,152,-1,-1,0
3774,OTHER,T35,152,3,10,79,-1,-1,SELLER,00T35@0,0,152,-1,-1,0
5246,T22,T35,152,5,41,145,-1,145,03T22@1,04T35@2,17,152,-1,-1,2
3771,OTHER,T35,152,5,10,79,-1,-1,SELLER,01T35@0,0,152,-1,-1,0
5319,T22,T35,152,5,43,-1,-1,149,03T22@1,05T35@2,17,-1,-1,-1,2
5348,T35,T22,152,5,9,151,-1,151,00T35@0,03T22@1,17,152,-1,-1,1
3767,OTHER,T35,152,2,10,79,-1,-1,SELLER,00T35@0,0,152,-1,-1,0
3778,T34,OTHER,152,1,59,79,-1,-1,06T34@3,BUYER,0,152,-1,-1,4
3777,OTHER,T35,152,3,10,79,-1,-1,SELLER,01T35@0,0,152,-1,-1,0
3786,T09,OTHER,152,1,59,-1,-1,-1,07T09@3,BUYER,0,-1,-1,-1,4
3765,OTHER,T35,152,2,10,79,-1,-1,SELLER,00T35@0,0,152,-1,-1,0
3787,T34,OTHER,152,5,59,-1,-1,-1,06T34@3,BUYER,0,-1,-1,-1,4
3788,T09,OTHER,152,4,59,-1,-1,-1,07T09@3,BUYER,0,-1,-1,-1,4
5210,T22,T35,152,5,41,143,-1,143,03T22@1,05T35@2,17,152,-1,-1,2
3764,OTHER,T35,152,2,10,79,-1,-1,SELLER,00T35@0,0,152,-1,-1,0
5303,T22,T35,152,7,15,-1,-1,148,03T22@1,05T35@2,17,-1,-1,-1,2
3769,T34,OTHER,152,4,59,79,-1,-1,06T34@3,BUYER,0,152,-1,-1,4
5103,T35,T34,153,1,21,136,-1,136,04T35@2,06T34@3,17,153,-1,-1,3
3802,OTHER,T35,153,3,10,80,-1,-1,SELLER,01T35@0,0,153,-1,-1,0
3794,OTHER,T35,153,2,10,80,-1,-1,SELLER,00T35@0,0,153,-1,-1,0
5375,T35,T09,153,60,21,-1,-1,152,05T35@2,07T09@3,17,-1,-1,-1,3
5374,T22,T35,153,5,43,-1,-1,152,03T22@1,05T35@2,17,-1,-1,-1,2
3804,OTHER,T35,153,2,10,80,-1,-1,SELLER,01T35@0,0,153,-1,-1,0
5377,T35,T22,153,8,10,153,-1,153,00T35@0,03T22@1,17,153,-1,-1,1
3806,OTHER,T35,153,4,10,80,-1,-1,SELLER,00T35@0,0,153,-1,-1,0
5295,T22,T35,153,5,43,148,-1,148,03T22@1,04T35@2,17,153,-1,-1,2
5153,T35,T34,153,10,20,139,-1,139,04T35@2,06T34@3,17,153,-1,-1,3
3805,OTHER,T35,153,2,10,80,-1,-1,SELLER,00T35@0,0,153,-1,-1,0
5389,T22,T35,153,5,43,-1,-1,153,03T22@1,05T35@2,17,-1,-1,-1,2
3809,OTHER,T35,153,3,10,80,-1,-1,SELLER,00T35@0,0,153,-1,-1,0
3814,T34,OTHER,153,3,59,-1,-1,-1,06T34@3,BUYER,0,-1,-1,-1,4
3817,T34,OTHER,153,2,59,-1,-1,-1,06T34@3,BUYER,0,-1,-1,-1,4
3819,T34,OTHER,153,2,59,-1,-1,-1,06T34@3,BUYER,0,-1,-1,-1,4
3790,T34,OTHER,153,4,59,80,-1,-1,06T34@3,BUYER,0,153,-1,-1,4
5339,T35,T09,153,60,24,-1,-1,150,04T35@2,07T09@3,17,-1,-1,-1,3
5338,T22,T35,153,5,43,-1,-1,150,03T22@1,05T35@2,17,-1,-1,-1,2
3789,T34,OTHER,153,2,59,80,-1,-1,06T34@3,BUYER,0,153,-1,-1,4
3795,OTHER,T35,153,1,10,80,-1,-1,SELLER,01T35@0,0,153,-1,-1,0
5359,T35,T22,153,5,10,152,-1,152,01T35@0,03T22@1,17,153,-1,-1,1
3811,T09,OTHER,153,2,59,-1,-1,-1,07T09@3,BUYER,0,-1,-1,-1,4
5386,T35,T22,153,8,9,153,-1,153,01T35@0,03T22@1,17,153,-1,-1,1
3799,OTHER,T35,153,3,10,80,-1,-1,SELLER,01T35@0,0,153,-1,-1,0
5365,T35,T22,153,5,9,152,-1,152,00T35@0,03T22@1,17,153,-1,-1,1
5208,T22,T35,153,5,41,143,-1,143,03T22@1,04T35@2,17,153,-1,-1,2
5347,T35,T22,153,5,10,151,-1,151,00T35@0,03T22@1,17,153,-1,-1,1
3812,T09,OTHER,153,3,59,-1,-1,-1,07T09@3,BUYER,0,-1,-1,-1,4
5346,T35,T22,153,5,10,151,-1,151,01T35@0,03T22@1,17,153,-1,-1,1
3816,T09,OTHER,153,2,59,-1,-1,-1,07T09@3,BUYER,0,-1,-1,-1,4
5333,T22,T35,154,7,15,150,-1,150,03T22@1,04T35@2,17,154,-1,-1,2
5118,T35,T34,154,1,21,137,-1,137,05T35@2,06T34@3,17,154,-1,-1,3
5390,T35,T09,154,60,21,-1,-1,153,04T35@2,07T09@3,17,-1,-1,-1,3
5325,T35,T35,154,7,15,150,-1,150,02T35@1,05T35@2,17,154,-1,-1,2
5382,T35,T22,154,5,9,153,-1,153,00T35@0,03T22@1,17,154,-1,-1,1
3822,OTHER,T35,154,1,10,81,-1,-1,SELLER,00T35@0,0,154,-1,-1,0
5356,T35,T09,154,60,24,-1,-1,151,05T35@2,07T09@3,17,-1,-1,-1,3
5357,T35,T09,154,60,24,-1,-1,151,04T35@2,07T09@3,17,-1,-1,-1,3
3824,T34,OTHER,154,1,59,81,-1,-1,06T34@3,BUYER,0,154,-1,-1,4
3829,OTHER,T35,154,5,10,81,-1,-1,SELLER,00T35@0,0,154,-1,-1,0
3830,OTHER,T35,154,2,10,81,-1,-1,SELLER,00T35@0,0,154,-1,-1,0
5358,T22,T35,154,5,43,-1,-1,151,03T22@1,05T35@2,17,-1,-1,-1,2
3832,OTHER,T35,154,2,10,81,-1,-1,SELLER,01T35@0,0,154,-1,-1,0
3835,OTHER,T35,154,2,10,81,-1,-1,SELLER,01T35@0,0,154,-1,-1,0
5364,T35,T22,154,5,9,152,-1,152,01T35@0,03T22@1,17,154,-1,-1,1
3836,OTHER,T35,154,3,10,81,-1,-1,SELLER,01T35@0,0,154,-1,-1,0
5383,T35,T22,154,5,10,153,-1,153,00T35@0,03T22@1,17,154,-1,-1,1
3838,T34,OTHER,154,5,59,81,-1,-1,06T34@3,BUYER,0,154,-1,-1,4
3837,T34,OTHER,154,2,59,81,-1,-1,06T34@3,BUYER,0,154,-1,-1,4
3841,OTHER,T35,154,3,10,81,-1,-1,SELLER,01T35@0,0,154,-1,-1,0
5163,T35,T34,154,10,20,140,-1,140,05T35@2,06T34@3,17,154,-1,-1,3
5402,T35,T22,154,5,10,154,-1,154,00T35@0,03T22@1,17,154,-1,-1,1
5261,T22,T35,154,5,41,146,-1,146,03T22@1,04T35@2,17,154,-1,-1,2
3840,OTHER,T35,154,2,10,81,-1,-1,SELLER,00T35@0,0,154,-1,-1,0
5165,T35,T34,154,10,20,140,-1,140,04T35@2,06T34@3,17,154,-1,-1,3
5378,T35,T22,154,5,10,153,-1,153,00T35@0,03T22@1,17,154,-1,-1,1
3849,T09,OTHER,154,2,59,-1,-1,-1,07T09@3,BUYER,0,-1,-1,-1,4
3848,T09,OTHER,154,3,59,-1,-1,-1,07T09@3,BUYER,0,-1,-1,-1,4
3847,T09,OTHER,154,5,59,-1,-1,-1,07T09@3,BUYER,0,-1,-1,-1,4
3843,T09,OTHER,154,2,59,-1,-1,-1,07T09@3,BUYER,0,-1,-1,-1,4
5247,T22,T35,154,5,41,145,-1,145,03T22@1,04T35@2,17,154,-1,-1,2
5239,T22,T35,155,5,41,145,-1,145,03T22@1,04T35@2,17,155,-1,-1,2
5353,T22,T35,155,5,43,-1,-1,151,03T22@1,04T35@2,17,-1,-1,-1,2
5280,T22,T35,155,5,41,147,-1,147,03T22@1,04T35@2,17,155,-1,-1,2
5408,T35,T22,155,5,9,155,-1,155,00T35@0,03T22@1,17,155,-1,-1,1
5184,T35,T34,155,10,20,141,-1,141,04T35@2,06T34@3,17,155,-1,-1,3
5418,T35,T22,155,8,10,155,-1,155,01T35@0,03T22@1,17,155,-1,-1,1
5350,T35,T35,155,7,15,151,-1,151,02T35@1,04T35@2,17,155,-1,-1,2
5412,T35,T22,155,8,10,155,-1,155,00T35@0,03T22@1,17,155,-1,-1,1
5343,T22,T35,155,7,15,151,-1,151,03T22@1,04T35@2,17,155,-1,-1,2
3886,T09,OTHER,155,3,59,-1,-1,-1,07T09@3,BUYER,0,-1,-1,-1,4
3885,T09,OTHER,155,3,59,-1,-1,-1,07T09@3,BUYER,0,-1,-1,-1,4
3884,T34,OTHER,155,5,59,-1,-1,-1,06T34@3,BUYER,0,-1,-1,-1,4
3881,T09,OTHER,155,1,59,-1,-1,-1,07T09@3,BUYER,0,-1,-1,-1,4
5403,T35,T09,155,60,21,-1,-1,154,05T35@2,07T09@3,17,-1,-1,-1,3
3876,OTHER,T35,155,2,10,82,-1,-1,SELLER,00T35@0,0,155,-1,-1,0
5396,T35,T22,155,5,10,154,-1,154,00T35@0,03T22@1,17,155,-1,-1,1
3873,T34,OTHER,155,1,59,82,-1,-1,06T34@3,BUYER,0,155,-1,-1,4
3872,OTHER,T35,155,3,10,82,-1,-1,SELLER,01T35@0,0,155,-1,-1,0
5401,T35,T22,155,5,10,154,-1,154,01T35@0,03T22@1,17,155,-1,-1,1
3871,T34,OTHER,155,2,59,82,-1,-1,06T34@3,BUYER,0,155,-1,-1,4
3870,OTHER,T35,155,2,10,82,-1,-1,SELLER,00T35@0,0,155,-1,-1,0
5387,T35,T22,155,5,9,153,-1,153,01T35@0,03T22@1,17,155,-1,-1,1
3867,T34,OTHER,155,2,59,82,-1,-1,06T34@3,BUYER,0,155,-1,-1,4
3865,T34,OTHER,155,2,59,82,-1,-1,06T34@3,BUYER,0,155,-1,-1,4
3862,OTHER,T35,155,2,10,82,-1,-1,SELLER,01T35@0,0,155,-1,-1,0
3859,T34,OTHER,155,1,59,82,-1,-1,06T34@3,BUYER,0,155,-1,-1,4
3858,OTHER,T35,155,2,10,82,-1,-1,SELLER,01T35@0,0,155,-1,-1,0
3856,OTHER,T35,155,3,10,82,-1,-1,SELLER,00T35@0,0,155,-1,-1,0
3869,OTHER,T35,155,2,10,82,-1,-1,SELLER,01T35@0,0,155,-1,-1,0
3854,OTHER,T35,155,4,10,82,-1,-1,SELLER,00T35@0,0,155,-1,-1,0
5371,T35,T09,155,60,24,-1,-1,152,04T35@2,07T09@3,17,-1,-1,-1,3
3887,OTHER,T35,156,2,10,83,-1,-1,SELLER,00T35@0,0,156,-1,-1,0
5148,T35,T34,156,1,21,139,-1,139,05T35@2,06T34@3,17,156,-1,-1,3
5191,T35,T34,156,10,20,142,-1,142,05T35@2,06T34@3,17,156,-1,-1,3
5425,T35,T22,156,5,9,156,-1,156,01T35@0,03T22@1,17,156,-1,-1,1
5196,T35,T34,156,10,20,142,-1,142,04T35@2,06T34@3,17,156,-1,-1,3
5393,T35,T09,156,60,24,-1,-1,153,05T35@2,07T09@3,17,-1,-1,-1,3
5438,T22,T35,156,5,43,-1,-1,156,03T22@1,05T35@2,17,-1,-1,-1,2
5391,T22,T35,156,5,43,-1,-1,153,03T22@1,05T35@2,17,-1,-1,-1,2
5326,T22,T35,156,5,41,150,-1,150,03T22@1,04T35@2,17,156,-1,-1,2
5421,T22,T35,156,5,43,-1,-1,155,03T22@1,05T35@2,17,-1,-1,-1,2
5279,T22,T35,156,5,41,147,-1,147,03T22@1,04T35@2,17,156,-1,-1,2
5368,T35,T35,156,7,15,152,-1,152,02T35@1,05T35@2,17,156,-1,-1,2
5420,T35,T09,156,60,21,-1,-1,155,04T35@2,07T09@3,17,-1,-1,-1,3
3899,OTHER,T35,156,1,10,83,-1,-1,SELLER,01T35@0,0,156,-1,-1,0
3915,T09,OTHER,156,1,59,-1,-1,-1,07T09@3,BUYER,0,-1,-1,-1,4
3889,OTHER,T35,156,5,10,83,-1,-1,SELLER,00T35@0,0,156,-1,-1,0
5409,T35,T22,156,5,9,155,-1,155,01T35@0,03T22@1,17,156,-1,-1,1
5398,T35,T22,156,5,10,154,-1,154,00T35@0,03T22@1,17,156,-1,-1,1
3897,OTHER,T35,156,1,10,83,-1,-1,SELLER,00T35@0,0,156,-1,-1,0
3920,T09,OTHER,156,3,59,-1,-1,-1,07T09@3,BUYER,0,-1,-1,-1,4
3917,T09,OTHER,156,3,59,-1,-1,-1,07T09@3,BUYER,0,-1,-1,-1,4
3916,T09,OTHER,156,2,59,-1,-1,-1,07T09@3,BUYER,0,-1,-1,-1,4
5413,T35,T22,156,5,9,155,-1,155,01T35@0,03T22@1,17,156,-1,-1,1
3914,T09,OTHER,156,4,59,-1,-1,-1,07T09@3,BUYER,0,-1,-1,-1,4
3911,T34,OTHER,156,2,59,83,-1,-1,06T34@3,BUYER,0,156,-1,-1,4
3896,T34,OTHER,156,2,59,83,-1,-1,06T34@3,BUYER,0,156,-1,-1,4
3908,T34,OTHER,156,3,59,83,-1,-1,06T34@3,BUYER,0,156,-1,-1,4
5404,T22,T35,156,5,43,-1,-1,154,03T22@1,05T35@2,17,-1,-1,-1,2
3905,OTHER,T35,156,1,10,83,-1,-1,SELLER,00T35@0,0,156,-1,-1,0
3902,OTHER,T35,156,2,10,83,-1,-1,SELLER,00T35@0,0,156,-1,-1,0
3888,OTHER,T35,156,1,10,83,-1,-1,SELLER,01T35@0,0,156,-1,-1,0
5395,T35,T22,156,5,9,154,-1,154,01T35@0,03T22@1,17,156,-1,-1,1
3898,OTHER,T35,156,2,10,83,-1,-1,SELLER,01T35@0,0,156,-1,-1,0
3910,OTHER,T35,156,5,10,83,-1,-1,SELLER,01T35@0,0,156,-1,-1,0
5407,T22,T35,157,5,43,-1,-1,154,03T22@1,05T35@2,17,-1,-1,-1,2
5392,T22,T35,157,7,15,-1,-1,153,03T22@1,04T35@2,17,-1,-1,-1,2
5444,T35,T22,157,8,9,157,-1,157,00T35@0,03T22@1,17,157,-1,-1,1
5446,T35,T35,157,7,14,157,-1,157,02T35@1,05T35@2,17,157,-1,-1,2
5447,T35,T22,157,5,9,157,-1,157,01T35@0,03T22@1,17,157,-1,-1,1
5411,T35,T22,157,5,9,155,-1,155,00T35@0,03T22@1,17,157,-1,-1,1
3923,OTHER,T35,157,5,10,84,-1,-1,SELLER,01T35@0,0,157,-1,-1,0
5405,T35,T09,157,60,24,-1,-1,154,04T35@2,07T09@3,17,-1,-1,-1,3
3922,T34,OTHER,157,3,59,84,-1,-1,06T34@3,BUYER,0,157,-1,-1,4
5388,T35,T35,157,7,15,153,-1,153,02T35@1,04T35@2,17,157,-1,-1,2
5207,T35,T34,157,10,20,143,-1,143,04T35@2,06T34@3,17,157,-1,-1,3
5380,T22,T35,157,7,15,153,-1,153,03T22@1,05T35@2,17,157,-1,-1,2
5379,T35,T35,157,7,15,153,-1,153,02T35@1,05T35@2,17,157,-1,-1,2
5285,T22,T35,157,5,41,147,-1,147,03T22@1,05T35@2,17,157,-1,-1,2
5449,T35,T22,157,8,10,157,-1,157,01T35@0,03T22@1,17,157,-1,-1,1
3933,OTHER,T35,157,1,10,84,-1,-1,SELLER,00T35@0,0,157,-1,-1,0
5437,T35,T09,157,60,21,-1,-1,156,04T35@2,07T09@3,17,-1,-1,-1,3
5433,T35,T22,157,5,9,156,-1,156,01T35@0,03T22@1,17,157,-1,-1,1
3925,OTHER,T35,157,1,10,84,-1,-1,SELLER,00T35@0,0,157,-1,-1,0
3953,T09,OTHER,157,2,59,-1,-1,-1,07T09@3,BUYER,0,-1,-1,-1,4
3952,T34,OTHER,157,3,59,-1,-1,-1,06T34@3,BUYER,0,-1,-1,-1,4
3947,T09,OTHER,157,2,59,-1,-1,-1,07T09@3,BUYER,0,-1,-1,-1,4
3926,T34,OTHER,157,2,59,84,-1,-1,06T34@3,BUYER,0,157,-1,-1,4
3946,T09,OTHER,157,4,59,-1,-1,-1,07T09@3,BUYER,0,-1,-1,-1,4
3924,OTHER,T35,157,4,10,84,-1,-1,SELLER,00T35@0,0,157,-1,-1,0
5394,T22,T35,157,5,43,-1,-1,153,03T22@1,04T35@2,17,-1,-1,-1,2
5439,T35,T09,157,60,21,-1,-1,156,05T35@2,07T09@3,17,-1,-1,-1,3
5424,T35,T22,157,5,10,156,-1,156,01T35@0,03T22@1,17,157,-1,-1,1
3941,T34,OTHER,157,1,59,84,-1,-1,06T34@3,BUYER,0,157,-1,-1,4
3954,T09,OTHER,157,1,59,-1,-1,-1,07T09@3,BUYER,0,-1,-1,-1,4
3938,OTHER,T35,157,3,10,84,-1,-1,SELLER,00T35@0,0,157,-1,-1,0
5334,T22,T35,157,5,41,150,-1,150,03T22@1,05T35@2,17,157,-1,-1,2
3932,OTHER,T35,157,1,10,84,-1,-1,SELLER,01T35@0,0,157,-1,-1,0
3929,OTHER,T35,157,2,10,84,-1,-1,SELLER,00T35@0,0,157,-1,-1,0
3936,T34,OTHER,157,2,59,84,-1,-1,06T34@3,BUYER,0,157,-1,-1,4
3937,OTHER,T35,157,3,10,84,-1,-1,SELLER,01T35@0,0,157,-1,-1,0
5465,T35,T22,158,8,10,158,-1,158,00T35@0,03T22@1,17,158,-1,-1,1
5345,T22,T35,158,5,41,151,-1,151,03T22@1,05T35@2,17,158,-1,-1,2
5468,T22,T35,158,5,43,-1,-1,158,03T22@1,04T35@2,17,-1,-1,-1,2
5422,T35,T09,158,60,24,-1,-1,155,05T35@2,07T09@3,17,-1,-1,-1,3
5467,T22,T35,158,7,14,-1,-1,158,03T22@1,04T35@2,17,-1,-1,-1,2
5406,T22,T35,158,5,43,-1,-1,154,03T22@1,05T35@2,17,-1,-1,-1,2
5180,T35,T34,158,1,21,141,-1,141,05T35@2,06T34@3,17,158,-1,-1,3
5315,T22,T35,158,5,41,149,-1,149,03T22@1,05T35@2,17,158,-1,-1,2
5426,T35,T22,158,5,10,156,-1,156,01T35@0,03T22@1,17,158,-1,-1,1
5224,T35,T34,158,10,20,144,-1,144,05T35@2,06T34@3,17,158,-1,-1,3
3966,OTHER,T35,158,3,10,85,-1,-1,SELLER,00T35@0,0,158,-1,-1,0
5463,T35,T22,158,8,10,158,-1,158,01T35@0,03T22@1,17,158,-1,-1,1
3959,OTHER,T35,158,3,10,85,-1,-1,SELLER,00T35@0,0,158,-1,-1,0
5440,T35,T22,158,5,9,157,-1,157,01T35@0,03T22@1,17,158,-1,-1,1
5443,T35,T22,158,5,10,157,-1,157,00T35@0,03T22@1,17,158,-1,-1,1
3963,OTHER,T35,158,4,10,85,-1,-1,SELLER,01T35@0,0,158,-1,-1,0
3962,T34,OTHER,158,3,59,85,-1,-1,06T34@3,BUYER,0,158,-1,-1,4
3969,OTHER,T35,158,1,10,85,-1,-1,SELLER,00T35@0,0,158,-1,-1,0
3970,T34,OTHER,158,1,59,85,-1,-1,06T34@3,BUYER,0,158,-1,-1,4
3973,OTHER,T35,158,3,10,85,-1,-1,SELLER,01T35@0,0,158,-1,-1,0
3957,OTHER,T35,158,1,10,85,-1,-1,SELLER,00T35@0,0,158,-1,-1,0
3977,OTHER,T35,158,4,10,85,-1,-1,SELLER,00T35@0,0,158,-1,-1,0
5419,T22,T35,158,5,43,-1,-1,155,03T22@1,05T35@2,17,-1,-1,-1,2
3960,OTHER,T35,158,1,10,85,-1,-1,SELLER,00T35@0,0,158,-1,-1,0
3975,T34,OTHER,158,1,59,85,-1,-1,06T34@3,BUYER,0,158,-1,-1,4
3983,T09,OTHER,158,1,59,-1,-1,-1,07T09@3,BUYER,0,-1,-1,-1,4
5455,T22,T35,158,5,43,-1,-1,157,03T22@1,04T35@2,17,-1,-1,-1,2
5450,T35,T09,158,60,21,-1,-1,157,04T35@2,07T09@3,17,-1,-1,-1,3
5432,T35,T22,158,5,10,156,-1,156,00T35@0,03T22@1,17,158,-1,-1,1
3987,T09,OTHER,158,2,59,-1,-1,-1,07T09@3,BUYER,0,-1,-1,-1,4
3986,T09,OTHER,158,3,59,-1,-1,-1,07T09@3,BUYER,0,-1,-1,-1,4
3985,T34,OTHER,158,5,59,-1,-1,-1,06T34@3,BUYER,0,-1,-1,-1,4
3981,T09,OTHER,158,4,59,-1,-1,-1,07T09@3,BUYER,0,-1,-1,-1,4
5327,T22,T35,159,5,41,150,-1,150,03T22@1,04T35@2,17,159,-1,-1,2
5238,T35,T34,159,10,20,145,-1,145,05T35@2,06T34@3,17,159,-1,-1,3
5476,T35,T22,159,5,10,159,-1,159,01T35@0,03T22@1,17,159,-1,-1,1
5249,T35,T34,159,10,20,145,-1,145,04T35@2,06T34@3,17,159,-1,-1,3
5310,T22,T35,159,5,41,149,-1,149,03T22@1,04T35@2,17,159,-1,-1,2
5423,T22,T35,159,5,43,-1,-1,155,03T22@1,04T35@2,17,-1,-1,-1,2
5445,T35,T22,159,5,9,157,-1,157,00T35@0,03T22@1,17,159,-1,-1,1
5414,T35,T35,159,7,15,155,-1,155,02T35@1,04T35@2,17,159,-1,-1,2
5481,T22,T35,159,7,14,-1,-1,159,03T22@1,04T35@2,17,-1,-1,-1,2
5460,T35,T22,159,5,10,158,-1,158,00T35@0,03T22@1,17,159,-1,-1,1
5462,T35,T22,159,5,10,158,-1,158,01T35@0,03T22@1,17,159,-1,-1,1
5417,T22,T35,159,7,15,155,-1,155,03T22@1,04T35@2,17,159,-1,-1,2
3995,T34,OTHER,159,3,59,86,-1,-1,06T34@3,BUYER,0,159,-1,-1,4
3996,T34,OTHER,159,1,59,86,-1,-1,06T34@3,BUYER,0,159,-1,-1,4
4023,T34,OTHER,159,4,59,-1,-1,-1,06T34@3,BUYER,0,-1,-1,-1,4
4021,T09,OTHER,159,2,59,-1,-1,-1,07T09@3,BUYER,0,-1,-1,-1,4
4020,T09,OTHER,159,2,59,-1,-1,-1,07T09@3,BUYER,0,-1,-1,-1,4
4013,T09,OTHER,159,1,59,-1,-1,-1,07T09@3,BUYER,0,-1,-1,-1,4
4012,T09,OTHER,159,2,59,-1,-1,-1,07T09@3,BUYER,0,-1,-1,-1,4
3988,OTHER,T35,159,2,10,86,-1,-1,SELLER,01T35@0,0,159,-1,-1,0
3989,OTHER,T35,159,2,10,86,-1,-1,SELLER,00T35@0,0,159,-1,-1,0
3990,OTHER,T35,159,2,10,86,-1,-1,SELLER,00T35@0,0,159,-1,-1,0
4004,OTHER,T35,159,6,10,86,-1,-1,SELLER,00T35@0,0,159,-1,-1,0
3992,OTHER,T35,159,4,10,86,-1,-1,SELLER,01T35@0,0,159,-1,-1,0
4002,OTHER,T35,159,1,10,86,-1,-1,SELLER,01T35@0,0,159,-1,-1,0
4001,T34,OTHER,159,1,59,86,-1,-1,06T34@3,BUYER,0,159,-1,-1,4
4000,OTHER,T35,159,2,10,86,-1,-1,SELLER,01T35@0,0,159,-1,-1,0
4022,T09,OTHER,159,4,59,-1,-1,-1,07T09@3,BUYER,0,-1,-1,-1,4
3994,OTHER,T35,159,1,10,86,-1,-1,SELLER,00T35@0,0,159,-1,-1,0
5478,T35,T22,160,5,10,159,-1,159,00T35@0,03T22@1,17,160,-1,-1,1
4025,OTHER,T35,160,4,10,87,-1,-1,SELLER,00T35@0,0,160,-1,-1,0
4026,T34,OTHER,160,2,59,87,-1,-1,06T34@3,BUYER,0,160,-1,-1,4
4028,OTHER,T35,160,3,10,87,-1,-1,SELLER,01T35@0,0,160,-1,-1,0
4029,T34,OTHER,160,4,59,87,-1,-1,06T34@3,BUYER,0,160,-1,-1,4
5436,T22,T35,160,7,15,156,-1,156,03T22@1,05T35@2,17,160,-1,-1,2
5477,T35,T22,160,5,9,159,-1,159,00T35@0,03T22@1,17,160,-1,-1,1
4032,OTHER,T35,160,2,10,87,-1,-1,SELLER,00T35@0,0,160,-1,-1,0
4034,T34,OTHER,160,1,59,87,-1,-1,06T34@3,BUYER,0,160,-1,-1,4
4038,OTHER,T35,160,3,10,87,-1,-1,SELLER,00T35@0,0,160,-1,-1,0
4042,T34,OTHER,160,1,59,87,-1,-1,06T34@3,BUYER,0,160,-1,-1,4
4044,OTHER,T35,160,4,10,87,-1,-1,SELLER,01T35@0,0,160,-1,-1,0
4049,T09,OTHER,160,3,59,-1,-1,-1,07T09@3,BUYER,0,-1,-1,-1,4
4050,T09,OTHER,160,3,59,-1,-1,-1,07T09@3,BUYER,0,-1,-1,-1,4
4051,T34,OTHER,160,3,59,-1,-1,-1,06T34@3,BUYER,0,-1,-1,-1,4
4052,T09,OTHER,160,3,59,-1,-1,-1,07T09@3,BUYER,0,-1,-1,-1,4
5415,T22,T35,160,5,43,155,-1,155,03T22@1,04T35@2,17,160,-1,-1,2
5212,T35,T34,160,1,21,143,-1,143,05T35@2,06T34@3,17,160,-1,-1,3
5363,T22,T35,160,5,41,152,-1,152,03T22@1,04T35@2,17,160,-1,-1,2
4024,OTHER,T35,160,4,10,87,-1,-1,SELLER,00T35@0,0,160,-1,-1,0
5330,T22,T35,160,5,41,150,-1,150,03T22@1,05T35@2,17,160,-1,-1,2
5435,T35,T35,160,7,15,156,-1,156,02T35@1,05T35@2,17,160,-1,-1,2
5461,T35,T22,160,5,10,158,-1,158,00T35@0,03T22@1,17,160,-1,-1,1
5497,T35,T22,160,5,9,160,-1,160,00T35@0,03T22@1,17,160,-1,-1,1
5494,T35,T35,160,7,14,160,-1,160,02T35@1,05T35@2,17,160,-1,-1,2
5451,T35,T09,160,60,24,-1,-1,157,05T35@2,07T09@3,17,-1,-1,-1,3
5452,T22,T35,160,5,43,-1,-1,157,03T22@1,04T35@2,17,-1,-1,-1,2
5458,T35,T22,160,5,9,158,-1,158,01T35@0,03T22@1,17,160,-1,-1,1
5489,T35,T22,160,5,10,160,-1,160,01T35@0,03T22@1,17,160,-1,-1,1
5486,T35,T09,160,60,21,-1,-1,159,05T35@2,07T09@3,17,-1,-1,-1,3
5480,T35,T22,160,5,9,159,-1,159,01T35@0,03T22@1,17,160,-1,-1,1
5482,T35,T09,160,60,21,-1,-1,159,04T35@2,07T09@3,17,-1,-1,-1,3
4069,OTHER,T35,161,4,10,88,-1,-1,SELLER,01T35@0,0,161,-1,-1,0
4077,T09,OTHER,161,2,59,-1,-1,-1,07T09@3,BUYER,0,-1,-1,-1,4
4078,T09,OTHER,161,2,59,-1,-1,-1,07T09@3,BUYER,0,-1,-1,-1,4
4082,T09,OTHER,161,4,59,-1,-1,-1,07T09@3,BUYER,0,-1,-1,-1,4
4083,T34,OTHER,161,2,59,-1,-1,-1,06T34@3,BUYER,0,-1,-1,-1,4
5506,T35,T22,161,5,9,161,-1,161,01T35@0,03T22@1,17,161,-1,-1,1
4068,OTHER,T35,161,2,10,88,-1,-1,SELLER,00T35@0,0,161,-1,-1,0
4086,T34,OTHER,161,2,59,-1,-1,-1,06T34@3,BUYER,0,-1,-1,-1,4
5475,T35,T22,161,5,10,159,-1,159,00T35@0,03T22@1,17,161,-1,-1,1
5360,T22,T35,161,5,41,152,-1,152,03T22@1,04T35@2,17,161,-1,-1,2
5349,T22,T35,161,5,41,151,-1,151,03T22@1,05T35@2,17,161,-1,-1,2
4084,T09,OTHER,161,4,59,-1,-1,-1,07T09@3,BUYER,0,-1,-1,-1,4
4065,OTHER,T35,161,3,10,88,-1,-1,SELLER,00T35@0,0,161,-1,-1,0
4059,OTHER,T35,161,4,10,88,-1,-1,SELLER,01T35@0,0,161,-1,-1,0
4063,OTHER,T35,161,2,10,88,-1,-1,SELLER,00T35@0,0,161,-1,-1,0
5471,T35,T09,161,60,24,-1,-1,158,04T35@2,07T09@3,17,-1,-1,-1,3
4062,OTHER,T35,161,1,10,88,-1,-1,SELLER,01T35@0,0,161,-1,-1,0
5470,T22,T35,161,5,43,-1,-1,158,03T22@1,04T35@2,17,-1,-1,-1,2
5505,T35,T22,161,5,9,161,-1,161,00T35@0,03T22@1,17,161,-1,-1,1
4054,T34,OTHER,161,4,59,88,-1,-1,06T34@3,BUYER,0,161,-1,-1,4
5469,T35,T09,161,60,24,-1,-1,158,05T35@2,07T09@3,17,-1,-1,-1,3
5483,T22,T35,161,5,43,-1,-1,159,03T22@1,05T35@2,17,-1,-1,-1,2
5490,T35,T22,161,5,9,160,-1,160,01T35@0,03T22@1,17,161,-1,-1,1
5454,T22,T35,161,7,15,-1,-1,157,03T22@1,05T35@2,17,-1,-1,-1,2
5453,T22,T35,161,5,43,-1,-1,157,03T22@1,05T35@2,17,-1,-1,-1,2
5496,T35,T22,161,5,9,160,-1,160,01T35@0,03T22@1,17,161,-1,-1,1
4064,OTHER,T35,161,3,10,88,-1,-1,SELLER,00T35@0,0,161,-1,-1,0
5282,T35,T34,161,10,20,147,-1,147,04T35@2,06T34@3,17,161,-1,-1,3
4056,OTHER,T35,161,1,10,88,-1,-1,SELLER,01T35@0,0,161,-1,-1,0
5229,T35,T34,161,1,21,144,-1,144,04T35@2,06T34@3,17,161,-1,-1,3
4102,OTHER,T35,162,3,10,89,-1,-1,SELLER,00T35@0,0,162,-1,-1,0
4089,T34,OTHER,162,2,59,89,-1,-1,06T34@3,BUYER,0,162,-1,-1,4
4090,OTHER,T35,162,1,10,89,-1,-1,SELLER,00T35@0,0,162,-1,-1,0
4091,T34,OTHER,162,3,59,89,-1,-1,06T34@3,BUYER,0,162,-1,-1,4
4095,OTHER,T35,162,7,10,89,-1,-1,SELLER,01T35@0,0,162,-1,-1,0
4101,OTHER,T35,162,2,10,89,-1,-1,SELLER,00T35@0,0,162,-1,-1,0
4104,OTHER,T35,162,3,10,89,-1,-1,SELLER,00T35@0,0,162,-1,-1,0
4105,T34,OTHER,162,1,59,89,-1,-1,06T34@3,BUYER,0,162,-1,-1,4
4106,OTHER,T35,162,1,10,89,-1,-1,SELLER,01T35@0,0,162,-1,-1,0
4108,OTHER,T35,162,2,10,89,-1,-1,SELLER,01T35@0,0,162,-1,-1,0
4111,T09,OTHER,162,3,59,-1,-1,-1,07T09@3,BUYER,0,-1,-1,-1,4
4114,T34,OTHER,162,2,59,-1,-1,-1,06T34@3,BUYER,0,-1,-1,-1,4
4117,T34,OTHER,162,3,59,-1,-1,-1,06T34@3,BUYER,0,-1,-1,-1,4
4119,T09,OTHER,162,3,59,-1,-1,-1,07T09@3,BUYER,0,-1,-1,-1,4
4120,T09,OTHER,162,2,59,-1,-1,-1,07T09@3,BUYER,0,-1,-1,-1,4
4121,T09,OTHER,162,1,59,-1,-1,-1,07T09@3,BUYER,0,-1,-1,-1,4
5366,T22,T35,162,5,41,152,-1,152,03T22@1,05T35@2,17,162,-1,-1,2
4109,OTHER,T35,162,1,10,89,-1,-1,SELLER,01T35@0,0,162,-1,-1,0
5466,T35,T35,162,7,15,158,-1,158,02T35@1,04T35@2,17,162,-1,-1,2
5294,T35,T34,162,10,20,148,-1,148,05T35@2,06T34@3,17,162,-1,-1,3
5520,T35,T22,162,8,10,162,-1,162,01T35@0,03T22@1,17,162,-1,-1,1
5484,T22,T35,162,5,43,-1,-1,159,03T22@1,04T35@2,17,-1,-1,-1,2
5519,T22,T35,162,5,43,-1,-1,161,03T22@1,05T35@2,17,-1,-1,-1,2
5495,T35,T22,162,5,10,160,-1,160,01T35@0,03T22@1,17,162,-1,-1,1
5517,T35,T09,162,60,21,-1,-1,161,05T35@2,07T09@3,17,-1,-1,-1,3
5511,T35,T22,162,5,10,161,-1,161,00T35@0,03T22@1,17,162,-1,-1,1
5525,T35,T22,162,8,9,162,-1,162,00T35@0,03T22@1,17,162,-1,-1,1
5502,T22,T35,162,5,43,-1,-1,160,03T22@1,05T35@2,17,-1,-1,-1,2
5521,T35,T35,162,7,14,162,-1,162,02T35@1,04T35@2,17,162,-1,-1,2
4126,OTHER,T35,163,4,10,90,-1,-1,SELLER,00T35@0,0,163,-1,-1,0
4132,T34,OTHER,163,2,59,90,-1,-1,06T34@3,BUYER,0,163,-1,-1,4
4133,OTHER,T35,163,2,10,90,-1,-1,SELLER,01T35@0,0,163,-1,-1,0
4135,OTHER,T35,163,2,10,90,-1,-1,SELLER,01T35@0,0,163,-1,-1,0
4145,T09,OTHER,163,3,59,-1,-1,-1,07T09@3,BUYER,0,-1,-1,-1,4
4137,OTHER,T35,163,2,10,90,-1,-1,SELLER,00T35@0,0,163,-1,-1,0
4146,T09,OTHER,163,4,59,-1,-1,-1,07T09@3,BUYER,0,-1,-1,-1,4
4148,T09,OTHER,163,2,59,-1,-1,-1,07T09@3,BUYER,0,-1,-1,-1,4
4149,T09,OTHER,163,2,59,-1,-1,-1,07T09@3,BUYER,0,-1,-1,-1,4
4151,T34,OTHER,163,5,59,-1,-1,-1,06T34@3,BUYER,0,-1,-1,-1,4
4153,T09,OTHER,163,1,59,-1,-1,-1,07T09@3,BUYER,0,-1,-1,-1,4
4136,T34,OTHER,163,1,59,90,-1,-1,06T34@3,BUYER,0,163,-1,-1,4
4125,OTHER,T35,163,1,10,90,-1,-1,SELLER,00T35@0,0,163,-1,-1,0
5547,T35,T22,163,5,9,163,-1,163,01T35@0,03T22@1,17,163,-1,-1,1
4123,OTHER,T35,163,3,10,90,-1,-1,SELLER,01T35@0,0,163,-1,-1,0
5474,T35,T35,163,7,15,159,-1,159,02T35@1,04T35@2,17,163,-1,-1,2
5381,T22,T35,163,5,41,153,-1,153,03T22@1,05T35@2,17,163,-1,-1,2
5510,T35,T22,163,5,10,161,-1,161,00T35@0,03T22@1,17,163,-1,-1,1
5507,T35,T22,163,5,10,161,-1,161,00T35@0,03T22@1,17,163,-1,-1,1
5531,T35,T22,163,5,10,162,-1,162,01T35@0,03T22@1,17,163,-1,-1,1
5533,T35,T09,163,60,21,-1,-1,162,05T35@2,07T09@3,17,-1,-1,-1,3
5503,T35,T09,163,60,24,-1,-1,160,04T35@2,07T09@3,17,-1,-1,-1,3
5312,T35,T34,163,10,20,149,-1,149,05T35@2,06T34@3,17,163,-1,-1,3
5501,T35,T09,163,60,24,-1,-1,160,05T35@2,07T09@3,17,-1,-1,-1,3
5538,T35,T09,163,60,21,-1,-1,162,04T35@2,07T09@3,17,-1,-1,-1,3
5541,T35,T35,163,7,14,163,-1,163,02T35@1,05T35@2,17,163,-1,-1,2
5545,T35,T22,163,5,9,163,-1,163,00T35@0,03T22@1,17,163,-1,-1,1
5428,T22,T35,163,5,41,156,-1,156,03T22@1,05T35@2,17,163,-1,-1,2
4124,OTHER,T35,163,3,10,90,-1,-1,SELLER,01T35@0,0,163,-1,-1,0
5456,T22,T35,163,5,43,158,-1,158,03T22@1,05T35@2,17,163,-1,-1,2
4122,OTHER,T35,163,3,10,90,-1,-1,SELLER,00T35@0,0,163,-1,-1,0
5527,T35,T22,163,5,9,162,-1,162,01T35@0,03T22@1,17,163,-1,-1,1
5266,T35,T34,163,1,21,146,-1,146,05T35@2,06T34@3,17,163,-1,-1,3
5267,T35,T34,163,1,21,146,-1,146,04T35@2,06T34@3,17,163,-1,-1,3
4188,T34,OTHER,164,4,59,-1,-1,-1,06T34@3,BUYER,0,-1,-1,-1,4
4186,T09,OTHER,164,4,59,-1,-1,-1,07T09@3,BUYER,0,-1,-1,-1,4
4184,T34,OTHER,164,2,59,-1,-1,-1,06T34@3,BUYER,0,-1,-1,-1,4
4182,T09,OTHER,164,3,59,-1,-1,-1,07T09@3,BUYER,0,-1,-1,-1,4
4181,T09,OTHER,164,1,59,-1,-1,-1,07T09@3,BUYER,0,-1,-1,-1,4
4175,OTHER,T35,164,2,10,91,-1,-1,SELLER,00T35@0,0,164,-1,-1,0
4172,OTHER,T35,164,1,10,91,-1,-1,SELLER,00T35@0,0,164,-1,-1,0
4170,OTHER,T35,164,2,10,91,-1,-1,SELLER,00T35@0,0,164,-1,-1,0
4165,T34,OTHER,164,3,59,91,-1,-1,06T34@3,BUYER,0,164,-1,-1,4
4164,OTHER,T35,164,2,10,91,-1,-1,SELLER,01T35@0,0,164,-1,-1,0
4163,T34,OTHER,164,1,59,91,-1,-1,06T34@3,BUYER,0,164,-1,-1,4
4162,OTHER,T35,164,5,10,91,-1,-1,SELLER,00T35@0,0,164,-1,-1,0
4161,OTHER,T35,164,1,10,91,-1,-1,SELLER,00T35@0,0,164,-1,-1,0
4158,T34,OTHER,164,2,59,91,-1,-1,06T34@3,BUYER,0,164,-1,-1,4
4157,OTHER,T35,164,4,10,91,-1,-1,SELLER,01T35@0,0,164,-1,-1,0
5548,T35,T22,164,5,9,163,-1,163,00T35@0,03T22@1,17,164,-1,-1,1
5479,T22,T35,164,5,43,159,-1,159,03T22@1,04T35@2,17,164,-1,-1,2
5555,T35,T22,164,5,9,164,-1,164,01T35@0,03T22@1,17,164,-1,-1,1
5556,T35,T22,164,8,10,164,-1,164,01T35@0,03T22@1,17,164,-1,-1,1
5558,T35,T35,164,7,14,164,-1,164,02T35@1,04T35@2,17,164,-1,-1,2
5559,T35,T22,164,8,9,164,-1,164,00T35@0,03T22@1,17,164,-1,-1,1
5277,T35,T34,164,1,21,147,-1,147,05T35@2,06T34@3,17,164,-1,-1,3
5564,T22,T35,164,7,14,-1,-1,164,03T22@1,04T35@2,17,-1,-1,-1,2
5567,T22,T35,164,7,14,-1,-1,164,03T22@1,05T35@2,17,-1,-1,-1,2
5431,T22,T35,164,5,41,156,-1,156,03T22@1,05T35@2,17,164,-1,-1,2
5397,T22,T35,164,5,41,154,-1,154,03T22@1,04T35@2,17,164,-1,-1,2
5337,T35,T34,164,10,20,150,-1,150,04T35@2,06T34@3,17,164,-1,-1,3
5492,T22,T35,164,7,15,160,-1,160,03T22@1,04T35@2,17,164,-1,-1,2
4167,OTHER,T35,164,3,10,91,-1,-1,SELLER,01T35@0,0,164,-1,-1,0
5516,T35,T09,164,60,24,-1,-1,161,04T35@2,07T09@3,17,-1,-1,-1,3
5524,T35,T22,164,5,9,162,-1,162,01T35@0,03T22@1,17,164,-1,-1,1
5499,T22,T35,164,7,15,160,-1,160,03T22@1,05T35@2,17,164,-1,-1,2
5528,T35,T22,164,5,10,162,-1,162,00T35@0,03T22@1,17,164,-1,-1,1
5498,T35,T35,164,7,15,160,-1,160,02T35@1,04T35@2,17,164,-1,-1,2
5576,T35,T35,165,7,14,165,-1,165,02T35@1,05T35@2,17,165,-1,-1,2
5542,T35,T22,165,5,9,163,-1,163,00T35@0,03T22@1,17,165,-1,-1,1
5352,T35,T34,165,10,20,151,-1,151,04T35@2,06T34@3,17,165,-1,-1,3
5571,T35,T09,165,60,21,-1,-1,164,04T35@2,07T09@3,17,-1,-1,-1,3
5569,T35,T09,165,60,21,-1,-1,164,05T35@2,07T09@3,17,-1,-1,-1,3
4214,T09,OTHER,165,1,59,-1,-1,-1,07T09@3,BUYER,0,-1,-1,-1,4
5566,T22,T35,165,5,43,-1,-1,164,03T22@1,04T35@2,17,-1,-1,-1,2
5561,T35,T22,165,5,9,164,-1,164,01T35@0,03T22@1,17,165,-1,-1,1
5514,T22,T35,165,5,43,-1,-1,161,03T22@1,05T35@2,17,-1,-1,-1,2
5550,T22,T35,165,5,43,-1,-1,163,03T22@1,04T35@2,17,-1,-1,-1,2
4216,T34,OTHER,165,3,59,-1,-1,-1,06T34@3,BUYER,0,-1,-1,-1,4
5535,T22,T35,165,5,43,-1,-1,162,03T22@1,04T35@2,17,-1,-1,-1,2
5578,T35,T22,165,5,10,165,-1,165,01T35@0,03T22@1,17,165,-1,-1,1
5540,T35,T22,165,5,10,163,-1,163,00T35@0,03T22@1,17,165,-1,-1,1
5557,T35,T22,165,5,9,164,-1,164,00T35@0,03T22@1,17,165,-1,-1,1
4200,OTHER,T35,165,3,10,92,-1,-1,SELLER,00T35@0,0,165,-1,-1,0
4207,OTHER,T35,165,2,10,92,-1,-1,SELLER,00T35@0,0,165,-1,-1,0
4204,OTHER,T35,165,3,10,92,-1,-1,SELLER,01T35@0,0,165,-1,-1,0
4198,T34,OTHER,165,2,59,92,-1,-1,06T34@3,BUYER,0,165,-1,-1,4
4195,OTHER,T35,165,4,10,92,-1,-1,SELLER,01T35@0,0,165,-1,-1,0
4194,OTHER,T35,165,2,10,92,-1,-1,SELLER,00T35@0,0,165,-1,-1,0
5430,T22,T35,165,5,41,156,-1,156,03T22@1,05T35@2,17,165,-1,-1,2
4209,T09,OTHER,165,5,59,-1,-1,-1,07T09@3,BUYER,0,-1,-1,-1,4
4192,OTHER,T35,165,3,10,92,-1,-1,SELLER,00T35@0,0,165,-1,-1,0
5292,T35,T34,165,1,21,148,-1,148,04T35@2,06T34@3,17,165,-1,-1,3
4189,OTHER,T35,165,3,10,92,-1,-1,SELLER,01T35@0,0,165,-1,-1,0
4211,T34,OTHER,165,5,59,-1,-1,-1,06T34@3,BUYER,0,-1,-1,-1,4
4213,T09,OTHER,165,2,59,-1,-1,-1,07T09@3,BUYER,0,-1,-1,-1,4
4206,T34,OTHER,165,2,59,92,-1,-1,06T34@3,BUYER,0,165,-1,-1,4
5560,T35,T22,166,5,9,164,-1,164,01T35@0,03T22@1,17,166,-1,-1,1
5429,T22,T35,166,5,41,156,-1,156,03T22@1,04T35@2,17,166,-1,-1,2
5509,T22,T35,166,5,41,161,-1,161,03T22@1,04T35@2,17,166,-1,-1,2
5588,T35,T09,166,60,21,-1,-1,165,05T35@2,07T09@3,17,-1,-1,-1,3
5596,T35,T22,166,5,9,166,-1,166,01T35@0,03T22@1,17,166,-1,-1,1
5573,T35,T22,166,5,10,165,-1,165,00T35@0,03T22@1,17,166,-1,-1,1
5574,T35,T22,166,5,10,165,-1,165,00T35@0,03T22@1,17,166,-1,-1,1
5598,T22,T35,166,16,28,-1,-1,166,03T22@1,05T35@2,2,-1,-1,-1,2
5529,T22,T35,166,7,15,162,-1,162,03T22@1,04T35@2,17,166,-1,-1,2
5579,T35,T22,166,5,9,165,-1,165,01T35@0,03T22@1,17,166,-1,-1,1
5515,T22,T35,166,5,43,-1,-1,161,03T22@1,05T35@2,17,-1,-1,-1,2
5523,T35,T35,166,7,15,162,-1,162,02T35@1,05T35@2,17,166,-1,-1,2
5552,T35,T09,166,60,24,-1,-1,163,04T35@2,07T09@3,17,-1,-1,-1,3
4229,OTHER,T35,166,1,10,93,-1,-1,SELLER,00T35@0,0,-1,-1,-1,0
4222,OTHER,T35,166,1,10,93,-1,-1,SELLER,00T35@0,0,-1,-1,-1,0
4219,T34,OTHER,166,1,59,93,-1,-1,06T34@3,BUYER,0,166,-1,-1,4
4228,OTHER,T35,166,3,10,93,-1,-1,SELLER,01T35@0,0,166,-1,-1,0
4218,OTHER,T35,166,1,10,93,-1,-1,SELLER,00T35@0,0,-1,-1,-1,0
5493,T22,T35,166,5,41,160,-1,160,03T22@1,05T35@2,17,166,-1,-1,2
5367,T35,T34,166,10,20,152,-1,152,04T35@2,06T34@3,17,166,-1,-1,3
4230,T34,OTHER,166,4,59,93,-1,-1,06T34@3,BUYER,0,166,-1,-1,4
5313,T35,T34,166,1,21,149,-1,149,04T35@2,06T34@3,17,166,-1,-1,3
5536,T22,T35,166,7,15,-1,-1,162,03T22@1,05T35@2,17,-1,-1,-1,2
4226,OTHER,T35,166,2,10,93,-1,-1,SELLER,00T35@0,0,-1,-1,-1,0
4232,OTHER,T35,166,1,10,93,-1,-1,SELLER,01T35@0,0,166,-1,-1,0
4236,OTHER,T35,166,6,10,93,-1,-1,SELLER,00T35@0,0,-1,-1,-1,0
4241,T09,OTHER,166,1,59,-1,-1,-1,07T09@3,BUYER,0,-1,-1,-1,4
4242,T09,OTHER,166,2,59,-1,-1,-1,07T09@3,BUYER,0,-1,-1,-1,4
4243,T09,OTHER,166,5,59,-1,-1,-1,07T09@3,BUYER,0,-1,-1,-1,4
4248,T34,OTHER,166,3,59,-1,-1,-1,06T34@3,BUYER,0,-1,-1,-1,4
4249,T09,OTHER,166,4,59,-1,-1,-1,07T09@3,BUYER,0,-1,-1,-1,4
5549,T35,T09,166,60,24,-1,-1,163,05T35@2,07T09@3,17,-1,-1,-1,3
5361,T35,T34,166,10,20,152,-1,152,05T35@2,06T34@3,17,166,-1,-1,3
4233,OTHER,T35,166,3,10,93,-1,-1,SELLER,01T35@0,0,166,-1,-1,0
4223,OTHER,T35,166,2,10,93,-1,-1,SELLER,01T35@0,0,166,-1,-1,0
5611,T35,T22,167,5,9,167,-1,167,01T35@0,03T22@1,17,167,-1,-1,1
5614,T35,T22,167,8,9,167,-1,167,00T35@0,03T22@1,17,167,-1,-1,1
5610,T35,T22,167,8,10,167,-1,167,01T35@0,03T22@1,17,167,-1,-1,1
5615,T22,T35,167,5,43,-1,-1,167,03T22@1,04T35@2,17,-1,-1,-1,2
5551,T22,T35,167,7,15,-1,-1,163,03T22@1,05T35@2,17,-1,-1,-1,2
5590,T35,T22,167,5,9,166,-1,166,00T35@0,03T22@1,17,167,-1,-1,1
5586,T22,T35,167,5,43,-1,-1,165,03T22@1,05T35@2,17,-1,-1,-1,2
5582,T35,T22,167,5,9,165,-1,165,01T35@0,03T22@1,17,167,-1,-1,1
5448,T22,T35,167,5,41,157,-1,157,03T22@1,04T35@2,17,167,-1,-1,2
5619,T22,T35,167,7,14,-1,-1,167,03T22@1,05T35@2,17,-1,-1,-1,2
5459,T22,T35,167,5,41,158,-1,158,03T22@1,05T35@2,17,167,-1,-1,2
5565,T22,T35,167,5,43,-1,-1,164,03T22@1,05T35@2,17,-1,-1,-1,2
5592,T35,T22,167,5,10,166,-1,166,01T35@0,03T22@1,17,167,-1,-1,1
4272,T09,OTHER,167,2,59,-1,-1,-1,07T09@3,BUYER,0,-1,-1,-1,4
4271,T09,OTHER,167,3,59,-1,-1,-1,07T09@3,BUYER,0,-1,-1,-1,4
4282,T34,OTHER,167,5,59,-1,-1,-1,06T34@3,BUYER,0,-1,-1,-1,4
4253,OTHER,T35,167,3,10,94,-1,-1,SELLER,00T35@0,0,-1,-1,-1,0
5324,T35,T34,167,1,21,150,-1,150,05T35@2,06T34@3,17,167,-1,-1,3
4254,OTHER,T35,167,2,10,94,-1,-1,SELLER,00T35@0,0,-1,-1,-1,0
4280,T09,OTHER,167,1,59,-1,-1,-1,07T09@3,BUYER,0,-1,-1,-1,4
4256,OTHER,T35,167,3,10,94,-1,-1,SELLER,01T35@0,0,167,-1,-1,0
4258,OTHER,T35,167,2,10,94,-1,-1,SELLER,01T35@0,0,167,-1,-1,0
4250,T34,OTHER,167,1,59,94,-1,-1,06T34@3,BUYER,0,167,-1,-1,4
4259,OTHER,T35,167,3,10,94,-1,-1,SELLER,01T35@0,0,167,-1,-1,0
4277,T09,OTHER,167,5,59,-1,-1,-1,07T09@3,BUYER,0,-1,-1,-1,4
4263,OTHER,T35,167,1,10,94,-1,-1,SELLER,00T35@0,0,-1,-1,-1,0
4266,OTHER,T35,167,3,10,94,-1,-1,SELLER,01T35@0,0,167,-1,-1,0
4279,T09,OTHER,167,1,59,-1,-1,-1,07T09@3,BUYER,0,-1,-1,-1,4
5526,T22,T35,167,5,41,162,-1,162,03T22@1,04T35@2,17,167,-1,-1,2
4274,T09,OTHER,167,1,59,-1,-1,-1,07T09@3,BUYER,0,-1,-1,-1,4
4268,T34,OTHER,167,1,59,94,-1,-1,06T34@3,BUYER,0,167,-1,-1,4
4262,OTHER,T35,167,3,10,94,-1,-1,SELLER,00T35@0,0,-1,-1,-1,0
4285,T34,OTHER,168,4,59,95,-1,-1,06T34@3,BUYER,0,168,-1,-1,4
5473,T22,T35,168,5,41,159,-1,159,03T22@1,05T35@2,17,168,-1,-1,2
5591,T35,T22,168,5,10,166,-1,166,01T35@0,03T22@1,17,168,-1,-1,1
4287,OTHER,T35,168,3,10,95,-1,-1,SELLER,01T35@0,0,168,-1,-1,0
4284,T34,OTHER,168,1,59,95,-1,-1,06T34@3,BUYER,0,168,-1,-1,4
4294,OTHER,T35,168,1,10,95,-1,-1,SELLER,00T35@0,0,-1,-1,-1,0
4289,OTHER,T35,168,5,10,95,-1,-1,SELLER,00T35@0,0,-1,-1,-1,0
4291,OTHER,T35,168,3,10,95,-1,-1,SELLER,01T35@0,0,168,-1,-1,0
5562,T35,T35,168,7,15,164,-1,164,02T35@1,05T35@2,17,168,-1,-1,2
4299,OTHER,T35,168,4,10,95,-1,-1,SELLER,00T35@0,0,-1,-1,-1,0
4304,T09,OTHER,168,4,59,-1,-1,-1,07T09@3,BUYER,0,-1,-1,-1,4
4305,T09,OTHER,168,2,59,-1,-1,-1,07T09@3,BUYER,0,-1,-1,-1,4
4307,T34,OTHER,168,4,59,-1,-1,-1,06T34@3,BUYER,0,-1,-1,-1,4
5585,T35,T09,168,60,24,-1,-1,165,04T35@2,07T09@3,17,-1,-1,-1,3
4292,OTHER,T35,168,4,10,95,-1,-1,SELLER,01T35@0,0,168,-1,-1,0
4312,T34,OTHER,168,3,59,-1,-1,-1,06T34@3,BUYER,0,-1,-1,-1,4
5597,T22,T35,168,5,43,-1,-1,166,03T22@1,04T35@2,17,-1,-1,-1,2
5522,T22,T35,168,5,41,162,-1,162,03T22@1,04T35@2,17,168,-1,-1,2
5629,T22,T35,168,16,28,-1,-1,168,03T22@1,04T35@2,2,-1,-1,-1,2
5626,T35,T09,168,47,25,-1,-1,168,05T35@2,07T09@3,17,-1,-1,-1,3
5513,T22,T35,168,5,41,161,-1,161,03T22@1,04T35@2,17,168,-1,-1,2
5400,T35,T34,168,10,20,154,-1,154,05T35@2,06T34@3,17,168,-1,-1,3
5595,T35,T22,168,5,10,166,-1,166,01T35@0,03T22@1,17,168,-1,-1,1
5608,T35,T22,168,5,9,167,-1,167,00T35@0,03T22@1,17,-1,-1,168,1
5604,T35,T34,168,10,21,167,-1,167,05T35@2,06T34@3,17,168,-1,-1,3
5399,T35,T34,168,10,20,154,-1,154,04T35@2,06T34@3,17,168,-1,-1,3
4310,T09,OTHER,168,2,59,-1,-1,-1,07T09@3,BUYER,0,-1,-1,-1,4
5342,T35,T34,168,1,21,151,-1,151,05T35@2,06T34@3,17,168,-1,-1,3
5488,T22,T35,168,5,41,160,-1,160,03T22@1,04T35@2,17,168,-1,-1,2
5546,T22,T35,168,5,41,163,-1,163,03T22@1,05T35@2,17,168,-1,-1,2
5605,T35,T22,168,5,9,167,-1,167,01T35@0,03T22@1,17,168,-1,-1,1
5512,T22,T35,169,5,41,161,-1,161,03T22@1,05T35@2,17,169,-1,-1,2
5491,T22,T35,169,5,41,160,-1,160,03T22@1,05T35@2,17,169,-1,-1,2
5635,T35,T34,169,10,21,169,-1,169,05T35@2,06T34@3,18,169,-1,-1,3
4344,T09,OTHER,169,4,59,-1,-1,-1,07T09@3,BUYER,0,-1,-1,-1,4
4338,T09,OTHER,169,1,59,-1,-1,-1,07T09@3,BUYER,0,-1,-1,-1,4
5572,T22,T35,169,5,43,-1,-1,164,03T22@1,05T35@2,17,-1,-1,-1,2
4334,OTHER,T35,169,3,10,96,-1,-1,SELLER,00T35@0,0,-1,-1,-1,0
5601,T22,T35,169,5,43,-1,-1,166,03T22@1,05T35@2,17,-1,-1,-1,2
5603,T35,T09,169,60,24,-1,-1,166,04T35@2,07T09@3,17,-1,-1,-1,3
5600,T35,T09,169,60,24,-1,-1,166,05T35@2,07T09@3,17,-1,-1,-1,3
4333,T34,OTHER,169,2,59,96,-1,-1,06T34@3,BUYER,0,169,-1,-1,4
4330,OTHER,T35,169,4,10,96,-1,-1,SELLER,00T35@0,0,-1,-1,-1,0
4341,T09,OTHER,169,3,59,-1,-1,-1,07T09@3,BUYER,0,-1,-1,-1,4
4327,OTHER,T35,169,3,10,96,-1,-1,SELLER,00T35@0,0,-1,-1,-1,0
5640,T35,T22,169,5,9,169,-1,169,01T35@0,03T22@1,17,169,-1,-1,1
4320,OTHER,T35,169,3,10,96,-1,-1,SELLER,01T35@0,0,169,-1,-1,0
5416,T35,T34,169,10,20,155,-1,155,05T35@2,06T34@3,17,169,-1,-1,3
4325,OTHER,T35,169,1,10,96,-1,-1,SELLER,00T35@0,0,-1,-1,-1,0
4343,T09,OTHER,169,3,59,-1,-1,-1,07T09@3,BUYER,0,-1,-1,-1,4
4313,OTHER,T35,169,2,10,96,-1,-1,SELLER,01T35@0,0,169,-1,-1,0
4318,T34,OTHER,169,3,59,96,-1,-1,06T34@3,BUYER,0,169,-1,-1,4
4315,OTHER,T35,169,2,10,96,-1,-1,SELLER,01T35@0,0,169,-1,-1,0
5634,T35,T34,169,10,21,169,-1,169,04T35@2,06T34@3,18,169,-1,-1,3
4317,T34,OTHER,169,1,59,96,-1,-1,06T34@3,BUYER,0,169,-1,-1,4
5638,T35,T35,169,7,14,169,-1,169,02T35@1,05T35@2,17,169,-1,-1,2
5637,T35,T22,169,5,9,169,-1,169,01T35@0,03T22@1,17,169,-1,-1,1
5581,T22,T35,169,7,15,165,-1,165,03T22@1,05T35@2,17,169,-1,-1,2
5620,T35,T22,169,5,10,-1,-1,167,00T35@0,03T22@1,17,-1,-1,-1,1
4316,OTHER,T35,169,2,10,96,-1,-1,SELLER,00T35@0,0,-1,-1,-1,0
4319,T34,OTHER,169,3,59,96,-1,-1,06T34@3,BUYER,0,169,-1,-1,4
4365,OTHER,T35,170,3,10,97,-1,-1,SELLER,01T35@0,0,170,-1,-1,0
5618,T35,T09,170,60,24,-1,-1,167,05T35@2,07T09@3,17,-1,-1,-1,3
4370,T09,OTHER,170,2,59,-1,-1,-1,07T09@3,BUYER,0,-1,-1,-1,4
4373,T09,OTHER,170,2,59,-1,-1,-1,07T09@3,BUYER,0,-1,-1,-1,4
4376,T34,OTHER,170,3,59,-1,-1,-1,06T34@3,BUYER,0,-1,-1,-1,4
5657,T22,T35,170,16,28,-1,-1,170,03T22@1,04T35@2,2,-1,-1,-1,2
4377,T34,OTHER,170,1,59,-1,-1,-1,06T34@3,BUYER,0,-1,-1,-1,4
5427,T35,T34,170,10,20,156,-1,156,05T35@2,06T34@3,17,170,-1,-1,3
5616,T35,T09,170,60,24,-1,-1,167,04T35@2,07T09@3,17,-1,-1,-1,3
4369,T34,OTHER,170,4,59,-1,-1,-1,06T34@3,BUYER,0,-1,-1,-1,4
4372,T09,OTHER,170,4,59,-1,-1,-1,07T09@3,BUYER,0,-1,-1,-1,4
5648,T35,T34,170,9,21,170,-1,170,05T35@2,06T34@3,17,170,-1,-1,3
4360,OTHER,T35,170,2,10,97,-1,-1,SELLER,01T35@0,0,170,-1,-1,0
5384,T35,T34,170,1,21,153,-1,153,05T35@2,06T34@3,17,170,-1,-1,3
5577,T22,T35,170,5,41,165,-1,165,03T22@1,05T35@2,17,170,-1,-1,2
5385,T35,T34,170,1,21,153,-1,153,04T35@2,06T34@3,17,170,-1,-1,3
4347,OTHER,T35,170,4,10,97,-1,-1,SELLER,00T35@0,0,-1,-1,-1,0
5636,T35,T22,170,5,9,169,-1,169,01T35@0,03T22@1,17,170,-1,-1,1
5584,T22,T35,170,5,43,-1,-1,165,03T22@1,05T35@2,17,-1,-1,-1,2
5652,T35,T34,170,9,21,170,-1,170,04T35@2,06T34@3,17,170,-1,-1,3
4348,OTHER,T35,170,2,10,97,-1,-1,SELLER,00T35@0,0,-1,-1,-1,0
4363,OTHER,T35,170,3,10,97,-1,-1,SELLER,00T35@0,0,-1,-1,-1,0
5645,T35,T09,170,40,25,-1,-1,169,05T35@2,07T09@3,17,-1,-1,-1,3
5633,T35,T22,170,5,9,169,-1,169,01T35@0,03T22@1,17,170,-1,-1,1
4349,T34,OTHER,170,2,59,97,-1,-1,06T34@3,BUYER,0,170,-1,-1,4
5434,T35,T34,170,10,20,156,-1,156,04T35@2,06T34@3,17,170,-1,-1,3
4353,OTHER,T35,170,2,10,97,-1,-1,SELLER,01T35@0,0,170,-1,-1,0
4357,T34,OTHER,170,2,59,97,-1,-1,06T34@3,BUYER,0,170,-1,-1,4
5647,T22,T35,170,5,43,-1,-1,169,03T22@1,04T35@2,17,-1,-1,-1,2
5487,T22,T35,170,5,41,160,-1,160,03T22@1,05T35@2,17,170,-1,-1,2
4359,OTHER,T35,170,4,10,97,-1,-1,SELLER,01T35@0,0,170,-1,-1,0
5643,T35,T22,171,5,9,169,-1,169,01T35@0,03T22@1,17,171,-1,-1,1
5667,T22,T35,171,5,43,-1,-1,171,03T22@1,05T35@2,17,-1,-1,-1,2
5539,T22,T35,171,5,41,163,-1,163,03T22@1,05T35@2,17,171,-1,-1,2
5630,T22,T35,171,5,43,-1,-1,168,03T22@1,04T35@2,17,-1,-1,-1,2
5663,T35,T34,171,9,21,171,-1,171,04T35@2,06T34@3,17,171,-1,-1,3
5606,T35,T35,171,7,15,167,-1,167,02T35@1,05T35@2,17,171,-1,-1,2
5658,T22,T35,171,5,43,-1,-1,170,03T22@1,05T35@2,17,-1,-1,-1,2
5646,T22,T35,171,5,43,-1,-1,169,03T22@1,04T35@2,17,-1,-1,-1,2
5532,T22,T35,171,5,41,162,-1,162,03T22@1,05T35@2,17,171,-1,-1,2
5656,T35,T09,171,30,25,-1,-1,170,05T35@2,07T09@3,17,-1,-1,-1,3
5662,T35,T34,171,9,21,171,-1,171,05T35@2,06T34@3,17,171,-1,-1,3
5589,T22,T35,171,5,43,166,-1,166,03T22@1,05T35@2,17,171,-1,-1,2
4392,OTHER,T35,171,2,10,98,-1,-1,SELLER,00T35@0,0,-1,-1,-1,0
4403,T09,OTHER,171,2,59,-1,-1,-1,07T09@3,BUYER,0,-1,-1,-1,4
4387,T34,OTHER,171,3,59,98,-1,-1,06T34@3,BUYER,0,171,-1,-1,4
4386,OTHER,T35,171,2,10,98,-1,-1,SELLER,00T35@0,0,-1,-1,-1,0
4391,T34,OTHER,171,3,59,98,-1,-1,06T34@3,BUYER,0,171,-1,-1,4
4384,T34,OTHER,171,1,59,98,-1,-1,06T34@3,BUYER,0,171,-1,-1,4
4379,OTHER,T35,171,3,10,98,-1,-1,SELLER,00T35@0,0,-1,-1,-1,0
5442,T35,T34,171,10,20,157,-1,157,05T35@2,06T34@3,17,171,-1,-1,3
4404,T09,OTHER,171,1,59,-1,-1,-1,07T09@3,BUYER,0,-1,-1,-1,4
4390,OTHER,T35,171,2,10,98,-1,-1,SELLER,01T35@0,0,-1,-1,-1,0
4411,T09,OTHER,171,3,59,-1,-1,-1,07T09@3,BUYER,0,-1,-1,-1,4
4407,T09,OTHER,171,1,59,-1,-1,-1,07T09@3,BUYER,0,-1,-1,-1,4
4405,T09,OTHER,171,6,59,-1,-1,-1,07T09@3,BUYER,0,-1,-1,-1,4
4395,OTHER,T35,171,2,10,98,-1,-1,SELLER,01T35@0,0,-1,-1,-1,0
4396,OTHER,T35,171,3,10,98,-1,-1,SELLER,01T35@0,0,-1,-1,-1,0
4399,OTHER,T35,171,3,10,98,-1,-1,SELLER,00T35@0,0,-1,-1,-1,0
4394,OTHER,T35,171,3,10,98,-1,-1,SELLER,00T35@0,0,-1,-1,-1,0
5622,T35,T09,172,47,20,168,-1,168,04T35@2,07T09@3,17,172,-1,-1,3
5593,T22,T35,172,5,41,166,-1,166,03T22@1,04T35@2,17,172,-1,-1,2
4415,OTHER,T35,172,2,10,99,-1,-1,SELLER,00T35@0,0,-1,-1,-1,0
4445,T34,OTHER,172,4,59,-1,-1,-1,06T34@3,BUYER,0,-1,-1,-1,4
4421,T34,OTHER,172,4,59,99,-1,-1,06T34@3,BUYER,0,172,-1,-1,4
4446,T34,OTHER,172,1,59,-1,-1,-1,06T34@3,BUYER,0,-1,-1,-1,4
5410,T35,T34,172,1,21,155,-1,155,04T35@2,06T34@3,17,172,-1,-1,3
4444,T09,OTHER,172,1,59,-1,-1,-1,07T09@3,BUYER,0,-1,-1,-1,4
4422,OTHER,T35,172,3,10,99,-1,-1,SELLER,00T35@0,0,-1,-1,-1,0
4443,T34,OTHER,172,2,59,-1,-1,-1,06T34@3,BUYER,0,-1,-1,-1,4
4441,T09,OTHER,172,4,59,-1,-1,-1,07T09@3,BUYER,0,-1,-1,-1,4
5613,T22,T35,172,5,43,167,-1,167,03T22@1,05T35@2,17,172,-1,-1,2
4437,T09,OTHER,172,2,59,-1,-1,-1,07T09@3,BUYER,0,-1,-1,-1,4
4428,OTHER,T35,172,4,10,99,-1,-1,SELLER,00T35@0,0,-1,-1,-1,0
4436,T09,OTHER,172,2,59,-1,-1,-1,07T09@3,BUYER,0,-1,-1,-1,4
4435,OTHER,T35,172,2,10,99,-1,-1,SELLER,01T35@0,0,-1,-1,-1,0
4434,OTHER,T35,172,3,10,99,-1,-1,SELLER,01T35@0,0,-1,-1,-1,0
4432,OTHER,T35,172,3,10,99,-1,-1,SELLER,01T35@0,0,-1,-1,-1,0
4419,OTHER,T35,172,1,10,99,-1,-1,SELLER,01T35@0,0,-1,-1,-1,0
4418,OTHER,T35,172,2,10,99,-1,-1,SELLER,01T35@0,0,-1,-1,-1,0
5623,T22,T35,172,5,43,168,-1,168,03T22@1,04T35@2,17,172,-1,-1,2
5644,T35,T09,172,40,20,-1,-1,169,04T35@2,07T09@3,17,-1,-1,-1,3
5530,T22,T35,172,5,41,162,-1,162,03T22@1,04T35@2,17,172,-1,-1,2
5653,T22,T35,172,5,43,170,-1,170,03T22@1,04T35@2,17,172,-1,-1,2
5670,T35,T34,172,9,21,172,-1,172,04T35@2,06T34@3,17,172,-1,-1,3
5669,T35,T34,172,9,21,172,-1,172,05T35@2,06T34@3,17,172,-1,-1,3
5651,T35,T22,172,5,9,170,-1,170,01T35@0,03T22@1,17,172,-1,-1,1
5544,T22,T35,172,5,41,163,-1,163,03T22@1,04T35@2,17,172,-1,-1,2
5563,T22,T35,173,5,41,164,-1,164,03T22@1,05T35@2,17,173,-1,-1,2
4458,OTHER,T35,173,1,10,100,-1,-1,SELLER,00T35@0,0,-1,-1,-1,0
4456,OTHER,T35,173,5,10,100,-1,-1,SELLER,01T35@0,0,-1,-1,-1,0
4454,OTHER,T35,173,3,10,100,-1,-1,SELLER,01T35@0,0,-1,-1,-1,0
4451,T34,OTHER,173,2,59,100,-1,-1,06T34@3,BUYER,0,173,-1,-1,4
4450,OTHER,T35,173,1,10,100,-1,-1,SELLER,01T35@0,0,-1,-1,-1,0
4449,OTHER,T35,173,2,10,100,-1,-1,SELLER,01T35@0,0,-1,-1,-1,0
5543,T22,T35,173,5,41,163,-1,163,03T22@1,05T35@2,17,173,-1,-1,2
4447,T34,OTHER,173,4,59,100,-1,-1,06T34@3,BUYER,0,173,-1,-1,4
5659,T35,T09,173,30,20,-1,-1,170,04T35@2,07T09@3,17,-1,-1,-1,3
5631,T22,T35,173,7,15,169,-1,169,03T22@1,05T35@2,17,173,-1,-1,2
5674,T35,T09,173,10,24,172,-1,172,04T35@2,07T09@3,17,173,-1,-1,3
5612,T22,T35,173,5,41,167,-1,167,03T22@1,05T35@2,17,173,-1,-1,2
5676,T35,T34,173,8,21,173,-1,173,04T35@2,06T34@3,18,173,-1,-1,3
5677,T35,T34,173,8,21,173,-1,173,05T35@2,06T34@3,17,173,-1,-1,3
5625,T22,T35,173,5,43,168,-1,168,03T22@1,04T35@2,17,173,-1,-1,2
5624,T22,T35,173,5,41,168,-1,168,03T22@1,04T35@2,17,173,-1,-1,2
4448,OTHER,T35,173,4,10,100,-1,-1,SELLER,00T35@0,0,-1,-1,-1,0
4461,OTHER,T35,173,3,10,100,-1,-1,SELLER,00T35@0,0,-1,-1,-1,0
5664,T35,T22,173,5,10,171,-1,171,01T35@0,03T22@1,17,-1,-1,-1,1
5575,T22,T35,173,5,41,165,-1,165,03T22@1,04T35@2,17,173,-1,-1,2
4478,T09,OTHER,173,1,59,-1,-1,-1,07T09@3,BUYER,0,-1,-1,-1,4
4464,OTHER,T35,173,1,10,100,-1,-1,SELLER,01T35@0,0,-1,-1,-1,0
5472,T35,T34,173,10,20,159,-1,159,05T35@2,06T34@3,17,173,-1,-1,3
4476,T09,OTHER,173,5,59,-1,-1,-1,07T09@3,BUYER,0,-1,-1,-1,4
4477,T34,OTHER,173,1,59,-1,-1,-1,06T34@3,BUYER,0,-1,-1,-1,4
4470,T09,OTHER,173,3,59,-1,-1,-1,07T09@3,BUYER,0,-1,-1,-1,4
4468,T09,OTHER,173,2,59,-1,-1,-1,07T09@3,BUYER,0,-1,-1,-1,4
5655,T22,T35,173,5,43,-1,-1,170,03T22@1,04T35@2,17,-1,-1,-1,2
4473,T09,OTHER,173,2,59,-1,-1,-1,07T09@3,BUYER,0,-1,-1,-1,4
4503,T34,OTHER,174,1,59,-1,-1,-1,06T34@3,BUYER,0,-1,-1,-1,4
4502,T09,OTHER,174,4,59,-1,-1,-1,07T09@3,BUYER,0,-1,-1,-1,4
5679,T35,T34,174,8,21,174,-1,174,05T35@2,06T34@3,17,174,-1,-1,3
5678,T35,T34,174,8,21,174,-1,174,04T35@2,06T34@3,17,174,-1,-1,3
5639,T22,T35,174,1,42,169,-1,169,03T22@1,05T35@2,17,174,-1,-1,2
4500,T34,OTHER,174,2,59,-1,-1,-1,06T34@3,BUYER,0,-1,-1,-1,4
4498,T34,OTHER,174,2,59,-1,-1,-1,06T34@3,BUYER,0,-1,-1,-1,4
5441,T35,T34,174,1,21,157,-1,157,04T35@2,06T34@3,17,174,-1,-1,3
4493,T09,OTHER,174,1,59,-1,-1,-1,07T09@3,BUYER,0,-1,-1,-1,4
4492,T09,OTHER,174,3,59,-1,-1,-1,07T09@3,BUYER,0,-1,-1,-1,4
4485,T34,OTHER,174,4,59,101,-1,-1,06T34@3,BUYER,0,174,-1,-1,4
5580,T22,T35,174,5,41,165,-1,165,03T22@1,04T35@2,17,174,-1,-1,2
4496,T34,OTHER,174,2,59,-1,-1,-1,06T34@3,BUYER,0,-1,-1,-1,4
4494,T09,OTHER,174,1,59,-1,-1,-1,07T09@3,BUYER,0,-1,-1,-1,4
5675,T35,T09,175,10,21,-1,-1,172,05T35@2,07T09@3,17,-1,-1,-1,3
5650,T22,T35,175,1,42,170,-1,170,03T22@1,05T35@2,17,175,-1,-1,2
5668,T35,T09,175,18,24,-1,-1,171,05T35@2,07T09@3,17,-1,-1,-1,3
5680,T35,T34,175,7,21,175,-1,175,05T35@2,06T34@3,18,175,-1,-1,3
5681,T35,T34,175,7,21,-1,-1,175,04T35@2,06T34@3,17,-1,-1,-1,3
5649,T22,T35,175,5,41,170,-1,170,03T22@1,05T35@2,17,175,-1,-1,2
5666,T35,T09,175,18,24,-1,-1,171,04T35@2,07T09@3,17,-1,-1,-1,3
5508,T35,T34,175,10,20,161,-1,161,05T35@2,06T34@3,17,175,-1,-1,3
4516,T09,OTHER,175,2,59,-1,-1,-1,07T09@3,BUYER,0,-1,-1,-1,4
4517,T09,OTHER,175,2,59,-1,-1,-1,07T09@3,BUYER,0,-1,-1,-1,4
4522,T34,OTHER,175,2,59,-1,-1,-1,06T34@3,BUYER,0,-1,-1,-1,4
5464,T35,T34,175,1,21,158,-1,158,04T35@2,06T34@3,17,175,-1,-1,3
4510,T34,OTHER,175,3,59,102,-1,-1,06T34@3,BUYER,0,175,-1,-1,4
4506,T34,OTHER,175,2,59,102,-1,-1,06T34@3,BUYER,0,175,-1,-1,4
4523,T34,OTHER,175,3,59,-1,-1,-1,06T34@3,BUYER,0,-1,-1,-1,4
5621,T22,T35,175,5,41,168,-1,168,03T22@1,05T35@2,17,175,-1,-1,2
5457,T35,T34,175,1,21,158,-1,158,05T35@2,06T34@3,17,175,-1,-1,3
4518,T09,OTHER,175,5,59,-1,-1,-1,07T09@3,BUYER,0,-1,-1,-1,4
4521,T09,OTHER,175,1,59,-1,-1,-1,07T09@3,BUYER,0,-1,-1,-1,4
5518,T35,T34,175,10,20,-1,-1,161,04T35@2,06T34@3,17,-1,-1,-1,3
5609,T22,T35,175,5,41,167,-1,167,03T22@1,05T35@2,17,175,-1,-1,2
5594,T22,T35,175,5,41,166,-1,166,03T22@1,04T35@2,17,175,-1,-1,2
4532,T34,OTHER,176,2,59,103,-1,-1,06T34@3,BUYER,0,176,-1,-1,4
4540,T34,OTHER,176,5,59,-1,-1,-1,06T34@3,BUYER,0,-1,-1,-1,4
4542,T09,OTHER,176,4,59,-1,-1,-1,07T09@3,BUYER,0,-1,-1,-1,4
4545,T09,OTHER,176,2,59,-1,-1,-1,07T09@3,BUYER,0,-1,-1,-1,4
5554,T35,T34,176,10,20,-1,-1,163,04T35@2,06T34@3,17,-1,-1,-1,3
4526,T34,OTHER,176,3,59,103,-1,-1,06T34@3,BUYER,0,176,-1,-1,4
5661,T22,T35,176,1,42,171,-1,171,03T22@1,04T35@2,17,176,-1,-1,2
4547,T09,OTHER,176,1,59,-1,-1,-1,07T09@3,BUYER,0,-1,-1,-1,4
4548,T09,OTHER,176,2,59,-1,-1,-1,07T09@3,BUYER,0,-1,-1,-1,4
4549,T34,OTHER,176,1,59,-1,-1,-1,06T34@3,BUYER,0,-1,-1,-1,4
5553,T35,T34,176,10,20,-1,-1,163,05T35@2,06T34@3,17,-1,-1,-1,3
5683,T35,T34,176,7,21,-1,-1,176,04T35@2,06T34@3,18,-1,-1,-1,3
5682,T35,T34,176,7,21,-1,-1,176,05T35@2,06T34@3,17,-1,-1,-1,3
5570,T35,T34,176,10,20,-1,-1,164,04T35@2,06T34@3,17,-1,-1,-1,3
5607,T22,T35,176,5,41,167,-1,167,03T22@1,05T35@2,17,176,-1,-1,2
5485,T35,T34,176,1,21,-1,-1,159,04T35@2,06T34@3,17,-1,-1,-1,3
5672,T22,T35,177,1,42,172,-1,172,03T22@1,04T35@2,17,177,-1,-1,2
4569,T34,OTHER,177,2,59,-1,-1,-1,06T34@3,BUYER,0,-1,-1,-1,4
4575,T34,OTHER,177,3,59,-1,-1,-1,06T34@3,BUYER,0,-1,-1,-1,4
4574,T09,OTHER,177,3,59,-1,-1,-1,07T09@3,BUYER,0,-1,-1,-1,4
5671,T22,T35,177,5,41,172,-1,172,03T22@1,05T35@2,17,177,-1,-1,2
5504,T35,T34,177,1,21,-1,-1,160,05T35@2,06T34@3,17,-1,-1,-1,3
5500,T35,T34,177,1,21,-1,-1,160,04T35@2,06T34@3,17,-1,-1,-1,3
4571,T34,OTHER,177,1,59,-1,-1,-1,06T34@3,BUYER,0,-1,-1,-1,4
5537,T35,T34,177,1,21,-1,-1,162,04T35@2,06T34@3,17,-1,-1,-1,3
4570,T34,OTHER,177,1,59,-1,-1,-1,06T34@3,BUYER,0,-1,-1,-1,4
5673,T22,T35,177,1,42,172,-1,172,03T22@1,05T35@2,17,177,-1,-1,2
5534,T35,T34,177,1,21,-1,-1,162,05T35@2,06T34@3,17,-1,-1,-1,3
4568,T34,OTHER,177,2,59,-1,-1,-1,06T34@3,BUYER,0,-1,-1,-1,4
5617,T35,T34,177,1,21,-1,-1,167,04T35@2,06T34@3,17,-1,-1,-1,3
4553,T34,OTHER,177,6,59,104,-1,-1,06T34@3,BUYER,0,177,-1,-1,4
5665,T22,T35,177,5,41,171,-1,171,03T22@1,05T35@2,17,177,-1,-1,2
5660,T22,T35,177,1,42,171,-1,171,03T22@1,05T35@2,17,177,-1,-1,2
5642,T22,T35,177,5,41,169,-1,169,03T22@1,04T35@2,17,177,-1,-1,2
5641,T22,T35,177,5,41,169,-1,169,03T22@1,05T35@2,17,177,-1,-1,2
5568,T35,T34,177,1,21,-1,-1,164,05T35@2,06T34@3,17,-1,-1,-1,3
5583,T35,T34,177,1,21,-1,-1,165,04T35@2,06T34@3,17,-1,-1,-1,3
5587,T35,T34,177,10,20,-1,-1,165,05T35@2,06T34@3,17,-1,-1,-1,3
5599,T35,T34,177,1,21,-1,-1,166,05T35@2,06T34@3,17,-1,-1,-1,3
5602,T35,T34,177,1,21,-1,-1,166,04T35@2,06T34@3,17,-1,-1,-1,3
5632,T22,T35,177,1,42,169,-1,169,03T22@1,04T35@2,17,177,-1,-1,2
5628,T35,T34,177,1,21,-1,-1,168,04T35@2,06T34@3,17,-1,-1,-1,3
5627,T35,T34,177,1,21,-1,-1,168,05T35@2,06T34@3,17,-1,-1,-1,3
4565,T09,OTHER,177,2,59,-1,-1,-1,07T09@3,BUYER,0,-1,-1,-1,4
5654,T22,T35,177,1,42,170,-1,170,03T22@1,04T35@2,17,177,-1,-1,2
