index,seller_type,buyer_type,delivery_time,quantity,unit_price,signed_at,nullified_at,concluded_at,seller,buyer,n_neg_steps,executed_at,erred_at,dropped_at,product
607,OTHER,T20,0,2,10,0,-1,-1,SELLER,00T20@0,0,0,-1,-1,0
355,OTHER,T12,0,1,10,0,-1,-1,SELLER,02T12@0,0,0,-1,-1,0
158,OTHER,T20,0,3,10,0,-1,-1,SELLER,00T20@0,0,0,-1,-1,0
154,OTHER,T12,0,2,10,0,-1,-1,SELLER,02T12@0,0,0,-1,-1,0
210,OTHER,T02,0,4,10,0,-1,-1,SELLER,01T02@0,0,0,-1,-1,0
443,OTHER,T02,0,3,10,0,-1,-1,SELLER,01T02@0,0,0,-1,-1,0
122,OTHER,T20,0,1,10,0,-1,-1,SELLER,00T20@0,0,0,-1,-1,0
578,OTHER,T12,0,2,10,0,-1,-1,SELLER,02T12@0,0,0,-1,-1,0
120,OTHER,T20,0,1,10,0,-1,-1,SELLER,00T20@0,0,0,-1,-1,0
234,OTHER,T12,0,2,10,0,-1,-1,SELLER,02T12@0,0,0,-1,-1,0
588,OTHER,T12,0,4,10,0,-1,-1,SELLER,02T12@0,0,0,-1,-1,0
247,OTHER,T12,0,2,10,0,-1,-1,SELLER,02T12@0,0,0,-1,-1,0
513,OTHER,T20,0,3,10,0,-1,-1,SELLER,00T20@0,0,0,-1,-1,0
653,T02,T12,1,1,1,-1,-1,1,04T02@1,07T12@2,2,-1,-1,-1,2
655,T02,T12,1,1,1,-1,-1,1,04T02@1,06T12@2,2,-1,-1,-1,2
656,T02,T12,1,1,1,-1,-1,1,04T02@1,06T12@2,2,-1,-1,-1,2
659,T12,T02,1,1,72,-1,-1,1,07T12@2,10T02@3,9,-1,-1,-1,3
650,T12,T02,1,1,72,-1,-1,1,06T12@2,10T02@3,9,-1,-1,-1,3
325,OTHER,T02,1,2,10,0,-1,-1,SELLER,01T02@0,0,1,-1,-1,0
350,OTHER,T20,1,3,10,0,-1,-1,SELLER,00T20@0,0,1,-1,-1,0
150,OTHER,T02,1,2,10,0,-1,-1,SELLER,01T02@0,0,1,-1,-1,0
660,T02,T12,1,1,1,-1,-1,1,04T02@1,06T12@2,2,-1,-1,-1,2
100,OTHER,T12,1,4,10,0,-1,-1,SELLER,02T12@0,0,1,-1,-1,0
166,OTHER,T20,1,3,10,0,-1,-1,SELLER,00T20@0,0,1,-1,-1,0
664,T02,T12,1,1,1,-1,-1,1,04T02@1,06T12@2,2,-1,-1,-1,2
654,T02,T12,1,1,1,-1,-1,1,04T02@1,07T12@2,2,-1,-1,-1,2
652,T02,T02,1,1,34,-1,-1,1,01T02@0,04T02@1,2,-1,-1,-1,1
412,OTHER,T02,1,3,10,0,-1,-1,SELLER,01T02@0,0,1,-1,-1,0
306,OTHER,T12,1,3,10,0,-1,-1,SELLER,02T12@0,0,1,-1,-1,0
550,OTHER,T20,1,1,10,0,-1,-1,SELLER,00T20@0,0,1,-1,-1,0
381,OTHER,T12,1,1,10,0,-1,-1,SELLER,02T12@0,0,1,-1,-1,0
529,OTHER,T12,1,2,10,0,-1,-1,SELLER,02T12@0,0,1,-1,-1,0
563,OTHER,T12,1,1,10,0,-1,-1,SELLER,02T12@0,0,1,-1,-1,0
444,OTHER,T20,1,1,10,0,-1,-1,SELLER,00T20@0,0,1,-1,-1,0
572,OTHER,T12,1,2,10,0,-1,-1,SELLER,02T12@0,0,1,-1,-1,0
473,OTHER,T02,1,2,10,0,-1,-1,SELLER,01T02@0,0,1,-1,-1,0
245,OTHER,T12,2,1,10,0,-1,-1,SELLER,02T12@0,0,2,-1,-1,0
661,T12,T02,2,1,72,-1,-1,1,06T12@2,10T02@3,9,-1,-1,-1,3
49,OTHER,T02,2,5,10,0,-1,-1,SELLER,01T02@0,0,2,-1,-1,0
397,OTHER,T02,2,2,10,0,-1,-1,SELLER,01T02@0,0,2,-1,-1,0
662,T12,T02,2,1,72,-1,-1,1,07T12@2,10T02@3,9,-1,-1,-1,3
13,OTHER,T12,2,2,10,0,-1,-1,SELLER,02T12@0,0,2,-1,-1,0
646,T12,T02,2,1,40,1,-1,1,02T12@0,04T02@1,10,2,-1,-1,1
640,T02,T12,2,1,1,1,-1,1,04T02@1,06T12@2,7,2,-1,-1,2
490,OTHER,T12,2,4,10,0,-1,-1,SELLER,02T12@0,0,2,-1,-1,0
455,OTHER,T20,2,2,10,0,-1,-1,SELLER,00T20@0,0,2,-1,-1,0
184,OTHER,T02,2,2,10,0,-1,-1,SELLER,01T02@0,0,2,-1,-1,0
320,OTHER,T12,2,1,10,0,-1,-1,SELLER,02T12@0,0,2,-1,-1,0
317,OTHER,T20,2,3,10,0,-1,-1,SELLER,00T20@0,0,2,-1,-1,0
135,OTHER,T20,2,2,10,0,-1,-1,SELLER,00T20@0,0,2,-1,-1,0
157,OTHER,T20,2,2,10,0,-1,-1,SELLER,00T20@0,0,2,-1,-1,0
86,OTHER,T02,2,1,10,0,-1,-1,SELLER,01T02@0,0,2,-1,-1,0
148,OTHER,T02,2,1,10,0,-1,-1,SELLER,01T02@0,0,2,-1,-1,0
165,OTHER,T02,2,2,10,0,-1,-1,SELLER,01T02@0,0,2,-1,-1,0
618,T02,T12,2,1,1,1,-1,1,04T02@1,07T12@2,7,2,-1,-1,2
620,T02,T12,2,1,1,1,-1,1,04T02@1,07T12@2,7,2,-1,-1,2
623,T02,T12,2,1,1,1,-1,1,04T02@1,07T12@2,7,2,-1,-1,2
688,T02,T12,3,2,1,2,-1,2,04T02@1,06T12@2,7,3,-1,-1,2
684,T02,T12,3,2,1,2,-1,2,04T02@1,06T12@2,7,3,-1,-1,2
663,T12,T02,3,1,72,-1,-1,1,06T12@2,10T02@3,9,-1,-1,-1,3
193,OTHER,T12,3,2,10,0,-1,-1,SELLER,02T12@0,0,3,-1,-1,0
470,OTHER,T20,3,3,10,0,-1,-1,SELLER,00T20@0,0,3,-1,-1,0
329,OTHER,T02,3,2,10,0,-1,-1,SELLER,01T02@0,0,3,-1,-1,0
695,T02,T12,3,2,1,-1,-1,2,04T02@1,07T12@2,7,-1,-1,-1,2
690,T02,T12,3,2,1,2,-1,2,04T02@1,07T12@2,7,3,-1,-1,2
671,T02,T12,3,2,1,2,-1,2,04T02@1,07T12@2,7,3,-1,-1,2
418,OTHER,T20,3,1,10,0,-1,-1,SELLER,00T20@0,0,3,-1,-1,0
426,OTHER,T20,3,2,10,0,-1,-1,SELLER,00T20@0,0,3,-1,-1,0
207,OTHER,T02,3,2,10,0,-1,-1,SELLER,01T02@0,0,3,-1,-1,0
235,OTHER,T12,3,3,10,0,-1,-1,SELLER,02T12@0,0,3,-1,-1,0
539,OTHER,T02,3,3,10,0,-1,-1,SELLER,01T02@0,0,3,-1,-1,0
549,OTHER,T20,3,2,10,0,-1,-1,SELLER,00T20@0,0,3,-1,-1,0
209,OTHER,T02,3,2,10,0,-1,-1,SELLER,01T02@0,0,3,-1,-1,0
178,OTHER,T12,3,2,10,0,-1,-1,SELLER,02T12@0,0,3,-1,-1,0
628,T12,T02,3,1,40,1,-1,1,02T12@0,04T02@1,10,3,-1,-1,1
316,OTHER,T02,3,2,10,0,-1,-1,SELLER,01T02@0,0,3,-1,-1,0
657,T12,T02,3,1,72,-1,-1,1,07T12@2,10T02@3,9,-1,-1,-1,3
369,OTHER,T12,3,2,10,0,-1,-1,SELLER,02T12@0,0,3,-1,-1,0
728,T12,T02,3,1,72,-1,-1,3,07T12@2,10T02@3,9,-1,-1,-1,3
30,OTHER,T20,3,2,10,0,-1,-1,SELLER,00T20@0,0,3,-1,-1,0
720,T12,T02,3,1,72,-1,-1,3,06T12@2,10T02@3,8,-1,-1,-1,3
706,T02,T12,4,1,1,3,-1,3,04T02@1,06T12@2,6,4,-1,-1,2
110,OTHER,T02,4,2,10,0,-1,-1,SELLER,01T02@0,0,4,-1,-1,0
246,OTHER,T12,4,5,10,0,-1,-1,SELLER,02T12@0,0,4,-1,-1,0
50,OTHER,T02,4,1,10,0,-1,-1,SELLER,01T02@0,0,4,-1,-1,0
242,OTHER,T12,4,1,10,0,-1,-1,SELLER,02T12@0,0,4,-1,-1,0
237,T02,OTHER,4,1,47,0,-1,-1,10T02@3,BUYER,0,4,-1,-1,4
454,OTHER,T02,4,3,10,0,-1,-1,SELLER,01T02@0,0,4,-1,-1,0
364,T02,OTHER,4,4,47,0,-1,-1,10T02@3,BUYER,0,4,-1,-1,4
144,T02,OTHER,4,1,47,0,-1,-1,10T02@3,BUYER,0,4,-1,-1,4
151,OTHER,T02,4,1,10,0,-1,-1,SELLER,01T02@0,0,4,-1,-1,0
337,OTHER,T12,4,1,10,0,-1,-1,SELLER,02T12@0,0,4,-1,-1,0
383,OTHER,T02,4,3,10,0,-1,-1,SELLER,01T02@0,0,4,-1,-1,0
203,OTHER,T12,4,2,10,0,-1,-1,SELLER,02T12@0,0,4,-1,-1,0
442,T02,OTHER,4,1,47,0,-1,-1,10T02@3,BUYER,0,4,-1,-1,4
354,T29,OTHER,4,2,47,0,-1,-1,11T29@3,BUYER,0,4,-1,-1,4
168,OTHER,T12,4,2,10,0,-1,-1,SELLER,02T12@0,0,4,-1,-1,0
171,T29,OTHER,4,3,47,0,-1,-1,11T29@3,BUYER,0,4,-1,-1,4
356,T29,OTHER,4,1,47,0,-1,-1,11T29@3,BUYER,0,4,-1,-1,4
710,T02,T12,4,1,1,3,-1,3,04T02@1,06T12@2,6,4,-1,-1,2
211,T02,OTHER,4,3,47,0,-1,-1,10T02@3,BUYER,0,4,-1,-1,4
106,OTHER,T20,4,4,10,0,-1,-1,SELLER,00T20@0,0,4,-1,-1,0
370,T02,OTHER,4,2,47,0,-1,-1,10T02@3,BUYER,0,4,-1,-1,4
699,T02,T12,4,1,1,3,-1,3,04T02@1,07T12@2,6,4,-1,-1,2
489,OTHER,T02,4,3,10,0,-1,-1,SELLER,01T02@0,0,4,-1,-1,0
102,OTHER,T12,4,2,10,0,-1,-1,SELLER,02T12@0,0,4,-1,-1,0
724,T02,T12,4,1,1,-1,-1,3,04T02@1,07T12@2,6,-1,-1,-1,2
97,T29,OTHER,4,2,47,0,-1,-1,11T29@3,BUYER,0,4,-1,-1,4
698,T02,T12,4,1,1,3,-1,3,04T02@1,06T12@2,6,4,-1,-1,2
723,T02,T12,4,1,1,-1,-1,3,04T02@1,07T12@2,6,-1,-1,-1,2
587,OTHER,T02,5,2,10,0,-1,-1,SELLER,01T02@0,0,5,-1,-1,0
200,OTHER,T02,5,3,10,0,-1,-1,SELLER,01T02@0,0,5,-1,-1,0
244,OTHER,T20,5,1,10,0,-1,-1,SELLER,00T20@0,0,5,-1,-1,0
492,OTHER,T02,5,1,10,0,-1,-1,SELLER,01T02@0,0,5,-1,-1,0
321,OTHER,T12,5,2,10,0,-1,-1,SELLER,02T12@0,0,5,-1,-1,0
2,OTHER,T20,5,1,10,0,-1,-1,SELLER,00T20@0,0,5,-1,-1,0
561,T02,OTHER,5,2,47,0,-1,-1,10T02@3,BUYER,0,5,-1,-1,4
404,T02,OTHER,5,1,47,0,-1,-1,10T02@3,BUYER,0,5,-1,-1,4
696,T02,T12,5,1,1,3,-1,3,04T02@1,06T12@2,8,5,-1,-1,2
1,OTHER,T12,5,1,10,0,-1,-1,SELLER,02T12@0,0,5,-1,-1,0
43,OTHER,T12,5,2,10,0,-1,-1,SELLER,02T12@0,0,5,-1,-1,0
737,T02,T12,5,2,1,4,-1,4,04T02@1,07T12@2,7,5,-1,-1,2
152,OTHER,T12,5,1,10,0,-1,-1,SELLER,02T12@0,0,5,-1,-1,0
42,T29,OTHER,5,4,47,0,-1,-1,11T29@3,BUYER,0,5,-1,-1,4
314,OTHER,T20,5,4,10,0,-1,-1,SELLER,00T20@0,0,5,-1,-1,0
10,OTHER,T20,5,3,10,0,-1,-1,SELLER,00T20@0,0,5,-1,-1,0
433,T02,OTHER,5,2,47,0,-1,-1,10T02@3,BUYER,0,5,-1,-1,4
759,T02,T12,5,2,1,-1,-1,4,04T02@1,07T12@2,7,-1,-1,-1,2
642,T12,T02,5,2,40,1,-1,1,02T12@0,04T02@1,5,5,-1,-1,1
339,T29,OTHER,5,2,47,0,-1,-1,11T29@3,BUYER,0,5,-1,-1,4
746,T02,T12,5,2,1,4,-1,4,04T02@1,06T12@2,7,5,-1,-1,2
396,OTHER,T12,5,4,10,0,-1,-1,SELLER,02T12@0,0,5,-1,-1,0
197,OTHER,T02,5,4,10,0,-1,-1,SELLER,01T02@0,0,5,-1,-1,0
343,T02,OTHER,5,2,47,0,-1,-1,10T02@3,BUYER,0,5,-1,-1,4
167,T29,OTHER,5,1,47,0,-1,-1,11T29@3,BUYER,0,5,-1,-1,4
252,T29,OTHER,5,2,47,0,-1,-1,11T29@3,BUYER,0,5,-1,-1,4
485,T02,OTHER,5,4,47,0,-1,-1,10T02@3,BUYER,0,5,-1,-1,4
756,T02,T12,5,2,1,-1,-1,4,04T02@1,06T12@2,7,-1,-1,-1,2
757,T02,T12,5,2,1,-1,-1,4,04T02@1,07T12@2,7,-1,-1,-1,2
758,T02,T12,5,2,1,-1,-1,4,04T02@1,07T12@2,7,-1,-1,-1,2
558,OTHER,T20,5,1,10,0,-1,-1,SELLER,00T20@0,0,5,-1,-1,0
192,OTHER,T02,6,1,10,0,-1,-1,SELLER,01T02@0,0,6,-1,-1,0
160,OTHER,T12,6,3,10,0,-1,-1,SELLER,02T12@0,0,6,-1,-1,0
779,T02,T12,6,1,1,5,-1,5,04T02@1,06T12@2,6,6,-1,-1,2
410,OTHER,T20,6,2,10,0,-1,-1,SELLER,00T20@0,0,6,-1,-1,0
278,OTHER,T12,6,2,10,0,-1,-1,SELLER,02T12@0,0,6,-1,-1,0
174,T02,OTHER,6,3,47,0,-1,-1,10T02@3,BUYER,0,6,-1,-1,4
784,T02,T12,6,1,1,5,-1,5,04T02@1,07T12@2,7,6,-1,-1,2
574,OTHER,T20,6,2,10,0,-1,-1,SELLER,00T20@0,0,6,-1,-1,0
555,T02,OTHER,6,2,47,0,-1,-1,10T02@3,BUYER,0,6,-1,-1,4
41,T29,OTHER,6,3,47,0,-1,-1,11T29@3,BUYER,0,6,-1,-1,4
288,OTHER,T12,6,1,10,0,-1,-1,SELLER,02T12@0,0,6,-1,-1,0
69,OTHER,T20,6,1,10,0,-1,-1,SELLER,00T20@0,0,6,-1,-1,0
459,T29,OTHER,6,3,47,0,-1,-1,11T29@3,BUYER,0,6,-1,-1,4
61,OTHER,T20,6,3,10,0,-1,-1,SELLER,00T20@0,0,6,-1,-1,0
117,OTHER,T20,6,1,10,0,-1,-1,SELLER,00T20@0,0,6,-1,-1,0
608,T29,OTHER,6,3,47,0,-1,-1,11T29@3,BUYER,0,6,-1,-1,4
645,T12,T02,6,1,40,1,-1,1,02T12@0,04T02@1,10,6,-1,-1,1
248,T02,OTHER,6,2,47,0,-1,-1,10T02@3,BUYER,0,6,-1,-1,4
7,T29,OTHER,6,2,47,0,-1,-1,11T29@3,BUYER,0,6,-1,-1,4
344,OTHER,T20,6,2,10,0,-1,-1,SELLER,00T20@0,0,6,-1,-1,0
524,OTHER,T20,6,3,10,0,-1,-1,SELLER,00T20@0,0,6,-1,-1,0
295,T02,OTHER,6,2,47,0,-1,-1,10T02@3,BUYER,0,6,-1,-1,4
491,OTHER,T02,6,2,10,0,-1,-1,SELLER,01T02@0,0,6,-1,-1,0
681,T12,T02,6,2,40,2,-1,2,02T12@0,04T02@1,3,6,-1,-1,1
413,OTHER,T02,6,5,10,0,-1,-1,SELLER,01T02@0,0,6,-1,-1,0
280,OTHER,T12,6,2,10,0,-1,-1,SELLER,02T12@0,0,6,-1,-1,0
437,OTHER,T02,7,1,10,0,-1,-1,SELLER,01T02@0,0,7,-1,-1,0
259,OTHER,T20,7,3,10,0,-1,-1,SELLER,00T20@0,0,7,-1,-1,0
441,OTHER,T02,7,3,10,0,-1,-1,SELLER,01T02@0,0,7,-1,-1,0
16,OTHER,T02,7,2,10,0,-1,-1,SELLER,01T02@0,0,7,-1,-1,0
265,T29,OTHER,7,2,47,0,-1,-1,11T29@3,BUYER,0,7,-1,-1,4
189,T02,OTHER,7,1,47,0,-1,-1,10T02@3,BUYER,0,7,-1,-1,4
464,T02,OTHER,7,3,47,0,-1,-1,10T02@3,BUYER,0,7,-1,-1,4
378,OTHER,T20,7,1,10,0,-1,-1,SELLER,00T20@0,0,7,-1,-1,0
564,T02,OTHER,7,2,47,0,-1,-1,10T02@3,BUYER,0,7,-1,-1,4
311,T29,OTHER,7,2,47,0,-1,-1,11T29@3,BUYER,0,7,-1,-1,4
208,T29,OTHER,7,4,47,0,-1,-1,11T29@3,BUYER,0,7,-1,-1,4
277,OTHER,T12,7,2,10,0,-1,-1,SELLER,02T12@0,0,7,-1,-1,0
519,OTHER,T12,7,1,10,0,-1,-1,SELLER,02T12@0,0,7,-1,-1,0
565,T02,OTHER,7,3,47,0,-1,-1,10T02@3,BUYER,0,7,-1,-1,4
468,OTHER,T12,7,2,10,0,-1,-1,SELLER,02T12@0,0,7,-1,-1,0
195,OTHER,T02,7,2,10,0,-1,-1,SELLER,01T02@0,0,7,-1,-1,0
260,T02,OTHER,7,2,47,0,-1,-1,10T02@3,BUYER,0,7,-1,-1,4
582,OTHER,T12,7,1,10,0,-1,-1,SELLER,02T12@0,0,7,-1,-1,0
704,T12,T02,7,2,40,3,-1,3,02T12@0,04T02@1,2,7,-1,-1,1
80,OTHER,T20,7,4,10,0,-1,-1,SELLER,00T20@0,0,7,-1,-1,0
626,T12,T02,7,2,40,1,-1,1,02T12@0,04T02@1,2,7,-1,-1,1
387,OTHER,T12,7,2,10,0,-1,-1,SELLER,02T12@0,0,7,-1,-1,0
416,OTHER,T12,7,4,10,0,-1,-1,SELLER,02T12@0,0,7,-1,-1,0
147,OTHER,T02,7,2,10,0,-1,-1,SELLER,01T02@0,0,7,-1,-1,0
622,T12,T02,7,2,40,1,-1,1,02T12@0,04T02@1,2,7,-1,-1,1
37,T29,OTHER,7,1,47,0,-1,-1,11T29@3,BUYER,0,7,-1,-1,4
747,T12,T02,8,2,40,4,-1,4,02T12@0,04T02@1,2,8,-1,-1,1
680,T12,T02,8,2,40,2,-1,2,02T12@0,04T02@1,2,8,-1,-1,1
309,OTHER,T20,8,2,10,0,-1,-1,SELLER,00T20@0,0,8,-1,-1,0
824,T02,T12,8,1,1,7,-1,7,04T02@1,06T12@2,9,8,-1,-1,2
393,T02,OTHER,8,2,47,0,-1,-1,10T02@3,BUYER,0,8,-1,-1,4
108,OTHER,T02,8,1,10,0,-1,-1,SELLER,01T02@0,0,8,-1,-1,0
546,OTHER,T20,8,1,10,0,-1,-1,SELLER,00T20@0,0,8,-1,-1,0
545,T02,OTHER,8,5,47,0,-1,-1,10T02@3,BUYER,0,8,-1,-1,4
534,OTHER,T02,8,3,10,0,-1,-1,SELLER,01T02@0,0,8,-1,-1,0
409,OTHER,T02,8,3,10,0,-1,-1,SELLER,01T02@0,0,8,-1,-1,0
497,T29,OTHER,8,6,47,0,-1,-1,11T29@3,BUYER,0,8,-1,-1,4
143,T02,OTHER,8,2,47,0,-1,-1,10T02@3,BUYER,0,8,-1,-1,4
540,OTHER,T02,8,4,10,0,-1,-1,SELLER,01T02@0,0,8,-1,-1,0
844,T02,T12,8,1,1,7,-1,7,04T02@1,07T12@2,9,8,-1,-1,2
170,T29,OTHER,8,1,47,0,-1,-1,11T29@3,BUYER,0,8,-1,-1,4
605,OTHER,T12,8,2,10,0,-1,-1,SELLER,02T12@0,0,8,-1,-1,0
583,T02,OTHER,8,1,47,0,-1,-1,10T02@3,BUYER,0,8,-1,-1,4
190,OTHER,T20,8,3,10,0,-1,-1,SELLER,00T20@0,0,8,-1,-1,0
573,OTHER,T12,8,2,10,0,-1,-1,SELLER,02T12@0,0,8,-1,-1,0
6,OTHER,T02,8,2,10,0,-1,-1,SELLER,01T02@0,0,8,-1,-1,0
73,T02,OTHER,8,3,47,0,-1,-1,10T02@3,BUYER,0,8,-1,-1,4
585,OTHER,T20,8,3,10,0,-1,-1,SELLER,00T20@0,0,8,-1,-1,0
169,OTHER,T02,8,1,10,0,-1,-1,SELLER,01T02@0,0,8,-1,-1,0
394,OTHER,T12,8,2,10,0,-1,-1,SELLER,02T12@0,0,8,-1,-1,0
506,OTHER,T20,8,1,10,0,-1,-1,SELLER,00T20@0,0,8,-1,-1,0
509,OTHER,T02,9,4,10,0,-1,-1,SELLER,01T02@0,0,9,-1,-1,0
55,OTHER,T12,9,5,10,0,-1,-1,SELLER,02T12@0,0,9,-1,-1,0
865,T02,T12,9,1,1,8,-1,8,04T02@1,06T12@2,6,9,-1,-1,2
357,T02,OTHER,9,1,47,0,-1,-1,10T02@3,BUYER,0,9,-1,-1,4
138,T02,OTHER,9,1,47,0,-1,-1,10T02@3,BUYER,0,9,-1,-1,4
635,T12,T02,9,2,40,1,-1,1,02T12@0,04T02@1,3,9,-1,-1,1
47,T02,OTHER,9,2,47,0,-1,-1,10T02@3,BUYER,0,9,-1,-1,4
629,T12,T02,9,2,40,1,-1,1,02T12@0,04T02@1,3,9,-1,-1,1
347,T02,OTHER,9,3,47,0,-1,-1,10T02@3,BUYER,0,9,-1,-1,4
870,T02,T12,9,1,1,8,-1,8,04T02@1,07T12@2,6,9,-1,-1,2
240,OTHER,T02,9,3,10,0,-1,-1,SELLER,01T02@0,0,9,-1,-1,0
182,OTHER,T12,9,1,10,0,-1,-1,SELLER,02T12@0,0,9,-1,-1,0
560,T29,OTHER,9,2,47,0,-1,-1,11T29@3,BUYER,0,9,-1,-1,4
602,OTHER,T02,9,2,10,0,-1,-1,SELLER,01T02@0,0,9,-1,-1,0
711,T12,T02,9,2,40,3,-1,3,02T12@0,04T02@1,3,9,-1,-1,1
782,T12,T02,9,2,40,5,-1,5,02T12@0,04T02@1,3,9,-1,-1,1
501,T02,OTHER,9,4,47,0,-1,-1,10T02@3,BUYER,0,9,-1,-1,4
876,T02,T12,9,1,1,8,-1,8,04T02@1,06T12@2,6,9,-1,-1,2
33,T29,OTHER,9,2,47,0,-1,-1,11T29@3,BUYER,0,9,-1,-1,4
606,OTHER,T12,9,1,10,0,-1,-1,SELLER,02T12@0,0,9,-1,-1,0
609,OTHER,T02,9,2,10,0,-1,-1,SELLER,01T02@0,0,9,-1,-1,0
330,OTHER,T20,9,3,10,0,-1,-1,SELLER,00T20@0,0,9,-1,-1,0
402,T29,OTHER,9,2,47,0,-1,-1,11T29@3,BUYER,0,9,-1,-1,4
223,OTHER,T12,9,1,10,0,-1,-1,SELLER,02T12@0,0,9,-1,-1,0
76,OTHER,T02,9,4,10,0,-1,-1,SELLER,01T02@0,0,9,-1,-1,0
19,OTHER,T20,9,4,10,0,-1,-1,SELLER,00T20@0,0,9,-1,-1,0
173,T29,OTHER,9,3,47,0,-1,-1,11T29@3,BUYER,0,9,-1,-1,4
111,OTHER,T02,10,4,10,0,-1,-1,SELLER,01T02@0,0,10,-1,-1,0
83,T29,OTHER,10,2,47,0,-1,-1,11T29@3,BUYER,0,10,-1,-1,4
68,OTHER,T12,10,3,10,0,-1,-1,SELLER,02T12@0,0,10,-1,-1,0
270,T29,OTHER,10,3,47,0,-1,-1,11T29@3,BUYER,0,10,-1,-1,4
669,T12,T02,10,1,40,2,-1,2,02T12@0,04T02@1,8,10,-1,-1,1
261,T29,OTHER,10,1,47,0,-1,-1,11T29@3,BUYER,0,10,-1,-1,4
272,OTHER,T12,10,3,10,0,-1,-1,SELLER,02T12@0,0,10,-1,-1,0
267,T02,OTHER,10,2,47,0,-1,-1,10T02@3,BUYER,0,10,-1,-1,4
282,OTHER,T12,10,1,10,0,-1,-1,SELLER,02T12@0,0,10,-1,-1,0
250,OTHER,T20,10,2,10,0,-1,-1,SELLER,00T20@0,0,10,-1,-1,0
581,OTHER,T20,10,2,10,0,-1,-1,SELLER,00T20@0,0,10,-1,-1,0
384,OTHER,T02,10,3,10,0,-1,-1,SELLER,01T02@0,0,10,-1,-1,0
805,T02,T12,10,1,1,6,-1,6,04T02@1,07T12@2,8,10,-1,-1,2
811,T02,T12,10,1,1,6,-1,6,04T02@1,06T12@2,9,10,-1,-1,2
813,T02,T12,10,1,1,6,-1,6,04T02@1,07T12@2,9,10,-1,-1,2
797,T12,T02,10,2,40,6,-1,6,02T12@0,04T02@1,2,10,-1,-1,1
816,T02,T12,10,1,1,6,-1,6,04T02@1,07T12@2,9,10,-1,-1,2
559,OTHER,T20,10,3,10,0,-1,-1,SELLER,00T20@0,0,10,-1,-1,0
21,T29,OTHER,10,2,47,0,-1,-1,11T29@3,BUYER,0,10,-1,-1,4
389,T02,OTHER,10,3,47,0,-1,-1,10T02@3,BUYER,0,10,-1,-1,4
363,OTHER,T20,10,3,10,0,-1,-1,SELLER,00T20@0,0,10,-1,-1,0
446,T29,OTHER,10,1,47,0,-1,-1,11T29@3,BUYER,0,10,-1,-1,4
225,OTHER,T12,10,1,10,0,-1,-1,SELLER,02T12@0,0,10,-1,-1,0
449,OTHER,T12,10,3,10,0,-1,-1,SELLER,02T12@0,0,10,-1,-1,0
300,T02,OTHER,10,3,47,0,-1,-1,10T02@3,BUYER,0,10,-1,-1,4
533,T29,OTHER,10,3,47,0,-1,-1,11T29@3,BUYER,0,10,-1,-1,4
861,T02,T12,10,1,1,8,-1,8,04T02@1,07T12@2,8,10,-1,-1,2
128,OTHER,T20,10,2,10,0,-1,-1,SELLER,00T20@0,0,10,-1,-1,0
292,OTHER,T12,11,3,10,0,-1,-1,SELLER,02T12@0,0,11,-1,-1,0
362,T29,OTHER,11,2,47,0,-1,-1,11T29@3,BUYER,0,11,-1,-1,4
328,OTHER,T02,11,1,10,0,-1,-1,SELLER,01T02@0,0,11,-1,-1,0
452,T29,OTHER,11,2,47,0,-1,-1,11T29@3,BUYER,0,11,-1,-1,4
284,OTHER,T12,11,1,10,0,-1,-1,SELLER,02T12@0,0,11,-1,-1,0
290,OTHER,T12,11,1,10,0,-1,-1,SELLER,02T12@0,0,11,-1,-1,0
326,OTHER,T02,11,5,10,0,-1,-1,SELLER,01T02@0,0,11,-1,-1,0
303,T02,OTHER,11,3,47,0,-1,-1,10T02@3,BUYER,0,11,-1,-1,4
297,OTHER,T20,11,1,10,0,-1,-1,SELLER,00T20@0,0,11,-1,-1,0
0,T02,OTHER,11,3,47,0,-1,-1,10T02@3,BUYER,0,11,-1,-1,4
639,T12,T02,11,2,40,1,-1,1,02T12@0,04T02@1,4,11,-1,-1,1
226,T29,OTHER,11,3,47,0,-1,-1,11T29@3,BUYER,0,11,-1,-1,4
54,OTHER,T02,11,4,10,0,-1,-1,SELLER,01T02@0,0,11,-1,-1,0
228,OTHER,T12,11,5,10,0,-1,-1,SELLER,02T12@0,0,11,-1,-1,0
600,T29,OTHER,11,3,47,0,-1,-1,11T29@3,BUYER,0,11,-1,-1,4
532,OTHER,T20,11,4,10,0,-1,-1,SELLER,00T20@0,0,11,-1,-1,0
31,T29,OTHER,11,1,47,0,-1,-1,11T29@3,BUYER,0,11,-1,-1,4
238,OTHER,T12,11,2,10,0,-1,-1,SELLER,02T12@0,0,11,-1,-1,0
91,OTHER,T02,11,2,10,0,-1,-1,SELLER,01T02@0,0,11,-1,-1,0
566,T29,OTHER,11,1,47,0,-1,-1,11T29@3,BUYER,0,11,-1,-1,4
826,T12,T02,11,2,40,7,-1,7,02T12@0,04T02@1,4,11,-1,-1,1
630,T12,T02,11,2,40,1,-1,1,02T12@0,04T02@1,4,11,-1,-1,1
502,T02,OTHER,11,2,47,0,-1,-1,10T02@3,BUYER,0,11,-1,-1,4
839,T02,T12,11,1,1,7,-1,7,04T02@1,06T12@2,8,11,-1,-1,2
840,T02,T12,11,1,1,7,-1,7,04T02@1,07T12@2,8,11,-1,-1,2
843,T02,T12,11,1,1,7,-1,7,04T02@1,06T12@2,8,11,-1,-1,2
488,OTHER,T12,11,1,10,0,-1,-1,SELLER,02T12@0,0,11,-1,-1,0
745,T12,T02,12,2,40,4,-1,4,02T12@0,04T02@1,3,12,-1,-1,1
700,T12,T02,12,1,40,3,-1,3,02T12@0,04T02@1,7,12,-1,-1,1
159,T02,OTHER,12,4,47,0,-1,-1,10T02@3,BUYER,0,12,-1,-1,4
414,OTHER,T12,12,3,10,0,-1,-1,SELLER,02T12@0,0,12,-1,-1,0
63,T29,OTHER,12,1,47,0,-1,-1,11T29@3,BUYER,0,12,-1,-1,4
392,OTHER,T12,12,2,10,0,-1,-1,SELLER,02T12@0,0,12,-1,-1,0
58,OTHER,T12,12,1,10,0,-1,-1,SELLER,02T12@0,0,12,-1,-1,0
56,OTHER,T12,12,2,10,0,-1,-1,SELLER,02T12@0,0,12,-1,-1,0
794,T02,T12,12,1,1,6,-1,6,04T02@1,07T12@2,8,12,-1,-1,2
803,T02,T12,12,1,1,6,-1,6,04T02@1,07T12@2,8,12,-1,-1,2
806,T02,T12,12,1,1,6,-1,6,04T02@1,06T12@2,8,12,-1,-1,2
809,T12,T02,12,2,40,6,-1,6,02T12@0,04T02@1,3,12,-1,-1,1
380,OTHER,T02,12,1,10,0,-1,-1,SELLER,01T02@0,0,12,-1,-1,0
875,T12,T02,12,2,40,8,-1,8,02T12@0,04T02@1,3,12,-1,-1,1
59,OTHER,T20,12,1,10,0,-1,-1,SELLER,00T20@0,0,12,-1,-1,0
599,T02,OTHER,12,2,47,0,-1,-1,10T02@3,BUYER,0,12,-1,-1,4
482,OTHER,T02,12,3,10,0,-1,-1,SELLER,01T02@0,0,12,-1,-1,0
580,T29,OTHER,12,2,47,0,-1,-1,11T29@3,BUYER,0,12,-1,-1,4
293,T02,OTHER,12,3,47,0,-1,-1,10T02@3,BUYER,0,12,-1,-1,4
593,OTHER,T02,12,5,10,0,-1,-1,SELLER,01T02@0,0,12,-1,-1,0
494,T02,OTHER,12,2,47,0,-1,-1,10T02@3,BUYER,0,12,-1,-1,4
543,OTHER,T12,12,2,10,0,-1,-1,SELLER,02T12@0,0,12,-1,-1,0
212,OTHER,T02,12,1,10,0,-1,-1,SELLER,01T02@0,0,12,-1,-1,0
301,OTHER,T02,12,2,10,0,-1,-1,SELLER,01T02@0,0,12,-1,-1,0
556,OTHER,T20,12,2,10,0,-1,-1,SELLER,00T20@0,0,12,-1,-1,0
445,OTHER,T20,12,3,10,0,-1,-1,SELLER,00T20@0,0,12,-1,-1,0
274,T29,OTHER,12,1,47,0,-1,-1,11T29@3,BUYER,0,12,-1,-1,4
236,T29,OTHER,12,5,47,0,-1,-1,11T29@3,BUYER,0,12,-1,-1,4
181,OTHER,T12,12,2,10,0,-1,-1,SELLER,02T12@0,0,12,-1,-1,0
777,T02,T12,13,1,1,5,-1,5,04T02@1,07T12@2,9,13,-1,-1,2
451,T29,OTHER,13,3,47,0,-1,-1,11T29@3,BUYER,0,13,-1,-1,4
766,T02,T12,13,1,1,5,-1,5,04T02@1,06T12@2,9,13,-1,-1,2
765,T02,T12,13,1,1,5,-1,5,04T02@1,07T12@2,9,13,-1,-1,2
255,OTHER,T02,13,1,10,0,-1,-1,SELLER,01T02@0,0,13,-1,-1,0
39,OTHER,T20,13,1,10,0,-1,-1,SELLER,00T20@0,0,13,-1,-1,0
531,T02,OTHER,13,1,47,0,-1,-1,10T02@3,BUYER,0,13,-1,-1,4
823,T12,T02,13,2,40,7,-1,7,02T12@0,04T02@1,3,13,-1,-1,1
804,T12,T02,13,2,40,6,-1,6,02T12@0,04T02@1,7,13,-1,-1,1
391,OTHER,T12,13,3,10,0,-1,-1,SELLER,02T12@0,0,13,-1,-1,0
767,T02,T12,13,1,1,5,-1,5,04T02@1,06T12@2,9,13,-1,-1,2
495,OTHER,T02,13,4,10,0,-1,-1,SELLER,01T02@0,0,13,-1,-1,0
104,T02,OTHER,13,1,47,0,-1,-1,10T02@3,BUYER,0,13,-1,-1,4
579,OTHER,T20,13,2,10,0,-1,-1,SELLER,00T20@0,0,13,-1,-1,0
140,T02,OTHER,13,4,47,0,-1,-1,10T02@3,BUYER,0,13,-1,-1,4
134,OTHER,T20,13,3,10,0,-1,-1,SELLER,00T20@0,0,13,-1,-1,0
424,OTHER,T12,13,3,10,0,-1,-1,SELLER,02T12@0,0,13,-1,-1,0
186,OTHER,T02,13,3,10,0,-1,-1,SELLER,01T02@0,0,13,-1,-1,0
478,OTHER,T12,13,1,10,0,-1,-1,SELLER,02T12@0,0,13,-1,-1,0
127,T29,OTHER,13,2,47,0,-1,-1,11T29@3,BUYER,0,13,-1,-1,4
514,OTHER,T02,13,1,10,0,-1,-1,SELLER,01T02@0,0,13,-1,-1,0
103,T02,OTHER,13,4,47,0,-1,-1,10T02@3,BUYER,0,13,-1,-1,4
101,T02,OTHER,13,4,47,0,-1,-1,10T02@3,BUYER,0,13,-1,-1,4
95,OTHER,T12,13,2,10,0,-1,-1,SELLER,02T12@0,0,13,-1,-1,0
415,OTHER,T20,13,2,10,0,-1,-1,SELLER,00T20@0,0,13,-1,-1,0
568,OTHER,T20,13,2,10,0,-1,-1,SELLER,00T20@0,0,13,-1,-1,0
82,T02,OTHER,13,1,47,0,-1,-1,10T02@3,BUYER,0,13,-1,-1,4
62,OTHER,T02,13,2,10,0,-1,-1,SELLER,01T02@0,0,13,-1,-1,0
465,T29,OTHER,14,4,47,0,-1,-1,11T29@3,BUYER,0,14,-1,-1,4
504,T29,OTHER,14,2,47,0,-1,-1,11T29@3,BUYER,0,14,-1,-1,4
435,OTHER,T20,14,3,10,0,-1,-1,SELLER,00T20@0,0,14,-1,-1,0
395,OTHER,T02,14,1,10,0,-1,-1,SELLER,01T02@0,0,14,-1,-1,0
554,T02,OTHER,14,2,47,0,-1,-1,10T02@3,BUYER,0,14,-1,-1,4
738,T12,T02,14,2,40,4,-1,4,02T12@0,04T02@1,4,14,-1,-1,1
736,T12,T02,14,2,40,4,-1,4,02T12@0,04T02@1,4,14,-1,-1,1
557,T29,OTHER,14,1,47,0,-1,-1,11T29@3,BUYER,0,14,-1,-1,4
417,OTHER,T12,14,1,10,0,-1,-1,SELLER,02T12@0,0,14,-1,-1,0
521,OTHER,T12,14,3,10,0,-1,-1,SELLER,02T12@0,0,14,-1,-1,0
551,OTHER,T12,14,2,10,0,-1,-1,SELLER,02T12@0,0,14,-1,-1,0
857,T12,T02,14,2,40,8,-1,8,02T12@0,04T02@1,2,14,-1,-1,1
139,OTHER,T12,14,1,10,0,-1,-1,SELLER,02T12@0,0,14,-1,-1,0
136,T29,OTHER,14,5,47,0,-1,-1,11T29@3,BUYER,0,14,-1,-1,4
351,OTHER,T20,14,2,10,0,-1,-1,SELLER,00T20@0,0,14,-1,-1,0
98,T02,OTHER,14,2,47,0,-1,-1,10T02@3,BUYER,0,14,-1,-1,4
123,OTHER,T02,14,2,10,0,-1,-1,SELLER,01T02@0,0,14,-1,-1,0
38,T29,OTHER,14,1,47,0,-1,-1,11T29@3,BUYER,0,14,-1,-1,4
322,T02,OTHER,14,3,47,0,-1,-1,10T02@3,BUYER,0,14,-1,-1,4
216,OTHER,T12,14,2,10,0,-1,-1,SELLER,02T12@0,0,14,-1,-1,0
18,OTHER,T20,14,1,10,0,-1,-1,SELLER,00T20@0,0,14,-1,-1,0
215,OTHER,T12,14,4,10,0,-1,-1,SELLER,02T12@0,0,14,-1,-1,0
26,OTHER,T02,14,6,10,0,-1,-1,SELLER,01T02@0,0,14,-1,-1,0
308,OTHER,T20,14,2,10,0,-1,-1,SELLER,00T20@0,0,14,-1,-1,0
430,OTHER,T20,15,1,10,0,-1,-1,SELLER,00T20@0,0,15,-1,-1,0
538,OTHER,T20,15,1,10,0,-1,-1,SELLER,00T20@0,0,15,-1,-1,0
340,OTHER,T20,15,4,10,0,-1,-1,SELLER,00T20@0,0,15,-1,-1,0
283,T02,OTHER,15,2,47,0,-1,-1,10T02@3,BUYER,0,15,-1,-1,4
310,T02,OTHER,15,2,47,0,-1,-1,10T02@3,BUYER,0,15,-1,-1,4
440,T29,OTHER,15,3,47,0,-1,-1,11T29@3,BUYER,0,15,-1,-1,4
287,OTHER,T12,15,2,10,0,-1,-1,SELLER,02T12@0,0,15,-1,-1,0
845,T12,T02,15,2,40,7,-1,7,02T12@0,04T02@1,2,15,-1,-1,1
526,OTHER,T12,15,3,10,0,-1,-1,SELLER,02T12@0,0,15,-1,-1,0
323,OTHER,T02,15,4,10,0,-1,-1,SELLER,01T02@0,0,15,-1,-1,0
419,OTHER,T20,15,2,10,0,-1,-1,SELLER,00T20@0,0,15,-1,-1,0
113,T29,OTHER,15,2,47,0,-1,-1,11T29@3,BUYER,0,15,-1,-1,4
474,T02,OTHER,15,4,47,0,-1,-1,10T02@3,BUYER,0,15,-1,-1,4
315,T29,OTHER,15,3,47,0,-1,-1,11T29@3,BUYER,0,15,-1,-1,4
906,T02,T12,15,1,1,10,-1,10,04T02@1,06T12@2,8,15,-1,-1,2
458,T29,OTHER,15,1,47,0,-1,-1,11T29@3,BUYER,0,15,-1,-1,4
934,T12,T02,15,2,40,11,-1,11,02T12@0,04T02@1,3,15,-1,-1,1
434,OTHER,T02,15,2,10,0,-1,-1,SELLER,01T02@0,0,15,-1,-1,0
358,OTHER,T12,15,4,10,0,-1,-1,SELLER,02T12@0,0,15,-1,-1,0
781,T12,T02,15,2,40,5,-1,5,02T12@0,04T02@1,2,15,-1,-1,1
361,T29,OTHER,15,2,47,0,-1,-1,11T29@3,BUYER,0,15,-1,-1,4
775,T12,T02,15,2,40,5,-1,5,02T12@0,04T02@1,2,15,-1,-1,1
162,T02,OTHER,15,1,47,0,-1,-1,10T02@3,BUYER,0,15,-1,-1,4
67,OTHER,T20,15,2,10,0,-1,-1,SELLER,00T20@0,0,15,-1,-1,0
32,OTHER,T12,15,2,10,0,-1,-1,SELLER,02T12@0,0,15,-1,-1,0
498,OTHER,T20,15,3,10,0,-1,-1,SELLER,00T20@0,0,15,-1,-1,0
269,OTHER,T20,16,5,10,0,-1,-1,SELLER,00T20@0,0,16,-1,-1,0
528,T02,OTHER,16,4,47,0,-1,-1,10T02@3,BUYER,0,16,-1,-1,4
377,OTHER,T12,16,4,10,0,-1,-1,SELLER,02T12@0,0,16,-1,-1,0
833,T12,T02,16,1,40,7,-1,7,02T12@0,04T02@1,7,16,-1,-1,1
421,OTHER,T12,16,1,10,0,-1,-1,SELLER,02T12@0,0,16,-1,-1,0
453,T02,OTHER,16,3,47,0,-1,-1,10T02@3,BUYER,0,16,-1,-1,4
65,OTHER,T02,16,3,10,0,-1,-1,SELLER,01T02@0,0,16,-1,-1,0
191,T29,OTHER,16,1,47,0,-1,-1,11T29@3,BUYER,0,16,-1,-1,4
188,OTHER,T20,16,1,10,0,-1,-1,SELLER,00T20@0,0,16,-1,-1,0
584,OTHER,T20,16,3,10,0,-1,-1,SELLER,00T20@0,0,16,-1,-1,0
40,OTHER,T12,16,1,10,0,-1,-1,SELLER,02T12@0,0,16,-1,-1,0
1006,T12,T02,16,1,40,13,-1,13,02T12@0,04T02@1,6,16,-1,-1,1
463,OTHER,T02,16,2,10,0,-1,-1,SELLER,01T02@0,0,16,-1,-1,0
846,T02,T12,16,2,1,7,-1,7,04T02@1,07T12@2,10,16,-1,-1,2
44,T29,OTHER,16,3,47,0,-1,-1,11T29@3,BUYER,0,16,-1,-1,4
34,T29,OTHER,16,3,47,0,-1,-1,11T29@3,BUYER,0,16,-1,-1,4
790,T12,T02,16,1,40,6,-1,6,02T12@0,04T02@1,2,16,-1,-1,1
224,OTHER,T20,16,2,10,0,-1,-1,SELLER,00T20@0,0,16,-1,-1,0
471,T02,OTHER,16,1,47,0,-1,-1,10T02@3,BUYER,0,16,-1,-1,4
982,T02,T12,16,1,1,13,-1,13,04T02@1,07T12@2,9,16,-1,-1,2
241,OTHER,T02,16,1,10,0,-1,-1,SELLER,01T02@0,0,16,-1,-1,0
1052,T02,T12,16,1,1,15,-1,15,04T02@1,06T12@2,7,16,-1,-1,2
544,OTHER,T02,16,2,10,0,-1,-1,SELLER,01T02@0,0,16,-1,-1,0
959,T02,T12,16,1,1,12,-1,12,04T02@1,06T12@2,8,16,-1,-1,2
516,OTHER,T20,16,1,10,0,-1,-1,SELLER,00T20@0,0,16,-1,-1,0
332,T02,OTHER,16,1,47,0,-1,-1,10T02@3,BUYER,0,16,-1,-1,4
35,OTHER,T12,16,2,10,0,-1,-1,SELLER,02T12@0,0,16,-1,-1,0
822,T02,T12,16,2,1,7,-1,7,04T02@1,06T12@2,10,16,-1,-1,2
570,T29,OTHER,16,4,47,0,-1,-1,11T29@3,BUYER,0,16,-1,-1,4
11,OTHER,T02,16,2,10,0,-1,-1,SELLER,01T02@0,0,16,-1,-1,0
48,OTHER,T02,17,1,10,0,-1,-1,SELLER,01T02@0,0,17,-1,-1,0
88,OTHER,T02,17,4,10,0,-1,-1,SELLER,01T02@0,0,17,-1,-1,0
291,OTHER,T20,17,1,10,0,-1,-1,SELLER,00T20@0,0,17,-1,-1,0
460,OTHER,T02,17,2,10,0,-1,-1,SELLER,01T02@0,0,17,-1,-1,0
275,T02,OTHER,17,2,47,0,-1,-1,10T02@3,BUYER,0,17,-1,-1,4
285,OTHER,T20,17,2,10,0,-1,-1,SELLER,00T20@0,0,17,-1,-1,0
512,OTHER,T02,17,3,10,0,-1,-1,SELLER,01T02@0,0,17,-1,-1,0
121,T29,OTHER,17,1,47,0,-1,-1,11T29@3,BUYER,0,17,-1,-1,4
8,T29,OTHER,17,1,47,0,-1,-1,11T29@3,BUYER,0,17,-1,-1,4
367,T29,OTHER,17,2,47,0,-1,-1,11T29@3,BUYER,0,17,-1,-1,4
403,T02,OTHER,17,4,47,0,-1,-1,10T02@3,BUYER,0,17,-1,-1,4
206,T29,OTHER,17,2,47,0,-1,-1,11T29@3,BUYER,0,17,-1,-1,4
552,OTHER,T02,17,1,10,0,-1,-1,SELLER,01T02@0,0,17,-1,-1,0
596,T29,OTHER,17,4,47,0,-1,-1,11T29@3,BUYER,0,17,-1,-1,4
547,OTHER,T02,17,1,10,0,-1,-1,SELLER,01T02@0,0,17,-1,-1,0
352,OTHER,T12,17,1,10,0,-1,-1,SELLER,02T12@0,0,17,-1,-1,0
1018,T02,T12,17,1,1,14,-1,14,04T02@1,06T12@2,7,17,-1,-1,2
1013,T02,T12,17,1,1,14,-1,14,04T02@1,07T12@2,7,17,-1,-1,2
304,OTHER,T12,17,2,10,0,-1,-1,SELLER,02T12@0,0,17,-1,-1,0
333,OTHER,T20,17,2,10,0,-1,-1,SELLER,00T20@0,0,17,-1,-1,0
420,OTHER,T20,17,6,10,0,-1,-1,SELLER,00T20@0,0,17,-1,-1,0
945,T02,T12,17,2,1,11,-1,11,04T02@1,06T12@2,9,17,-1,-1,2
932,T02,T12,17,2,1,11,-1,11,04T02@1,06T12@2,9,17,-1,-1,2
500,T02,OTHER,17,3,47,0,-1,-1,10T02@3,BUYER,0,17,-1,-1,4
525,OTHER,T12,17,4,10,0,-1,-1,SELLER,02T12@0,0,17,-1,-1,0
886,T02,T12,17,1,1,9,-1,9,04T02@1,06T12@2,9,17,-1,-1,2
313,T02,OTHER,17,1,47,0,-1,-1,10T02@3,BUYER,0,17,-1,-1,4
896,T12,T02,17,2,40,9,-1,9,02T12@0,04T02@1,2,17,-1,-1,1
119,OTHER,T12,18,2,10,0,-1,-1,SELLER,02T12@0,0,18,-1,-1,0
79,OTHER,T02,18,2,10,0,-1,-1,SELLER,01T02@0,0,18,-1,-1,0
36,T29,OTHER,18,4,47,0,-1,-1,11T29@3,BUYER,0,18,-1,-1,4
77,T02,OTHER,18,2,47,0,-1,-1,10T02@3,BUYER,0,18,-1,-1,4
486,OTHER,T20,18,2,10,0,-1,-1,SELLER,00T20@0,0,18,-1,-1,0
527,T29,OTHER,18,2,47,0,-1,-1,11T29@3,BUYER,0,18,-1,-1,4
220,OTHER,T02,18,2,10,0,-1,-1,SELLER,01T02@0,0,18,-1,-1,0
376,OTHER,T20,18,3,10,0,-1,-1,SELLER,00T20@0,0,18,-1,-1,0
1122,T02,T12,18,1,1,-1,-1,17,04T02@1,06T12@2,9,-1,-1,-1,2
52,T29,OTHER,18,1,47,0,-1,-1,11T29@3,BUYER,0,18,-1,-1,4
258,OTHER,T20,18,2,10,0,-1,-1,SELLER,00T20@0,0,18,-1,-1,0
319,OTHER,T12,18,1,10,0,-1,-1,SELLER,02T12@0,0,18,-1,-1,0
541,OTHER,T02,18,2,10,0,-1,-1,SELLER,01T02@0,0,18,-1,-1,0
5,OTHER,T02,18,2,10,0,-1,-1,SELLER,01T02@0,0,18,-1,-1,0
29,T02,OTHER,18,3,47,0,-1,-1,10T02@3,BUYER,0,18,-1,-1,4
428,OTHER,T12,18,4,10,0,-1,-1,SELLER,02T12@0,0,18,-1,-1,0
955,T12,T02,18,2,40,12,-1,12,02T12@0,04T02@1,2,18,-1,-1,1
958,T02,T12,18,2,1,12,-1,12,04T02@1,06T12@2,9,18,-1,-1,2
17,T29,OTHER,18,3,47,0,-1,-1,11T29@3,BUYER,0,18,-1,-1,4
14,T02,OTHER,18,2,47,0,-1,-1,10T02@3,BUYER,0,18,-1,-1,4
975,T02,T12,18,2,1,12,-1,12,04T02@1,06T12@2,9,18,-1,-1,2
129,T29,OTHER,18,1,47,0,-1,-1,11T29@3,BUYER,0,18,-1,-1,4
918,T02,T12,18,1,1,10,-1,10,04T02@1,06T12@2,9,18,-1,-1,2
603,OTHER,T02,18,3,10,0,-1,-1,SELLER,01T02@0,0,18,-1,-1,0
601,OTHER,T20,18,3,10,0,-1,-1,SELLER,00T20@0,0,18,-1,-1,0
341,T02,OTHER,18,2,47,0,-1,-1,10T02@3,BUYER,0,18,-1,-1,4
336,OTHER,T12,18,2,10,0,-1,-1,SELLER,02T12@0,0,18,-1,-1,0
141,OTHER,T20,19,3,10,0,-1,-1,SELLER,00T20@0,0,19,-1,-1,0
105,T02,OTHER,19,4,47,0,-1,-1,10T02@3,BUYER,0,19,-1,-1,4
145,OTHER,T02,19,3,10,0,-1,-1,SELLER,01T02@0,0,19,-1,-1,0
576,T29,OTHER,19,1,47,0,-1,-1,11T29@3,BUYER,0,19,-1,-1,4
72,OTHER,T12,19,1,10,0,-1,-1,SELLER,02T12@0,0,19,-1,-1,0
205,T29,OTHER,19,2,47,0,-1,-1,11T29@3,BUYER,0,19,-1,-1,4
114,OTHER,T02,19,3,10,0,-1,-1,SELLER,01T02@0,0,19,-1,-1,0
562,OTHER,T20,19,3,10,0,-1,-1,SELLER,00T20@0,0,19,-1,-1,0
239,T02,OTHER,19,3,47,0,-1,-1,10T02@3,BUYER,0,19,-1,-1,4
467,T29,OTHER,19,2,47,0,-1,-1,11T29@3,BUYER,0,19,-1,-1,4
407,OTHER,T02,19,2,10,0,-1,-1,SELLER,01T02@0,0,19,-1,-1,0
450,T29,OTHER,19,2,47,0,-1,-1,11T29@3,BUYER,0,19,-1,-1,4
457,T29,OTHER,19,4,47,0,-1,-1,11T29@3,BUYER,0,19,-1,-1,4
66,OTHER,T02,19,2,10,0,-1,-1,SELLER,01T02@0,0,19,-1,-1,0
436,T02,OTHER,19,1,47,0,-1,-1,10T02@3,BUYER,0,19,-1,-1,4
25,OTHER,T02,19,4,10,0,-1,-1,SELLER,01T02@0,0,19,-1,-1,0
318,OTHER,T20,19,1,10,0,-1,-1,SELLER,00T20@0,0,19,-1,-1,0
1037,T12,T02,19,2,40,15,-1,15,02T12@0,04T02@1,4,19,-1,-1,1
995,T02,T12,19,1,1,13,-1,13,04T02@1,06T12@2,8,19,-1,-1,2
1005,T02,T12,19,1,1,13,-1,13,04T02@1,06T12@2,9,19,-1,-1,2
279,OTHER,T12,19,2,10,0,-1,-1,SELLER,02T12@0,0,19,-1,-1,0
1119,T02,T12,19,1,1,-1,-1,17,04T02@1,06T12@2,7,-1,-1,-1,2
324,T02,OTHER,19,1,47,0,-1,-1,10T02@3,BUYER,0,19,-1,-1,4
45,OTHER,T12,19,3,10,0,-1,-1,SELLER,02T12@0,0,19,-1,-1,0
988,T12,T02,19,1,40,13,-1,13,02T12@0,04T02@1,2,19,-1,-1,1
51,OTHER,T02,19,2,10,0,-1,-1,SELLER,01T02@0,0,19,-1,-1,0
987,T02,T12,19,1,1,13,-1,13,04T02@1,06T12@2,8,19,-1,-1,2
1100,T12,T02,19,1,40,17,-1,17,02T12@0,04T02@1,7,19,-1,-1,1
348,OTHER,T02,19,1,10,0,-1,-1,SELLER,01T02@0,0,19,-1,-1,0
345,OTHER,T12,20,1,10,0,-1,-1,SELLER,02T12@0,0,20,-1,-1,0
542,T02,OTHER,20,2,47,0,-1,-1,10T02@3,BUYER,0,20,-1,-1,4
598,OTHER,T20,20,1,10,0,-1,-1,SELLER,00T20@0,0,20,-1,-1,0
388,OTHER,T12,20,4,10,0,-1,-1,SELLER,02T12@0,0,20,-1,-1,0
586,OTHER,T02,20,3,10,0,-1,-1,SELLER,01T02@0,0,20,-1,-1,0
577,OTHER,T02,20,3,10,0,-1,-1,SELLER,01T02@0,0,20,-1,-1,0
1081,T02,T12,20,1,1,16,-1,16,04T02@1,07T12@2,8,20,-1,-1,2
1090,T02,T12,20,1,1,16,-1,16,04T02@1,06T12@2,8,20,-1,-1,2
1091,T02,T12,20,1,1,16,-1,16,04T02@1,06T12@2,8,20,-1,-1,2
1120,T02,T12,20,2,1,-1,-1,17,04T02@1,07T12@2,8,-1,-1,-1,2
1121,T02,T12,20,2,1,-1,-1,17,04T02@1,06T12@2,8,-1,-1,-1,2
1123,T02,T12,20,2,1,-1,-1,17,04T02@1,07T12@2,8,-1,-1,-1,2
390,OTHER,T12,20,1,10,0,-1,-1,SELLER,02T12@0,0,20,-1,-1,0
142,OTHER,T02,20,2,10,0,-1,-1,SELLER,01T02@0,0,20,-1,-1,0
53,OTHER,T20,20,5,10,0,-1,-1,SELLER,00T20@0,0,20,-1,-1,0
408,T29,OTHER,20,3,47,0,-1,-1,11T29@3,BUYER,0,20,-1,-1,4
27,T02,OTHER,20,2,47,0,-1,-1,10T02@3,BUYER,0,20,-1,-1,4
466,T02,OTHER,20,1,47,0,-1,-1,10T02@3,BUYER,0,20,-1,-1,4
276,OTHER,T20,20,2,10,0,-1,-1,SELLER,00T20@0,0,20,-1,-1,0
74,OTHER,T20,20,1,10,0,-1,-1,SELLER,00T20@0,0,20,-1,-1,0
20,T29,OTHER,20,2,47,0,-1,-1,11T29@3,BUYER,0,20,-1,-1,4
472,T29,OTHER,20,1,47,0,-1,-1,11T29@3,BUYER,0,20,-1,-1,4
298,OTHER,T12,20,3,10,0,-1,-1,SELLER,02T12@0,0,20,-1,-1,0
115,OTHER,T02,20,1,10,0,-1,-1,SELLER,01T02@0,0,20,-1,-1,0
3,T02,OTHER,20,4,47,0,-1,-1,10T02@3,BUYER,0,20,-1,-1,4
904,T12,T02,20,2,40,10,-1,10,02T12@0,04T02@1,2,20,-1,-1,1
917,T12,T02,20,2,40,10,-1,10,02T12@0,04T02@1,2,20,-1,-1,1
503,T29,OTHER,20,3,47,0,-1,-1,11T29@3,BUYER,0,20,-1,-1,4
411,OTHER,T20,20,2,10,0,-1,-1,SELLER,00T20@0,0,20,-1,-1,0
522,T02,OTHER,20,2,47,0,-1,-1,10T02@3,BUYER,0,20,-1,-1,4
22,OTHER,T12,20,1,10,0,-1,-1,SELLER,02T12@0,0,20,-1,-1,0
71,OTHER,T20,21,2,10,0,-1,-1,SELLER,00T20@0,0,21,-1,-1,0
84,OTHER,T20,21,3,10,0,-1,-1,SELLER,00T20@0,0,21,-1,-1,0
194,OTHER,T12,21,2,10,0,-1,-1,SELLER,02T12@0,0,21,-1,-1,0
590,T02,OTHER,21,1,47,0,-1,-1,10T02@3,BUYER,0,21,-1,-1,4
1062,T02,T12,21,2,1,15,-1,15,04T02@1,07T12@2,9,21,-1,-1,2
1059,T12,T02,21,2,40,15,-1,15,02T12@0,04T02@1,2,21,-1,-1,1
985,T12,T02,21,2,40,13,-1,13,02T12@0,04T02@1,2,21,-1,-1,1
1048,T02,T12,21,2,1,15,-1,15,04T02@1,07T12@2,9,21,-1,-1,2
1039,T02,T12,21,2,1,15,-1,15,04T02@1,07T12@2,9,21,-1,-1,2
112,OTHER,T02,21,4,10,0,-1,-1,SELLER,01T02@0,0,21,-1,-1,0
930,T12,T02,21,2,40,11,-1,11,02T12@0,04T02@1,2,21,-1,-1,1
604,T29,OTHER,21,2,47,0,-1,-1,11T29@3,BUYER,0,21,-1,-1,4
93,T29,OTHER,21,5,47,0,-1,-1,11T29@3,BUYER,0,21,-1,-1,4
567,T29,OTHER,21,2,47,0,-1,-1,11T29@3,BUYER,0,21,-1,-1,4
1041,T02,T12,21,2,1,15,-1,15,04T02@1,06T12@2,9,21,-1,-1,2
422,OTHER,T12,21,1,10,0,-1,-1,SELLER,02T12@0,0,21,-1,-1,0
222,OTHER,T20,21,3,10,0,-1,-1,SELLER,00T20@0,0,21,-1,-1,0
227,T29,OTHER,21,3,47,0,-1,-1,11T29@3,BUYER,0,21,-1,-1,4
398,OTHER,T12,21,1,10,0,-1,-1,SELLER,02T12@0,0,21,-1,-1,0
438,OTHER,T12,21,5,10,0,-1,-1,SELLER,02T12@0,0,21,-1,-1,0
399,T29,OTHER,21,2,47,0,-1,-1,11T29@3,BUYER,0,21,-1,-1,4
523,OTHER,T20,21,3,10,0,-1,-1,SELLER,00T20@0,0,21,-1,-1,0
520,OTHER,T20,21,1,10,0,-1,-1,SELLER,00T20@0,0,21,-1,-1,0
371,T02,OTHER,21,2,47,0,-1,-1,10T02@3,BUYER,0,21,-1,-1,4
385,OTHER,T02,21,1,10,0,-1,-1,SELLER,01T02@0,0,21,-1,-1,0
334,OTHER,T02,21,2,10,0,-1,-1,SELLER,01T02@0,0,21,-1,-1,0
535,OTHER,T12,21,2,10,0,-1,-1,SELLER,02T12@0,0,21,-1,-1,0
266,T02,OTHER,21,3,47,0,-1,-1,10T02@3,BUYER,0,21,-1,-1,4
1204,T02,T12,22,1,1,20,-1,20,04T02@1,06T12@2,9,22,-1,-1,2
1236,T02,T12,22,2,1,-1,-1,21,04T02@1,06T12@2,7,-1,-1,-1,2
243,OTHER,T02,22,3,10,0,-1,-1,SELLER,01T02@0,0,22,-1,-1,0
229,OTHER,T12,22,4,10,0,-1,-1,SELLER,02T12@0,0,22,-1,-1,0
1237,T02,T12,22,2,1,-1,-1,21,04T02@1,07T12@2,7,-1,-1,-1,2
373,T02,OTHER,22,2,47,0,-1,-1,10T02@3,BUYER,0,22,-1,-1,4
1070,T12,T02,22,2,40,16,-1,16,02T12@0,04T02@1,2,22,-1,-1,1
1238,T02,T12,22,2,1,-1,-1,21,04T02@1,07T12@2,7,-1,-1,-1,2
149,T29,OTHER,22,1,47,0,-1,-1,11T29@3,BUYER,0,22,-1,-1,4
1239,T02,T12,22,2,1,-1,-1,21,04T02@1,06T12@2,7,-1,-1,-1,2
448,OTHER,T12,22,2,10,0,-1,-1,SELLER,02T12@0,0,22,-1,-1,0
1242,T02,T12,22,2,1,-1,-1,21,04T02@1,07T12@2,7,-1,-1,-1,2
156,T02,OTHER,22,2,47,0,-1,-1,10T02@3,BUYER,0,22,-1,-1,4
375,OTHER,T20,22,6,10,0,-1,-1,SELLER,00T20@0,0,22,-1,-1,0
469,OTHER,T02,22,2,10,0,-1,-1,SELLER,01T02@0,0,22,-1,-1,0
505,OTHER,T20,22,2,10,0,-1,-1,SELLER,00T20@0,0,22,-1,-1,0
481,T29,OTHER,22,3,47,0,-1,-1,11T29@3,BUYER,0,22,-1,-1,4
185,T29,OTHER,22,4,47,0,-1,-1,11T29@3,BUYER,0,22,-1,-1,4
96,OTHER,T20,22,2,10,0,-1,-1,SELLER,00T20@0,0,22,-1,-1,0
349,T02,OTHER,22,2,47,0,-1,-1,10T02@3,BUYER,0,22,-1,-1,4
479,OTHER,T20,22,1,10,0,-1,-1,SELLER,00T20@0,0,22,-1,-1,0
179,OTHER,T12,22,1,10,0,-1,-1,SELLER,02T12@0,0,22,-1,-1,0
401,OTHER,T20,22,1,10,0,-1,-1,SELLER,00T20@0,0,22,-1,-1,0
263,OTHER,T02,22,1,10,0,-1,-1,SELLER,01T02@0,0,22,-1,-1,0
406,OTHER,T02,22,2,10,0,-1,-1,SELLER,01T02@0,0,22,-1,-1,0
342,T29,OTHER,22,1,47,0,-1,-1,11T29@3,BUYER,0,22,-1,-1,4
1016,T12,T02,22,2,40,14,-1,14,02T12@0,04T02@1,2,22,-1,-1,1
256,OTHER,T12,22,1,10,0,-1,-1,SELLER,02T12@0,0,22,-1,-1,0
1023,T12,T02,22,1,40,14,-1,14,02T12@0,04T02@1,8,22,-1,-1,1
508,T29,OTHER,22,1,47,0,-1,-1,11T29@3,BUYER,0,22,-1,-1,4
1030,T02,T12,22,1,1,14,-1,14,04T02@1,07T12@2,9,22,-1,-1,2
164,T02,OTHER,22,4,47,0,-1,-1,10T02@3,BUYER,0,22,-1,-1,4
107,OTHER,T20,22,2,10,0,-1,-1,SELLER,00T20@0,0,22,-1,-1,0
257,OTHER,T02,23,3,10,0,-1,-1,SELLER,01T02@0,0,23,-1,-1,0
60,OTHER,T12,23,1,10,0,-1,-1,SELLER,02T12@0,0,23,-1,-1,0
447,OTHER,T20,23,4,10,0,-1,-1,SELLER,00T20@0,0,23,-1,-1,0
28,T02,OTHER,23,4,47,0,-1,-1,10T02@3,BUYER,0,23,-1,-1,4
296,OTHER,T12,23,5,10,0,-1,-1,SELLER,02T12@0,0,23,-1,-1,0
124,OTHER,T02,23,1,10,0,-1,-1,SELLER,01T02@0,0,23,-1,-1,0
461,OTHER,T20,23,1,10,0,-1,-1,SELLER,00T20@0,0,23,-1,-1,0
251,T29,OTHER,23,2,47,0,-1,-1,11T29@3,BUYER,0,23,-1,-1,4
517,T02,OTHER,23,2,47,0,-1,-1,10T02@3,BUYER,0,23,-1,-1,4
462,T29,OTHER,23,2,47,0,-1,-1,11T29@3,BUYER,0,23,-1,-1,4
1178,T12,T02,23,2,40,19,-1,19,02T12@0,04T02@1,2,23,-1,-1,1
271,OTHER,T12,23,1,10,0,-1,-1,SELLER,02T12@0,0,23,-1,-1,0
1176,T02,T12,23,1,1,19,-1,19,04T02@1,07T12@2,8,23,-1,-1,2
232,OTHER,T12,23,2,10,0,-1,-1,SELLER,02T12@0,0,23,-1,-1,0
146,T29,OTHER,23,3,47,0,-1,-1,11T29@3,BUYER,0,23,-1,-1,4
1139,T02,T12,23,2,1,18,-1,18,04T02@1,07T12@2,9,23,-1,-1,2
353,T29,OTHER,23,2,47,0,-1,-1,11T29@3,BUYER,0,23,-1,-1,4
1073,T12,T02,23,1,40,16,-1,16,02T12@0,04T02@1,9,23,-1,-1,1
1101,T12,T02,23,1,40,17,-1,17,02T12@0,04T02@1,10,23,-1,-1,1
218,OTHER,T02,23,1,10,0,-1,-1,SELLER,01T02@0,0,23,-1,-1,0
204,OTHER,T12,23,1,10,0,-1,-1,SELLER,02T12@0,0,23,-1,-1,0
439,T02,OTHER,23,1,47,0,-1,-1,10T02@3,BUYER,0,23,-1,-1,4
569,OTHER,T20,23,3,10,0,-1,-1,SELLER,00T20@0,0,23,-1,-1,0
1164,T02,T12,23,1,1,19,-1,19,04T02@1,06T12@2,8,23,-1,-1,2
213,OTHER,T02,23,1,10,0,-1,-1,SELLER,01T02@0,0,23,-1,-1,0
217,OTHER,T02,23,4,10,0,-1,-1,SELLER,01T02@0,0,23,-1,-1,0
400,T29,OTHER,23,3,47,0,-1,-1,11T29@3,BUYER,0,23,-1,-1,4
1167,T02,T12,23,1,1,19,-1,19,04T02@1,06T12@2,9,23,-1,-1,2
180,T29,OTHER,23,1,47,0,-1,-1,11T29@3,BUYER,0,23,-1,-1,4
201,OTHER,T02,23,2,10,0,-1,-1,SELLER,01T02@0,0,23,-1,-1,0
161,OTHER,T12,24,1,10,0,-1,-1,SELLER,02T12@0,0,24,-1,-1,0
89,T02,OTHER,24,1,47,0,-1,-1,10T02@3,BUYER,0,24,-1,-1,4
571,OTHER,T12,24,5,10,0,-1,-1,SELLER,02T12@0,0,24,-1,-1,0
109,OTHER,T02,24,1,10,0,-1,-1,SELLER,01T02@0,0,24,-1,-1,0
99,T02,OTHER,24,3,47,0,-1,-1,10T02@3,BUYER,0,24,-1,-1,4
57,OTHER,T12,24,3,10,0,-1,-1,SELLER,02T12@0,0,24,-1,-1,0
427,OTHER,T02,24,4,10,0,-1,-1,SELLER,01T02@0,0,24,-1,-1,0
221,OTHER,T02,24,2,10,0,-1,-1,SELLER,01T02@0,0,24,-1,-1,0
219,OTHER,T20,24,1,10,0,-1,-1,SELLER,00T20@0,0,24,-1,-1,0
1256,T02,T12,24,1,1,22,-1,22,04T02@1,06T12@2,8,24,-1,-1,2
1212,T12,T02,24,1,40,21,-1,21,02T12@0,04T02@1,6,24,-1,-1,1
85,OTHER,T20,24,6,10,0,-1,-1,SELLER,00T20@0,0,24,-1,-1,0
132,T02,OTHER,24,2,47,0,-1,-1,10T02@3,BUYER,0,24,-1,-1,4
510,T02,OTHER,24,3,47,0,-1,-1,10T02@3,BUYER,0,24,-1,-1,4
4,OTHER,T02,24,1,10,0,-1,-1,SELLER,01T02@0,0,24,-1,-1,0
1199,T02,T12,24,1,1,20,-1,20,04T02@1,07T12@2,8,24,-1,-1,2
231,OTHER,T12,24,3,10,0,-1,-1,SELLER,02T12@0,0,24,-1,-1,0
365,T29,OTHER,24,5,47,0,-1,-1,11T29@3,BUYER,0,24,-1,-1,4
187,OTHER,T20,24,2,10,0,-1,-1,SELLER,00T20@0,0,24,-1,-1,0
130,OTHER,T12,24,1,10,0,-1,-1,SELLER,02T12@0,0,24,-1,-1,0
1144,T02,T12,24,1,1,18,-1,18,04T02@1,06T12@2,8,24,-1,-1,2
1136,T02,T12,24,1,1,18,-1,18,04T02@1,07T12@2,8,24,-1,-1,2
1128,T02,T12,24,1,1,18,-1,18,04T02@1,06T12@2,8,24,-1,-1,2
78,T29,OTHER,24,1,47,0,-1,-1,11T29@3,BUYER,0,24,-1,-1,4
92,T29,OTHER,24,1,47,0,-1,-1,11T29@3,BUYER,0,24,-1,-1,4
9,T02,OTHER,24,4,47,0,-1,-1,10T02@3,BUYER,0,24,-1,-1,4
81,T02,OTHER,25,4,47,0,-1,-1,10T02@3,BUYER,0,25,-1,-1,4
499,T29,OTHER,25,4,47,0,-1,-1,11T29@3,BUYER,0,25,-1,-1,4
327,OTHER,T20,25,3,10,0,-1,-1,SELLER,00T20@0,0,25,-1,-1,0
331,OTHER,T02,25,2,10,0,-1,-1,SELLER,01T02@0,0,25,-1,-1,0
1172,T02,T12,25,2,1,19,-1,19,04T02@1,07T12@2,9,25,-1,-1,2
1337,T02,T12,25,2,1,-1,-1,24,04T02@1,07T12@2,7,-1,-1,-1,2
1334,T02,T12,25,2,1,-1,-1,24,04T02@1,06T12@2,7,-1,-1,-1,2
1332,T02,T12,25,2,1,-1,-1,24,04T02@1,06T12@2,7,-1,-1,-1,2
1331,T02,T12,25,2,1,-1,-1,24,04T02@1,06T12@2,7,-1,-1,-1,2
1330,T02,T12,25,2,1,-1,-1,24,04T02@1,07T12@2,7,-1,-1,-1,2
1171,T02,T12,25,2,1,19,-1,19,04T02@1,06T12@2,9,25,-1,-1,2
1044,T12,T02,25,2,40,15,-1,15,02T12@0,04T02@1,3,25,-1,-1,1
286,T02,OTHER,25,2,47,0,-1,-1,10T02@3,BUYER,0,25,-1,-1,4
359,OTHER,T20,25,4,10,0,-1,-1,SELLER,00T20@0,0,25,-1,-1,0
12,OTHER,T02,25,2,10,0,-1,-1,SELLER,01T02@0,0,25,-1,-1,0
302,OTHER,T20,25,2,10,0,-1,-1,SELLER,00T20@0,0,25,-1,-1,0
374,T02,OTHER,25,2,47,0,-1,-1,10T02@3,BUYER,0,25,-1,-1,4
1156,T12,T02,25,2,40,19,-1,19,02T12@0,04T02@1,4,25,-1,-1,1
307,OTHER,T12,25,2,10,0,-1,-1,SELLER,02T12@0,0,25,-1,-1,0
405,OTHER,T20,25,1,10,0,-1,-1,SELLER,00T20@0,0,25,-1,-1,0
1329,T02,T12,25,2,1,-1,-1,24,04T02@1,07T12@2,7,-1,-1,-1,2
199,OTHER,T02,25,4,10,0,-1,-1,SELLER,01T02@0,0,25,-1,-1,0
515,T29,OTHER,25,2,47,0,-1,-1,11T29@3,BUYER,0,25,-1,-1,4
163,T02,OTHER,25,2,47,0,-1,-1,10T02@3,BUYER,0,25,-1,-1,4
196,T02,OTHER,25,1,47,0,-1,-1,10T02@3,BUYER,0,25,-1,-1,4
116,OTHER,T12,25,3,10,0,-1,-1,SELLER,02T12@0,0,25,-1,-1,0
536,OTHER,T02,25,2,10,0,-1,-1,SELLER,01T02@0,0,25,-1,-1,0
155,OTHER,T20,25,2,10,0,-1,-1,SELLER,00T20@0,0,25,-1,-1,0
90,T02,OTHER,25,2,47,0,-1,-1,10T02@3,BUYER,0,25,-1,-1,4
133,OTHER,T12,25,3,10,0,-1,-1,SELLER,02T12@0,0,25,-1,-1,0
214,T29,OTHER,25,1,47,0,-1,-1,11T29@3,BUYER,0,25,-1,-1,4
366,OTHER,T02,26,2,10,0,-1,-1,SELLER,01T02@0,0,26,-1,-1,0
372,T29,OTHER,26,1,47,0,-1,-1,11T29@3,BUYER,0,26,-1,-1,4
153,OTHER,T02,26,5,10,0,-1,-1,SELLER,01T02@0,0,26,-1,-1,0
70,OTHER,T20,26,1,10,0,-1,-1,SELLER,00T20@0,0,26,-1,-1,0
382,OTHER,T20,26,3,10,0,-1,-1,SELLER,00T20@0,0,26,-1,-1,0
253,T02,OTHER,26,4,47,0,-1,-1,10T02@3,BUYER,0,26,-1,-1,4
262,T29,OTHER,26,3,47,0,-1,-1,11T29@3,BUYER,0,26,-1,-1,4
1181,T02,T12,26,1,1,20,-1,20,04T02@1,07T12@2,8,26,-1,-1,2
493,OTHER,T12,26,2,10,0,-1,-1,SELLER,02T12@0,0,26,-1,-1,0
1198,T12,T02,26,2,40,20,-1,20,02T12@0,04T02@1,2,26,-1,-1,1
268,OTHER,T02,26,2,10,0,-1,-1,SELLER,01T02@0,0,26,-1,-1,0
1273,T12,T02,26,1,40,-1,-1,22,02T12@0,04T02@1,2,-1,-1,-1,1
483,OTHER,T02,26,1,10,0,-1,-1,SELLER,01T02@0,0,26,-1,-1,0
1279,T02,T12,26,2,1,23,-1,23,04T02@1,07T12@2,8,26,-1,-1,2
1285,T02,T12,26,2,1,23,-1,23,04T02@1,06T12@2,8,26,-1,-1,2
1291,T02,T12,26,2,1,23,-1,23,04T02@1,07T12@2,8,26,-1,-1,2
480,T02,OTHER,26,2,47,0,-1,-1,10T02@3,BUYER,0,26,-1,-1,4
1304,T02,T12,26,2,1,-1,-1,23,04T02@1,06T12@2,8,-1,-1,-1,2
24,T29,OTHER,26,3,47,0,-1,-1,11T29@3,BUYER,0,26,-1,-1,4
1197,T02,T12,26,1,1,20,-1,20,04T02@1,06T12@2,8,26,-1,-1,2
386,OTHER,T12,26,2,10,0,-1,-1,SELLER,02T12@0,0,26,-1,-1,0
198,T29,OTHER,26,1,47,0,-1,-1,11T29@3,BUYER,0,26,-1,-1,4
172,T29,OTHER,26,3,47,0,-1,-1,11T29@3,BUYER,0,26,-1,-1,4
335,OTHER,T12,26,3,10,0,-1,-1,SELLER,02T12@0,0,26,-1,-1,0
553,OTHER,T12,26,2,10,0,-1,-1,SELLER,02T12@0,0,26,-1,-1,0
175,T29,OTHER,26,1,47,0,-1,-1,11T29@3,BUYER,0,26,-1,-1,4
592,T02,OTHER,26,2,47,0,-1,-1,10T02@3,BUYER,0,26,-1,-1,4
183,OTHER,T20,26,4,10,0,-1,-1,SELLER,00T20@0,0,26,-1,-1,0
595,OTHER,T12,26,2,10,0,-1,-1,SELLER,02T12@0,0,26,-1,-1,0
368,OTHER,T02,26,1,10,0,-1,-1,SELLER,01T02@0,0,26,-1,-1,0
594,OTHER,T12,27,3,10,0,-1,-1,SELLER,02T12@0,0,27,-1,-1,0
589,OTHER,T02,27,3,10,0,-1,-1,SELLER,01T02@0,0,27,-1,-1,0
294,T02,OTHER,27,3,47,0,-1,-1,10T02@3,BUYER,0,27,-1,-1,4
1302,T12,T02,27,2,40,-1,-1,23,02T12@0,04T02@1,3,-1,-1,-1,1
537,T29,OTHER,27,1,47,0,-1,-1,11T29@3,BUYER,0,27,-1,-1,4
131,T29,OTHER,27,3,47,0,-1,-1,11T29@3,BUYER,0,27,-1,-1,4
1226,T12,T02,27,2,40,21,-1,21,02T12@0,04T02@1,2,27,-1,-1,1
1247,T02,T12,27,1,1,22,-1,22,04T02@1,06T12@2,8,27,-1,-1,2
125,OTHER,T12,27,1,10,0,-1,-1,SELLER,02T12@0,0,27,-1,-1,0
1365,T02,T12,27,1,1,-1,-1,25,04T02@1,06T12@2,7,-1,-1,-1,2
1364,T02,T12,27,1,1,-1,-1,25,04T02@1,07T12@2,7,-1,-1,-1,2
1363,T02,T12,27,1,1,-1,-1,25,04T02@1,06T12@2,7,-1,-1,-1,2
1362,T02,T12,27,1,1,-1,-1,25,04T02@1,07T12@2,7,-1,-1,-1,2
1361,T02,T12,27,1,1,-1,-1,25,04T02@1,06T12@2,7,-1,-1,-1,2
299,OTHER,T02,27,2,10,0,-1,-1,SELLER,01T02@0,0,27,-1,-1,0
530,OTHER,T12,27,1,10,0,-1,-1,SELLER,02T12@0,0,27,-1,-1,0
273,OTHER,T02,27,2,10,0,-1,-1,SELLER,01T02@0,0,27,-1,-1,0
484,T02,OTHER,27,1,47,0,-1,-1,10T02@3,BUYER,0,27,-1,-1,4
137,T29,OTHER,27,2,47,0,-1,-1,11T29@3,BUYER,0,27,-1,-1,4
456,OTHER,T20,27,2,10,0,-1,-1,SELLER,00T20@0,0,27,-1,-1,0
432,OTHER,T02,27,2,10,0,-1,-1,SELLER,01T02@0,0,27,-1,-1,0
202,T29,OTHER,27,3,47,0,-1,-1,11T29@3,BUYER,0,27,-1,-1,4
476,OTHER,T02,27,4,10,0,-1,-1,SELLER,01T02@0,0,27,-1,-1,0
475,T02,OTHER,27,3,47,0,-1,-1,10T02@3,BUYER,0,27,-1,-1,4
346,OTHER,T12,27,3,10,0,-1,-1,SELLER,02T12@0,0,27,-1,-1,0
423,T29,OTHER,27,3,47,0,-1,-1,11T29@3,BUYER,0,27,-1,-1,4
425,T29,OTHER,27,1,47,0,-1,-1,11T29@3,BUYER,0,27,-1,-1,4
75,OTHER,T20,27,2,10,0,-1,-1,SELLER,00T20@0,0,27,-1,-1,0
597,OTHER,T20,27,3,10,0,-1,-1,SELLER,00T20@0,0,27,-1,-1,0
429,OTHER,T02,27,2,10,0,-1,-1,SELLER,01T02@0,0,27,-1,-1,0
496,OTHER,T20,28,2,10,0,-1,-1,SELLER,00T20@0,0,28,-1,-1,0
338,T02,OTHER,28,1,47,0,-1,-1,10T02@3,BUYER,0,28,-1,-1,4
289,OTHER,T20,28,2,10,0,-1,-1,SELLER,00T20@0,0,28,-1,-1,0
1269,T02,T12,28,2,1,22,-1,22,04T02@1,06T12@2,9,28,-1,-1,2
15,T02,OTHER,28,3,47,0,-1,-1,10T02@3,BUYER,0,28,-1,-1,4
360,T29,OTHER,28,3,47,0,-1,-1,11T29@3,BUYER,0,28,-1,-1,4
281,T02,OTHER,28,2,47,0,-1,-1,10T02@3,BUYER,0,28,-1,-1,4
610,OTHER,T02,28,3,10,-1,-1,-1,SELLER,01T02@0,0,-1,-1,-1,0
477,T02,OTHER,28,1,47,0,-1,-1,10T02@3,BUYER,0,28,-1,-1,4
612,OTHER,T02,28,4,10,-1,-1,-1,SELLER,01T02@0,0,-1,-1,-1,0
94,T29,OTHER,28,2,47,0,-1,-1,11T29@3,BUYER,0,28,-1,-1,4
1190,T12,T02,28,2,40,20,-1,20,02T12@0,04T02@1,3,28,-1,-1,1
613,OTHER,T02,28,3,10,-1,-1,-1,SELLER,01T02@0,0,-1,-1,-1,0
249,T02,OTHER,28,3,47,0,-1,-1,10T02@3,BUYER,0,28,-1,-1,4
1249,T02,T12,28,2,1,22,-1,22,04T02@1,07T12@2,9,28,-1,-1,2
46,OTHER,T12,28,1,10,0,-1,-1,SELLER,02T12@0,0,28,-1,-1,0
431,OTHER,T12,28,2,10,0,-1,-1,SELLER,02T12@0,0,28,-1,-1,0
1243,T02,T12,28,2,1,22,-1,22,04T02@1,07T12@2,9,28,-1,-1,2
126,T02,OTHER,28,5,47,0,-1,-1,10T02@3,BUYER,0,28,-1,-1,4
507,OTHER,T12,28,4,10,0,-1,-1,SELLER,02T12@0,0,28,-1,-1,0
511,OTHER,T20,28,4,10,0,-1,-1,SELLER,00T20@0,0,28,-1,-1,0
575,OTHER,T12,28,3,10,0,-1,-1,SELLER,02T12@0,0,28,-1,-1,0
254,OTHER,T20,28,2,10,0,-1,-1,SELLER,00T20@0,0,28,-1,-1,0
118,T02,OTHER,29,4,47,0,-1,-1,10T02@3,BUYER,0,29,-1,-1,4
518,OTHER,T20,29,3,10,0,-1,-1,SELLER,00T20@0,0,29,-1,-1,0
233,T29,OTHER,29,1,47,0,-1,-1,11T29@3,BUYER,0,29,-1,-1,4
176,T29,OTHER,29,3,47,0,-1,-1,11T29@3,BUYER,0,29,-1,-1,4
305,OTHER,T12,29,3,10,0,-1,-1,SELLER,02T12@0,0,29,-1,-1,0
1159,T12,T02,29,2,40,19,-1,19,02T12@0,04T02@1,3,29,-1,-1,1
230,T29,OTHER,29,3,47,0,-1,-1,11T29@3,BUYER,0,29,-1,-1,4
1155,T12,T02,29,2,40,19,-1,19,02T12@0,04T02@1,3,29,-1,-1,1
312,T29,OTHER,29,4,47,0,-1,-1,11T29@3,BUYER,0,29,-1,-1,4
617,OTHER,T02,29,1,10,-1,-1,-1,SELLER,01T02@0,0,-1,-1,-1,0
616,OTHER,T02,29,2,10,-1,-1,-1,SELLER,01T02@0,0,-1,-1,-1,0
615,OTHER,T02,29,3,10,-1,-1,-1,SELLER,01T02@0,0,-1,-1,-1,0
614,OTHER,T02,29,2,10,-1,-1,-1,SELLER,01T02@0,0,-1,-1,-1,0
611,OTHER,T02,29,2,10,-1,-1,-1,SELLER,01T02@0,0,-1,-1,-1,0
379,OTHER,T12,29,4,10,0,-1,-1,SELLER,02T12@0,0,29,-1,-1,0
591,T29,OTHER,29,2,47,0,-1,-1,11T29@3,BUYER,0,29,-1,-1,4
548,T02,OTHER,29,2,47,0,-1,-1,10T02@3,BUYER,0,29,-1,-1,4
177,T02,OTHER,29,1,47,0,-1,-1,10T02@3,BUYER,0,29,-1,-1,4
23,OTHER,T12,29,3,10,0,-1,-1,SELLER,02T12@0,0,29,-1,-1,0
1442,T02,T12,29,2,1,-1,-1,28,04T02@1,07T12@2,7,-1,-1,-1,2
487,OTHER,T20,29,2,10,0,-1,-1,SELLER,00T20@0,0,29,-1,-1,0
264,OTHER,T20,29,2,10,0,-1,-1,SELLER,00T20@0,0,29,-1,-1,0
1443,T02,T12,29,2,1,-1,-1,28,04T02@1,06T12@2,7,-1,-1,-1,2
1366,T02,T12,29,1,1,-1,-1,25,04T02@1,07T12@2,9,-1,-1,-1,2
1412,T02,T12,29,1,1,27,-1,27,04T02@1,06T12@2,7,29,-1,-1,2
1444,T02,T12,29,2,1,-1,-1,28,04T02@1,06T12@2,7,-1,-1,-1,2
1441,T02,T12,29,2,1,-1,-1,28,04T02@1,06T12@2,7,-1,-1,-1,2
87,OTHER,T20,29,2,10,0,-1,-1,SELLER,00T20@0,0,29,-1,-1,0
1440,T02,T12,29,2,1,-1,-1,28,04T02@1,07T12@2,7,-1,-1,-1,2
1439,T02,T12,29,2,1,-1,-1,28,04T02@1,07T12@2,7,-1,-1,-1,2
1445,T02,T12,29,2,1,-1,-1,28,04T02@1,07T12@2,7,-1,-1,-1,2
64,OTHER,T12,29,1,10,0,-1,-1,SELLER,02T12@0,0,29,-1,-1,0
649,T02,OTHER,30,1,47,-1,-1,-1,10T02@3,BUYER,0,-1,-1,-1,4
1251,T12,T02,30,1,72,22,-1,22,07T12@2,10T02@3,2,30,-1,-1,3
648,T02,OTHER,30,1,47,-1,-1,-1,10T02@3,BUYER,0,-1,-1,-1,4
624,OTHER,T12,30,3,10,1,-1,-1,SELLER,02T12@0,0,30,-1,-1,0
647,OTHER,T12,30,3,10,1,-1,-1,SELLER,02T12@0,0,30,-1,-1,0
1263,T12,T02,30,1,72,22,-1,22,06T12@2,10T02@3,2,30,-1,-1,3
625,OTHER,T20,30,3,10,1,-1,-1,SELLER,00T20@0,0,30,-1,-1,0
1192,T12,T02,30,1,72,20,-1,20,07T12@2,10T02@3,2,30,-1,-1,3
1371,T02,T12,30,1,1,26,-1,26,04T02@1,07T12@2,9,30,-1,-1,2
644,OTHER,T20,30,2,10,1,-1,-1,SELLER,00T20@0,0,30,-1,-1,0
641,OTHER,T12,30,2,10,1,-1,-1,SELLER,02T12@0,0,30,-1,-1,0
631,OTHER,T12,30,1,10,1,-1,-1,SELLER,02T12@0,0,30,-1,-1,0
1375,T02,T12,30,1,1,26,-1,26,04T02@1,06T12@2,8,30,-1,-1,2
632,OTHER,T02,30,3,10,1,-1,-1,SELLER,01T02@0,0,30,-1,-1,0
633,T29,OTHER,30,2,47,1,-1,-1,11T29@3,BUYER,0,30,-1,-1,4
638,OTHER,T20,30,1,10,1,-1,-1,SELLER,00T20@0,0,30,-1,-1,0
1186,T12,T02,30,1,72,20,-1,20,06T12@2,10T02@3,2,30,-1,-1,3
637,T29,OTHER,30,1,47,1,-1,-1,11T29@3,BUYER,0,30,-1,-1,4
636,T29,OTHER,30,1,47,1,-1,-1,11T29@3,BUYER,0,30,-1,-1,4
634,OTHER,T02,30,3,10,1,-1,-1,SELLER,01T02@0,0,30,-1,-1,0
627,T29,OTHER,30,6,47,1,-1,-1,11T29@3,BUYER,0,30,-1,-1,4
643,OTHER,T12,30,1,10,1,-1,-1,SELLER,02T12@0,0,30,-1,-1,0
665,T02,OTHER,30,1,47,-1,-1,-1,10T02@3,BUYER,0,-1,-1,-1,4
1310,T12,T02,30,1,72,24,-1,24,06T12@2,10T02@3,2,30,-1,-1,3
1482,T02,T12,30,2,1,-1,-1,30,04T02@1,06T12@2,2,-1,-1,-1,2
658,T02,OTHER,30,2,47,-1,-1,-1,10T02@3,BUYER,0,-1,-1,-1,4
621,OTHER,T12,30,5,10,1,-1,-1,SELLER,02T12@0,0,30,-1,-1,0
1481,T02,T12,30,2,1,-1,-1,30,04T02@1,07T12@2,2,-1,-1,-1,2
651,T02,OTHER,30,5,47,-1,-1,-1,10T02@3,BUYER,0,-1,-1,-1,4
1395,T02,T12,30,1,1,26,-1,26,04T02@1,07T12@2,8,30,-1,-1,2
1480,T02,T12,30,2,1,-1,-1,30,04T02@1,06T12@2,2,-1,-1,-1,2
1477,T02,T12,30,2,1,-1,-1,30,04T02@1,07T12@2,2,-1,-1,-1,2
1390,T02,T12,30,1,1,26,-1,26,04T02@1,06T12@2,9,30,-1,-1,2
1476,T02,T12,30,2,1,-1,-1,30,04T02@1,07T12@2,2,-1,-1,-1,2
1352,T12,T02,30,1,40,25,-1,25,02T12@0,04T02@1,10,30,-1,-1,1
1277,T12,T02,30,2,40,-1,-1,22,02T12@0,04T02@1,2,-1,-1,-1,1
619,OTHER,T12,30,3,10,1,-1,-1,SELLER,02T12@0,0,30,-1,-1,0
1478,T02,T12,30,2,1,-1,-1,30,04T02@1,06T12@2,2,-1,-1,-1,2
686,OTHER,T02,31,4,10,2,-1,-1,SELLER,01T02@0,0,31,-1,-1,0
692,T02,OTHER,31,3,47,-1,-1,-1,10T02@3,BUYER,0,-1,-1,-1,4
693,T02,OTHER,31,2,47,-1,-1,-1,10T02@3,BUYER,0,-1,-1,-1,4
694,T02,OTHER,31,3,47,-1,-1,-1,10T02@3,BUYER,0,-1,-1,-1,4
687,OTHER,T02,31,1,10,2,-1,-1,SELLER,01T02@0,0,31,-1,-1,0
1410,T12,T02,31,1,72,27,-1,27,06T12@2,10T02@3,2,31,-1,-1,3
678,T29,OTHER,31,2,47,2,-1,-1,11T29@3,BUYER,0,31,-1,-1,4
683,OTHER,T12,31,1,10,2,-1,-1,SELLER,02T12@0,0,31,-1,-1,0
682,T29,OTHER,31,3,47,2,-1,-1,11T29@3,BUYER,0,31,-1,-1,4
1406,T12,T02,31,1,72,27,-1,27,07T12@2,10T02@3,2,31,-1,-1,3
1404,T02,T12,31,1,1,27,-1,27,04T02@1,06T12@2,9,31,-1,-1,2
1399,T12,T02,31,1,72,-1,-1,26,06T12@2,10T02@3,5,-1,-1,-1,3
679,OTHER,T20,31,1,10,2,-1,-1,SELLER,00T20@0,0,31,-1,-1,0
676,OTHER,T20,31,3,10,2,-1,-1,SELLER,00T20@0,0,31,-1,-1,0
685,OTHER,T20,31,2,10,2,-1,-1,SELLER,00T20@0,0,31,-1,-1,0
677,OTHER,T12,31,4,10,2,-1,-1,SELLER,02T12@0,0,31,-1,-1,0
666,OTHER,T12,31,2,10,2,-1,-1,SELLER,02T12@0,0,31,-1,-1,0
691,OTHER,T12,31,2,10,2,-1,-1,SELLER,02T12@0,0,31,-1,-1,0
675,OTHER,T20,31,3,10,2,-1,-1,SELLER,00T20@0,0,31,-1,-1,0
689,OTHER,T12,31,3,10,2,-1,-1,SELLER,02T12@0,0,31,-1,-1,0
1300,T12,T02,31,1,72,-1,-1,23,06T12@2,10T02@3,2,-1,-1,-1,3
1493,T02,T12,31,2,1,-1,-1,31,04T02@1,07T12@2,2,-1,-1,-1,2
672,T29,OTHER,31,2,47,2,-1,-1,11T29@3,BUYER,0,31,-1,-1,4
1465,T02,T12,31,1,1,29,-1,29,04T02@1,07T12@2,9,31,-1,-1,2
1492,T02,T12,31,2,1,-1,-1,31,04T02@1,07T12@2,2,-1,-1,-1,2
668,OTHER,T20,31,2,10,2,-1,-1,SELLER,00T20@0,0,31,-1,-1,0
673,T29,OTHER,31,2,47,2,-1,-1,11T29@3,BUYER,0,31,-1,-1,4
670,T29,OTHER,31,2,47,2,-1,-1,11T29@3,BUYER,0,31,-1,-1,4
1490,T02,T12,31,2,1,-1,-1,31,04T02@1,06T12@2,2,-1,-1,-1,2
1488,T02,T12,31,2,1,-1,-1,31,04T02@1,06T12@2,2,-1,-1,-1,2
667,OTHER,T20,31,2,10,2,-1,-1,SELLER,00T20@0,0,31,-1,-1,0
1489,T02,T12,31,2,1,-1,-1,31,04T02@1,07T12@2,2,-1,-1,-1,2
674,T29,OTHER,31,1,47,2,-1,-1,11T29@3,BUYER,0,31,-1,-1,4
1224,T12,T02,31,1,72,21,-1,21,07T12@2,10T02@3,2,31,-1,-1,3
1223,T12,T02,31,1,72,21,-1,21,06T12@2,10T02@3,2,31,-1,-1,3
1216,T12,T02,31,2,40,21,-1,21,02T12@0,04T02@1,3,31,-1,-1,1
1215,T12,T02,31,2,40,21,-1,21,02T12@0,04T02@1,3,31,-1,-1,1
719,OTHER,T20,32,3,10,3,-1,-1,SELLER,00T20@0,0,32,-1,-1,0
718,T29,OTHER,32,2,47,3,-1,-1,11T29@3,BUYER,0,32,-1,-1,4
717,OTHER,T20,32,2,10,3,-1,-1,SELLER,00T20@0,0,32,-1,-1,0
716,OTHER,T02,32,1,10,3,-1,-1,SELLER,01T02@0,0,32,-1,-1,0
715,OTHER,T20,32,3,10,3,-1,-1,SELLER,00T20@0,0,32,-1,-1,0
714,T29,OTHER,32,1,47,3,-1,-1,11T29@3,BUYER,0,32,-1,-1,4
713,OTHER,T02,32,4,10,3,-1,-1,SELLER,01T02@0,0,32,-1,-1,0
708,OTHER,T12,32,1,10,3,-1,-1,SELLER,02T12@0,0,32,-1,-1,0
709,OTHER,T12,32,1,10,3,-1,-1,SELLER,02T12@0,0,32,-1,-1,0
697,T29,OTHER,32,4,47,3,-1,-1,11T29@3,BUYER,0,32,-1,-1,4
707,OTHER,T12,32,2,10,3,-1,-1,SELLER,02T12@0,0,32,-1,-1,0
705,OTHER,T20,32,3,10,3,-1,-1,SELLER,00T20@0,0,32,-1,-1,0
721,T02,OTHER,32,2,47,-1,-1,-1,10T02@3,BUYER,0,-1,-1,-1,4
703,T29,OTHER,32,3,47,3,-1,-1,11T29@3,BUYER,0,32,-1,-1,4
702,OTHER,T12,32,1,10,3,-1,-1,SELLER,02T12@0,0,32,-1,-1,0
701,OTHER,T02,32,1,10,3,-1,-1,SELLER,01T02@0,0,32,-1,-1,0
712,OTHER,T20,32,1,10,3,-1,-1,SELLER,00T20@0,0,32,-1,-1,0
722,OTHER,T12,32,7,10,-1,-1,-1,SELLER,02T12@0,0,-1,-1,-1,0
1446,T02,T12,32,2,1,29,-1,29,04T02@1,07T12@2,8,32,-1,-1,2
725,T02,OTHER,32,2,47,-1,-1,-1,10T02@3,BUYER,0,-1,-1,-1,4
726,T02,OTHER,32,2,47,-1,-1,-1,10T02@3,BUYER,0,-1,-1,-1,4
727,T02,OTHER,32,4,47,-1,-1,-1,10T02@3,BUYER,0,-1,-1,-1,4
1373,T12,T02,32,1,40,26,-1,26,02T12@0,04T02@1,10,32,-1,-1,1
1372,T02,T12,32,1,1,26,-1,26,04T02@1,07T12@2,9,32,-1,-1,2
1457,T02,T12,32,2,1,29,-1,29,04T02@1,06T12@2,8,32,-1,-1,2
1250,T12,T02,32,2,72,22,-1,22,07T12@2,10T02@3,2,32,-1,-1,3
1255,T12,T02,32,2,72,22,-1,22,06T12@2,10T02@3,2,32,-1,-1,3
1459,T02,T12,32,2,1,29,-1,29,04T02@1,06T12@2,8,32,-1,-1,2
1394,T02,T12,32,1,1,26,-1,26,04T02@1,07T12@2,8,32,-1,-1,2
1267,T12,T02,32,2,72,22,-1,22,06T12@2,10T02@3,2,32,-1,-1,3
1276,T12,T02,32,2,40,-1,-1,22,02T12@0,04T02@1,3,-1,-1,-1,1
1384,T02,T12,32,1,1,26,-1,26,04T02@1,07T12@2,8,32,-1,-1,2
1466,T02,T12,32,2,1,-1,-1,29,04T02@1,06T12@2,8,-1,-1,-1,2
1452,T12,T02,33,1,72,29,-1,29,07T12@2,10T02@3,2,33,-1,-1,3
1462,T12,T02,33,1,72,29,-1,29,06T12@2,10T02@3,2,33,-1,-1,3
1438,T12,T02,33,1,72,28,-1,28,06T12@2,10T02@3,5,33,-1,-1,3
1422,T12,T02,33,1,40,-1,-1,27,02T12@0,04T02@1,2,-1,-1,-1,1
1303,T12,T02,33,2,72,-1,-1,23,07T12@2,10T02@3,2,-1,-1,-1,3
1344,T12,T02,33,1,72,25,-1,25,06T12@2,10T02@3,2,33,-1,-1,3
1305,T12,T02,33,2,40,-1,-1,23,02T12@0,04T02@1,2,-1,-1,-1,1
1418,T02,T12,33,1,1,27,-1,27,04T02@1,06T12@2,8,33,-1,-1,2
1416,T02,T12,33,1,1,27,-1,27,04T02@1,07T12@2,8,33,-1,-1,2
1505,T02,T12,33,2,1,-1,-1,32,04T02@1,07T12@2,7,-1,-1,-1,2
1504,T02,T12,33,2,1,-1,-1,32,04T02@1,06T12@2,7,-1,-1,-1,2
1407,T12,T02,33,1,72,27,-1,27,06T12@2,10T02@3,2,33,-1,-1,3
1502,T02,T12,33,2,1,-1,-1,32,04T02@1,07T12@2,7,-1,-1,-1,2
1503,T02,T12,33,2,1,-1,-1,32,04T02@1,06T12@2,7,-1,-1,-1,2
1411,T02,T12,33,1,1,27,-1,27,04T02@1,06T12@2,8,33,-1,-1,2
754,T02,OTHER,33,2,47,-1,-1,-1,10T02@3,BUYER,0,-1,-1,-1,4
755,T02,OTHER,33,1,47,-1,-1,-1,10T02@3,BUYER,0,-1,-1,-1,4
753,T02,OTHER,33,1,47,-1,-1,-1,10T02@3,BUYER,0,-1,-1,-1,4
752,T02,OTHER,33,4,47,-1,-1,-1,10T02@3,BUYER,0,-1,-1,-1,4
751,T02,OTHER,33,2,47,-1,-1,-1,10T02@3,BUYER,0,-1,-1,-1,4
750,OTHER,T12,33,6,10,-1,-1,-1,SELLER,02T12@0,0,-1,-1,-1,0
749,OTHER,T20,33,1,10,4,-1,-1,SELLER,00T20@0,0,33,-1,-1,0
748,OTHER,T20,33,3,10,4,-1,-1,SELLER,00T20@0,0,33,-1,-1,0
744,OTHER,T02,33,4,10,4,-1,-1,SELLER,01T02@0,0,33,-1,-1,0
743,OTHER,T20,33,3,10,4,-1,-1,SELLER,00T20@0,0,33,-1,-1,0
741,T29,OTHER,33,2,47,4,-1,-1,11T29@3,BUYER,0,33,-1,-1,4
740,T29,OTHER,33,5,47,4,-1,-1,11T29@3,BUYER,0,33,-1,-1,4
739,T29,OTHER,33,1,47,4,-1,-1,11T29@3,BUYER,0,33,-1,-1,4
742,OTHER,T12,33,1,10,4,-1,-1,SELLER,02T12@0,0,33,-1,-1,0
735,OTHER,T12,33,2,10,4,-1,-1,SELLER,02T12@0,0,33,-1,-1,0
734,OTHER,T02,33,2,10,4,-1,-1,SELLER,01T02@0,0,33,-1,-1,0
729,T29,OTHER,33,2,47,4,-1,-1,11T29@3,BUYER,0,33,-1,-1,4
730,OTHER,T20,33,4,10,4,-1,-1,SELLER,00T20@0,0,33,-1,-1,0
731,OTHER,T20,33,2,10,4,-1,-1,SELLER,00T20@0,0,33,-1,-1,0
733,OTHER,T02,33,1,10,4,-1,-1,SELLER,01T02@0,0,33,-1,-1,0
732,OTHER,T02,33,1,10,4,-1,-1,SELLER,01T02@0,0,33,-1,-1,0
788,T02,OTHER,34,3,47,-1,-1,-1,10T02@3,BUYER,0,-1,-1,-1,4
768,OTHER,T20,34,4,10,5,-1,-1,SELLER,00T20@0,0,34,-1,-1,0
1512,T02,T12,34,1,1,33,-1,33,04T02@1,06T12@2,6,34,-1,-1,2
769,OTHER,T12,34,1,10,5,-1,-1,SELLER,02T12@0,0,34,-1,-1,0
770,T29,OTHER,34,3,47,5,-1,-1,11T29@3,BUYER,0,34,-1,-1,4
789,T02,OTHER,34,1,47,-1,-1,-1,10T02@3,BUYER,0,-1,-1,-1,4
785,T02,OTHER,34,3,47,-1,-1,-1,10T02@3,BUYER,0,-1,-1,-1,4
1320,T12,T02,34,2,72,24,-1,24,07T12@2,10T02@3,2,34,-1,-1,3
783,T29,OTHER,34,3,47,5,-1,-1,11T29@3,BUYER,0,34,-1,-1,4
780,OTHER,T12,34,2,10,5,-1,-1,SELLER,02T12@0,0,34,-1,-1,0
771,OTHER,T20,34,2,10,5,-1,-1,SELLER,00T20@0,0,34,-1,-1,0
1326,T12,T02,34,2,72,24,-1,24,06T12@2,10T02@3,2,34,-1,-1,3
772,OTHER,T12,34,2,10,5,-1,-1,SELLER,02T12@0,0,34,-1,-1,0
773,T29,OTHER,34,2,47,5,-1,-1,11T29@3,BUYER,0,34,-1,-1,4
764,OTHER,T12,34,3,10,5,-1,-1,SELLER,02T12@0,0,34,-1,-1,0
774,OTHER,T12,34,2,10,5,-1,-1,SELLER,02T12@0,0,34,-1,-1,0
776,T29,OTHER,34,1,47,5,-1,-1,11T29@3,BUYER,0,34,-1,-1,4
778,OTHER,T02,34,2,10,5,-1,-1,SELLER,01T02@0,0,34,-1,-1,0
1460,T12,T02,34,2,72,29,-1,29,06T12@2,10T02@3,6,34,-1,-1,3
1513,T02,T12,34,1,1,33,-1,33,04T02@1,06T12@2,6,34,-1,-1,2
1450,T12,T02,34,2,72,29,-1,29,07T12@2,10T02@3,6,34,-1,-1,3
763,OTHER,T12,34,2,10,5,-1,-1,SELLER,02T12@0,0,34,-1,-1,0
1529,T02,T12,34,2,1,-1,-1,34,04T02@1,07T12@2,2,-1,-1,-1,2
1528,T02,T12,34,2,1,-1,-1,34,04T02@1,07T12@2,2,-1,-1,-1,2
1527,T02,T12,34,2,1,-1,-1,34,04T02@1,07T12@2,2,-1,-1,-1,2
1526,T02,T12,34,2,1,-1,-1,34,04T02@1,06T12@2,2,-1,-1,-1,2
1397,T12,T02,34,2,72,-1,-1,26,06T12@2,10T02@3,3,-1,-1,-1,3
1525,T02,T12,34,2,1,-1,-1,34,04T02@1,06T12@2,2,-1,-1,-1,2
1523,T02,T12,34,2,1,-1,-1,34,04T02@1,07T12@2,2,-1,-1,-1,2
1524,T02,T12,34,2,1,-1,-1,34,04T02@1,07T12@2,2,-1,-1,-1,2
786,T02,OTHER,34,2,47,-1,-1,-1,10T02@3,BUYER,0,-1,-1,-1,4
760,OTHER,T02,34,3,10,5,-1,-1,SELLER,01T02@0,0,34,-1,-1,0
1514,T02,T12,34,1,1,33,-1,33,04T02@1,06T12@2,6,34,-1,-1,2
761,OTHER,T02,34,4,10,5,-1,-1,SELLER,01T02@0,0,34,-1,-1,0
762,OTHER,T20,34,3,10,5,-1,-1,SELLER,00T20@0,0,34,-1,-1,0
787,T02,OTHER,34,2,47,-1,-1,-1,10T02@3,BUYER,0,-1,-1,-1,4
800,OTHER,T20,35,3,10,6,-1,-1,SELLER,00T20@0,0,35,-1,-1,0
807,OTHER,T20,35,3,10,6,-1,-1,SELLER,00T20@0,0,35,-1,-1,0
799,OTHER,T02,35,4,10,6,-1,-1,SELLER,01T02@0,0,35,-1,-1,0
802,OTHER,T12,35,3,10,6,-1,-1,SELLER,02T12@0,0,35,-1,-1,0
798,OTHER,T02,35,3,10,6,-1,-1,SELLER,01T02@0,0,35,-1,-1,0
801,OTHER,T12,35,2,10,6,-1,-1,SELLER,02T12@0,0,35,-1,-1,0
810,T29,OTHER,35,1,47,6,-1,-1,11T29@3,BUYER,0,35,-1,-1,4
812,OTHER,T20,35,1,10,6,-1,-1,SELLER,00T20@0,0,35,-1,-1,0
796,OTHER,T02,35,2,10,6,-1,-1,SELLER,01T02@0,0,35,-1,-1,0
808,OTHER,T12,35,2,10,6,-1,-1,SELLER,02T12@0,0,35,-1,-1,0
791,T29,OTHER,35,2,47,6,-1,-1,11T29@3,BUYER,0,35,-1,-1,4
815,OTHER,T12,35,3,10,6,-1,-1,SELLER,02T12@0,0,35,-1,-1,0
817,T02,OTHER,35,3,47,-1,-1,-1,10T02@3,BUYER,0,-1,-1,-1,4
818,T02,OTHER,35,2,47,-1,-1,-1,10T02@3,BUYER,0,-1,-1,-1,4
819,T02,OTHER,35,1,47,-1,-1,-1,10T02@3,BUYER,0,-1,-1,-1,4
1508,T02,T12,35,1,1,33,-1,33,04T02@1,06T12@2,8,35,-1,-1,2
820,T02,OTHER,35,5,47,-1,-1,-1,10T02@3,BUYER,0,-1,-1,-1,4
795,OTHER,T12,35,2,10,6,-1,-1,SELLER,02T12@0,0,35,-1,-1,0
1542,T02,T12,35,2,1,-1,-1,35,04T02@1,06T12@2,2,-1,-1,-1,2
1541,T02,T12,35,2,1,-1,-1,35,04T02@1,07T12@2,2,-1,-1,-1,2
1540,T02,T12,35,2,1,-1,-1,35,04T02@1,06T12@2,2,-1,-1,-1,2
1539,T02,T12,35,2,1,-1,-1,35,04T02@1,06T12@2,2,-1,-1,-1,2
1538,T02,T12,35,2,1,-1,-1,35,04T02@1,07T12@2,2,-1,-1,-1,2
814,T29,OTHER,35,2,47,6,-1,-1,11T29@3,BUYER,0,35,-1,-1,4
1486,T12,T02,35,2,72,31,-1,31,06T12@2,10T02@3,4,35,-1,-1,3
1537,T02,T12,35,2,1,-1,-1,35,04T02@1,06T12@2,2,-1,-1,-1,2
793,T29,OTHER,35,4,47,6,-1,-1,11T29@3,BUYER,0,35,-1,-1,4
792,OTHER,T20,35,2,10,6,-1,-1,SELLER,00T20@0,0,35,-1,-1,0
1415,T12,T02,35,2,72,27,-1,27,06T12@2,10T02@3,3,35,-1,-1,3
1484,T12,T02,35,2,72,31,-1,31,07T12@2,10T02@3,4,35,-1,-1,3
1347,T12,T02,35,2,72,25,-1,25,07T12@2,10T02@3,2,35,-1,-1,3
1359,T12,T02,35,2,72,25,-1,25,06T12@2,10T02@3,2,35,-1,-1,3
1348,T12,T02,35,2,72,25,-1,25,07T12@2,10T02@3,2,35,-1,-1,3
1414,T12,T02,35,2,72,27,-1,27,07T12@2,10T02@3,3,35,-1,-1,3
821,OTHER,T12,36,1,10,7,-1,-1,SELLER,02T12@0,0,36,-1,-1,0
1551,T02,T12,36,2,1,-1,-1,36,04T02@1,06T12@2,2,-1,-1,-1,2
1392,T12,T02,36,2,72,26,-1,26,07T12@2,10T02@3,2,36,-1,-1,3
1550,T02,T12,36,2,1,-1,-1,36,04T02@1,06T12@2,2,-1,-1,-1,2
850,T02,OTHER,36,1,47,-1,-1,-1,10T02@3,BUYER,0,-1,-1,-1,4
830,OTHER,T02,36,1,10,7,-1,-1,SELLER,01T02@0,0,36,-1,-1,0
825,OTHER,T20,36,1,10,7,-1,-1,SELLER,00T20@0,0,36,-1,-1,0
827,OTHER,T12,36,5,10,7,-1,-1,SELLER,02T12@0,0,36,-1,-1,0
828,T29,OTHER,36,1,47,7,-1,-1,11T29@3,BUYER,0,36,-1,-1,4
848,OTHER,T20,36,3,10,7,-1,-1,SELLER,00T20@0,0,36,-1,-1,0
1388,T12,T02,36,2,72,26,-1,26,07T12@2,10T02@3,2,36,-1,-1,3
847,OTHER,T02,36,1,10,7,-1,-1,SELLER,01T02@0,0,36,-1,-1,0
842,T29,OTHER,36,1,47,7,-1,-1,11T29@3,BUYER,0,36,-1,-1,4
841,OTHER,T02,36,4,10,7,-1,-1,SELLER,01T02@0,0,36,-1,-1,0
849,T02,OTHER,36,2,47,-1,-1,-1,10T02@3,BUYER,0,-1,-1,-1,4
1396,T12,T02,36,2,72,-1,-1,26,06T12@2,10T02@3,2,-1,-1,-1,3
851,T02,OTHER,36,4,47,-1,-1,-1,10T02@3,BUYER,0,-1,-1,-1,4
829,OTHER,T12,36,2,10,7,-1,-1,SELLER,02T12@0,0,36,-1,-1,0
836,OTHER,T12,36,2,10,7,-1,-1,SELLER,02T12@0,0,36,-1,-1,0
1554,T02,T12,36,2,1,-1,-1,36,04T02@1,06T12@2,2,-1,-1,-1,2
835,OTHER,T12,36,2,10,7,-1,-1,SELLER,02T12@0,0,36,-1,-1,0
837,OTHER,T12,36,2,10,7,-1,-1,SELLER,02T12@0,0,36,-1,-1,0
834,T29,OTHER,36,6,47,7,-1,-1,11T29@3,BUYER,0,36,-1,-1,4
838,OTHER,T02,36,3,10,7,-1,-1,SELLER,01T02@0,0,36,-1,-1,0
1398,T12,T02,36,2,72,-1,-1,26,06T12@2,10T02@3,2,-1,-1,-1,3
832,OTHER,T02,36,1,10,7,-1,-1,SELLER,01T02@0,0,36,-1,-1,0
1491,T12,T02,36,1,40,-1,-1,31,02T12@0,04T02@1,10,-1,-1,-1,1
853,T02,OTHER,36,1,47,-1,-1,-1,10T02@3,BUYER,0,-1,-1,-1,4
1553,T02,T12,36,2,1,-1,-1,36,04T02@1,07T12@2,2,-1,-1,-1,2
1552,T02,T12,36,2,1,-1,-1,36,04T02@1,07T12@2,2,-1,-1,-1,2
852,T02,OTHER,36,4,47,-1,-1,-1,10T02@3,BUYER,0,-1,-1,-1,4
1501,T12,T02,36,1,72,32,-1,32,07T12@2,10T02@3,2,36,-1,-1,3
831,OTHER,T02,36,2,10,7,-1,-1,SELLER,01T02@0,0,36,-1,-1,0
1436,T12,T02,36,2,72,28,-1,28,06T12@2,10T02@3,2,36,-1,-1,3
880,T02,OTHER,37,1,47,-1,-1,-1,10T02@3,BUYER,0,-1,-1,-1,4
874,OTHER,T20,37,1,10,8,-1,-1,SELLER,00T20@0,0,37,-1,-1,0
881,T02,OTHER,37,2,47,-1,-1,-1,10T02@3,BUYER,0,-1,-1,-1,4
877,T02,OTHER,37,2,47,-1,-1,-1,10T02@3,BUYER,0,-1,-1,-1,4
873,OTHER,T02,37,2,10,8,-1,-1,SELLER,01T02@0,0,37,-1,-1,0
1558,T02,T12,37,2,1,-1,-1,37,04T02@1,06T12@2,2,-1,-1,-1,2
871,OTHER,T02,37,3,10,8,-1,-1,SELLER,01T02@0,0,37,-1,-1,0
1559,T02,T12,37,2,1,-1,-1,37,04T02@1,06T12@2,2,-1,-1,-1,2
1560,T02,T12,37,2,1,-1,-1,37,04T02@1,07T12@2,2,-1,-1,-1,2
1561,T02,T12,37,2,1,-1,-1,37,04T02@1,07T12@2,2,-1,-1,-1,2
1562,T02,T12,37,2,1,-1,-1,37,04T02@1,06T12@2,2,-1,-1,-1,2
856,OTHER,T12,37,2,10,8,-1,-1,SELLER,02T12@0,0,37,-1,-1,0
858,T29,OTHER,37,3,47,8,-1,-1,11T29@3,BUYER,0,37,-1,-1,4
859,OTHER,T02,37,3,10,8,-1,-1,SELLER,01T02@0,0,37,-1,-1,0
872,T29,OTHER,37,3,47,8,-1,-1,11T29@3,BUYER,0,37,-1,-1,4
855,OTHER,T12,37,4,10,8,-1,-1,SELLER,02T12@0,0,37,-1,-1,0
860,OTHER,T20,37,2,10,8,-1,-1,SELLER,00T20@0,0,37,-1,-1,0
862,T29,OTHER,37,3,47,8,-1,-1,11T29@3,BUYER,0,37,-1,-1,4
863,OTHER,T02,37,2,10,8,-1,-1,SELLER,01T02@0,0,37,-1,-1,0
864,OTHER,T12,37,1,10,8,-1,-1,SELLER,02T12@0,0,37,-1,-1,0
866,OTHER,T20,37,4,10,8,-1,-1,SELLER,00T20@0,0,37,-1,-1,0
867,T29,OTHER,37,1,47,8,-1,-1,11T29@3,BUYER,0,37,-1,-1,4
869,OTHER,T12,37,2,10,8,-1,-1,SELLER,02T12@0,0,37,-1,-1,0
854,OTHER,T20,37,2,10,8,-1,-1,SELLER,00T20@0,0,37,-1,-1,0
868,OTHER,T20,37,2,10,8,-1,-1,SELLER,00T20@0,0,37,-1,-1,0
878,T02,OTHER,37,2,47,-1,-1,-1,10T02@3,BUYER,0,-1,-1,-1,4
1483,T12,T02,37,2,72,31,-1,31,06T12@2,10T02@3,3,37,-1,-1,3
1461,T12,T02,37,2,72,29,-1,29,06T12@2,10T02@3,2,37,-1,-1,3
879,T02,OTHER,37,3,47,-1,-1,-1,10T02@3,BUYER,0,-1,-1,-1,4
1426,T12,T02,37,2,40,-1,-1,27,02T12@0,04T02@1,2,-1,-1,-1,1
1506,T12,T02,37,2,72,33,-1,33,06T12@2,10T02@3,4,37,-1,-1,3
1417,T12,T02,37,2,72,27,-1,27,06T12@2,10T02@3,2,37,-1,-1,3
1408,T12,T02,37,2,72,27,-1,27,07T12@2,10T02@3,2,37,-1,-1,3
1423,T12,T02,37,2,40,-1,-1,27,02T12@0,04T02@1,2,-1,-1,-1,1
894,OTHER,T20,38,5,10,9,-1,-1,SELLER,00T20@0,0,38,-1,-1,0
893,OTHER,T12,38,1,10,9,-1,-1,SELLER,02T12@0,0,38,-1,-1,0
892,OTHER,T02,38,2,10,9,-1,-1,SELLER,01T02@0,0,38,-1,-1,0
1479,T12,T02,38,2,72,-1,-1,30,06T12@2,10T02@3,2,-1,-1,-1,3
890,T29,OTHER,38,3,47,9,-1,-1,11T29@3,BUYER,0,38,-1,-1,4
1570,T02,T12,38,2,1,-1,-1,38,04T02@1,07T12@2,2,-1,-1,-1,2
1571,T12,T02,38,1,72,-1,-1,38,07T12@2,10T02@3,9,-1,-1,-1,3
889,OTHER,T12,38,3,10,9,-1,-1,SELLER,02T12@0,0,38,-1,-1,0
891,T29,OTHER,38,1,47,9,-1,-1,11T29@3,BUYER,0,38,-1,-1,4
901,T02,OTHER,38,2,47,-1,-1,-1,10T02@3,BUYER,0,-1,-1,-1,4
895,OTHER,T20,38,1,10,9,-1,-1,SELLER,00T20@0,0,38,-1,-1,0
888,OTHER,T02,38,4,10,9,-1,-1,SELLER,01T02@0,0,38,-1,-1,0
887,OTHER,T12,38,5,10,9,-1,-1,SELLER,02T12@0,0,38,-1,-1,0
1574,T02,T12,38,2,1,-1,-1,38,04T02@1,06T12@2,2,-1,-1,-1,2
1575,T02,T12,38,2,1,-1,-1,38,04T02@1,07T12@2,2,-1,-1,-1,2
885,T29,OTHER,38,1,47,9,-1,-1,11T29@3,BUYER,0,38,-1,-1,4
884,OTHER,T12,38,2,10,9,-1,-1,SELLER,02T12@0,0,38,-1,-1,0
883,OTHER,T02,38,2,10,9,-1,-1,SELLER,01T02@0,0,38,-1,-1,0
882,OTHER,T12,38,1,10,9,-1,-1,SELLER,02T12@0,0,38,-1,-1,0
1427,T12,T02,38,1,72,28,-1,28,07T12@2,10T02@3,3,38,-1,-1,3
1572,T02,T12,38,2,1,-1,-1,38,04T02@1,06T12@2,2,-1,-1,-1,2
1573,T02,T12,38,2,1,-1,-1,38,04T02@1,07T12@2,2,-1,-1,-1,2
1569,T02,T12,38,2,1,-1,-1,38,04T02@1,06T12@2,2,-1,-1,-1,2
1515,T12,T02,38,2,72,34,-1,34,06T12@2,10T02@3,2,38,-1,-1,3
900,T02,OTHER,38,1,47,-1,-1,-1,10T02@3,BUYER,0,-1,-1,-1,4
1495,T12,T02,38,2,72,32,-1,32,06T12@2,10T02@3,2,38,-1,-1,3
899,T29,OTHER,38,6,47,9,-1,-1,11T29@3,BUYER,0,38,-1,-1,4
902,T02,OTHER,38,4,47,-1,-1,-1,10T02@3,BUYER,0,-1,-1,-1,4
903,T02,OTHER,38,2,47,-1,-1,-1,10T02@3,BUYER,0,-1,-1,-1,4
898,OTHER,T02,38,1,10,9,-1,-1,SELLER,01T02@0,0,38,-1,-1,0
897,OTHER,T20,38,3,10,9,-1,-1,SELLER,00T20@0,0,38,-1,-1,0
1498,T12,T02,38,2,72,32,-1,32,07T12@2,10T02@3,2,38,-1,-1,3
925,T02,OTHER,39,1,47,-1,-1,-1,10T02@3,BUYER,0,-1,-1,-1,4
926,T02,OTHER,39,3,47,-1,-1,-1,10T02@3,BUYER,0,-1,-1,-1,4
927,T02,OTHER,39,2,47,-1,-1,-1,10T02@3,BUYER,0,-1,-1,-1,4
1585,T12,T02,39,1,72,-1,-1,39,06T12@2,10T02@3,9,-1,-1,-1,3
1586,T02,T12,39,2,1,-1,-1,39,04T02@1,07T12@2,2,-1,-1,-1,2
1587,T02,T12,39,2,1,-1,-1,39,04T02@1,07T12@2,2,-1,-1,-1,2
915,OTHER,T02,39,2,10,10,-1,-1,SELLER,01T02@0,0,39,-1,-1,0
916,OTHER,T12,39,2,10,10,-1,-1,SELLER,02T12@0,0,39,-1,-1,0
1589,T12,T02,39,1,72,-1,-1,39,07T12@2,10T02@3,9,-1,-1,-1,3
1451,T12,T02,39,2,72,29,-1,29,06T12@2,10T02@3,3,39,-1,-1,3
1590,T02,T12,39,2,1,-1,-1,39,04T02@1,06T12@2,2,-1,-1,-1,2
1591,T02,T12,39,2,1,-1,-1,39,04T02@1,06T12@2,2,-1,-1,-1,2
1448,T12,T02,39,2,72,29,-1,29,06T12@2,10T02@3,3,39,-1,-1,3
1521,T12,T02,39,1,40,34,-1,34,02T12@0,04T02@1,10,39,-1,-1,1
1588,T12,T02,39,1,72,-1,-1,39,06T12@2,10T02@3,9,-1,-1,-1,3
928,T02,OTHER,39,4,47,-1,-1,-1,10T02@3,BUYER,0,-1,-1,-1,4
1584,T02,T12,39,2,1,-1,-1,39,04T02@1,06T12@2,2,-1,-1,-1,2
924,T02,OTHER,39,1,47,-1,-1,-1,10T02@3,BUYER,0,-1,-1,-1,4
921,OTHER,T02,39,1,10,10,-1,-1,SELLER,01T02@0,0,39,-1,-1,0
912,T29,OTHER,39,2,47,10,-1,-1,11T29@3,BUYER,0,39,-1,-1,4
922,OTHER,T20,39,2,10,10,-1,-1,SELLER,00T20@0,0,39,-1,-1,0
1583,T02,T12,39,2,1,-1,-1,39,04T02@1,07T12@2,2,-1,-1,-1,2
913,OTHER,T20,39,3,10,10,-1,-1,SELLER,00T20@0,0,39,-1,-1,0
914,T29,OTHER,39,2,47,10,-1,-1,11T29@3,BUYER,0,39,-1,-1,4
920,OTHER,T02,39,3,10,10,-1,-1,SELLER,01T02@0,0,39,-1,-1,0
919,OTHER,T12,39,4,10,10,-1,-1,SELLER,02T12@0,0,39,-1,-1,0
910,OTHER,T02,39,3,10,10,-1,-1,SELLER,01T02@0,0,39,-1,-1,0
923,T02,OTHER,39,3,47,-1,-1,-1,10T02@3,BUYER,0,-1,-1,-1,4
909,OTHER,T12,39,1,10,10,-1,-1,SELLER,02T12@0,0,39,-1,-1,0
908,OTHER,T20,39,3,10,10,-1,-1,SELLER,00T20@0,0,39,-1,-1,0
907,T29,OTHER,39,2,47,10,-1,-1,11T29@3,BUYER,0,39,-1,-1,4
905,OTHER,T12,39,3,10,10,-1,-1,SELLER,02T12@0,0,39,-1,-1,0
1547,T12,T02,39,2,72,36,-1,36,07T12@2,10T02@3,6,39,-1,-1,3
911,OTHER,T20,39,3,10,10,-1,-1,SELLER,00T20@0,0,39,-1,-1,0
1601,T02,T12,40,2,1,-1,-1,40,04T02@1,06T12@2,2,-1,-1,-1,2
1600,T02,T12,40,2,1,-1,-1,40,04T02@1,07T12@2,2,-1,-1,-1,2
937,T29,OTHER,40,3,47,11,-1,-1,11T29@3,BUYER,0,40,-1,-1,4
1520,T12,T02,40,2,72,34,-1,34,06T12@2,10T02@3,4,40,-1,-1,3
1533,T12,T02,40,1,40,35,-1,35,02T12@0,04T02@1,10,40,-1,-1,1
1472,T12,T02,40,2,72,30,-1,30,07T12@2,10T02@3,3,40,-1,-1,3
1544,T12,T02,40,2,40,36,-1,36,02T12@0,04T02@1,2,40,-1,-1,1
1516,T12,T02,40,2,72,34,-1,34,07T12@2,10T02@3,4,40,-1,-1,3
1496,T12,T02,40,2,72,32,-1,32,07T12@2,10T02@3,4,40,-1,-1,3
938,OTHER,T20,40,2,10,11,-1,-1,SELLER,00T20@0,0,40,-1,-1,0
1602,T12,T02,40,1,72,-1,-1,40,07T12@2,10T02@3,9,-1,-1,-1,3
931,OTHER,T12,40,3,10,11,-1,-1,SELLER,02T12@0,0,40,-1,-1,0
953,T02,OTHER,40,1,47,-1,-1,-1,10T02@3,BUYER,0,-1,-1,-1,4
929,OTHER,T12,40,2,10,11,-1,-1,SELLER,02T12@0,0,40,-1,-1,0
954,T02,OTHER,40,4,47,-1,-1,-1,10T02@3,BUYER,0,-1,-1,-1,4
951,T02,OTHER,40,2,47,-1,-1,-1,10T02@3,BUYER,0,-1,-1,-1,4
933,T29,OTHER,40,2,47,11,-1,-1,11T29@3,BUYER,0,40,-1,-1,4
950,T02,OTHER,40,2,47,-1,-1,-1,10T02@3,BUYER,0,-1,-1,-1,4
935,T29,OTHER,40,3,47,11,-1,-1,11T29@3,BUYER,0,40,-1,-1,4
949,T02,OTHER,40,1,47,-1,-1,-1,10T02@3,BUYER,0,-1,-1,-1,4
1603,T02,T12,40,2,1,-1,-1,40,04T02@1,07T12@2,2,-1,-1,-1,2
947,OTHER,T02,40,4,10,11,-1,-1,SELLER,01T02@0,0,40,-1,-1,0
948,OTHER,T02,40,3,10,11,-1,-1,SELLER,01T02@0,0,40,-1,-1,0
936,OTHER,T20,40,2,10,11,-1,-1,SELLER,00T20@0,0,40,-1,-1,0
944,OTHER,T02,40,1,10,11,-1,-1,SELLER,01T02@0,0,40,-1,-1,0
943,OTHER,T02,40,2,10,11,-1,-1,SELLER,01T02@0,0,40,-1,-1,0
942,OTHER,T12,40,2,10,11,-1,-1,SELLER,02T12@0,0,40,-1,-1,0
941,OTHER,T20,40,4,10,11,-1,-1,SELLER,00T20@0,0,40,-1,-1,0
940,OTHER,T20,40,2,10,11,-1,-1,SELLER,00T20@0,0,40,-1,-1,0
939,OTHER,T12,40,1,10,11,-1,-1,SELLER,02T12@0,0,40,-1,-1,0
946,OTHER,T12,40,2,10,11,-1,-1,SELLER,02T12@0,0,40,-1,-1,0
952,T02,OTHER,40,2,47,-1,-1,-1,10T02@3,BUYER,0,-1,-1,-1,4
963,OTHER,T02,41,1,10,12,-1,-1,SELLER,01T02@0,0,41,-1,-1,0
962,T29,OTHER,41,2,47,12,-1,-1,11T29@3,BUYER,0,41,-1,-1,4
964,OTHER,T20,41,4,10,12,-1,-1,SELLER,00T20@0,0,41,-1,-1,0
1566,T12,T02,41,2,72,38,-1,38,07T12@2,10T02@3,6,41,-1,-1,3
961,T29,OTHER,41,2,47,12,-1,-1,11T29@3,BUYER,0,41,-1,-1,4
960,OTHER,T12,41,4,10,12,-1,-1,SELLER,02T12@0,0,41,-1,-1,0
956,OTHER,T12,41,2,10,12,-1,-1,SELLER,02T12@0,0,41,-1,-1,0
979,T02,OTHER,41,1,47,-1,-1,-1,10T02@3,BUYER,0,-1,-1,-1,4
966,OTHER,T02,41,3,10,12,-1,-1,SELLER,01T02@0,0,41,-1,-1,0
967,OTHER,T12,41,2,10,12,-1,-1,SELLER,02T12@0,0,41,-1,-1,0
968,OTHER,T12,41,2,10,12,-1,-1,SELLER,02T12@0,0,41,-1,-1,0
970,T29,OTHER,41,1,47,12,-1,-1,11T29@3,BUYER,0,41,-1,-1,4
971,T29,OTHER,41,3,47,12,-1,-1,11T29@3,BUYER,0,41,-1,-1,4
972,OTHER,T02,41,3,10,12,-1,-1,SELLER,01T02@0,0,41,-1,-1,0
973,OTHER,T20,41,1,10,12,-1,-1,SELLER,00T20@0,0,41,-1,-1,0
974,OTHER,T20,41,1,10,12,-1,-1,SELLER,00T20@0,0,41,-1,-1,0
978,T02,OTHER,41,1,47,-1,-1,-1,10T02@3,BUYER,0,-1,-1,-1,4
977,T02,OTHER,41,4,47,-1,-1,-1,10T02@3,BUYER,0,-1,-1,-1,4
965,OTHER,T12,41,1,10,12,-1,-1,SELLER,02T12@0,0,41,-1,-1,0
969,OTHER,T02,41,1,10,12,-1,-1,SELLER,01T02@0,0,41,-1,-1,0
1485,T12,T02,41,2,72,31,-1,31,06T12@2,10T02@3,2,41,-1,-1,3
980,T02,OTHER,41,2,47,-1,-1,-1,10T02@3,BUYER,0,-1,-1,-1,4
1608,T12,T02,41,1,72,-1,-1,41,06T12@2,10T02@3,9,-1,-1,-1,3
1610,T02,T12,41,2,1,-1,-1,41,04T02@1,06T12@2,2,-1,-1,-1,2
1612,T02,T12,41,2,1,-1,-1,41,04T02@1,06T12@2,2,-1,-1,-1,2
1616,T02,T12,41,2,1,-1,-1,41,04T02@1,07T12@2,2,-1,-1,-1,2
1617,T02,T12,41,2,1,-1,-1,41,04T02@1,06T12@2,2,-1,-1,-1,2
1620,T02,T12,41,2,1,-1,-1,41,04T02@1,07T12@2,2,-1,-1,-1,2
1511,T12,T02,41,2,72,33,-1,33,06T12@2,10T02@3,3,41,-1,-1,3
957,OTHER,T02,41,2,10,12,-1,-1,SELLER,01T02@0,0,41,-1,-1,0
976,OTHER,T12,41,3,10,12,-1,-1,SELLER,02T12@0,0,41,-1,-1,0
1487,T12,T02,41,2,72,31,-1,31,07T12@2,10T02@3,2,41,-1,-1,3
1534,T12,T02,41,2,72,35,-1,35,07T12@2,10T02@3,3,41,-1,-1,3
981,T02,OTHER,41,4,47,-1,-1,-1,10T02@3,BUYER,0,-1,-1,-1,4
999,T29,OTHER,42,1,47,13,-1,-1,11T29@3,BUYER,0,42,-1,-1,4
1001,OTHER,T20,42,1,10,13,-1,-1,SELLER,00T20@0,0,42,-1,-1,0
1002,OTHER,T12,42,3,10,13,-1,-1,SELLER,02T12@0,0,42,-1,-1,0
1003,T29,OTHER,42,2,47,13,-1,-1,11T29@3,BUYER,0,42,-1,-1,4
1543,T12,T02,42,2,72,36,-1,36,06T12@2,10T02@3,2,42,-1,-1,3
1000,OTHER,T20,42,4,10,13,-1,-1,SELLER,00T20@0,0,42,-1,-1,0
1546,T12,T02,42,2,40,36,-1,36,02T12@0,04T02@1,3,42,-1,-1,1
989,T29,OTHER,42,2,47,13,-1,-1,11T29@3,BUYER,0,42,-1,-1,4
1007,OTHER,T02,42,1,10,13,-1,-1,SELLER,01T02@0,0,42,-1,-1,0
1008,T02,OTHER,42,1,47,-1,-1,-1,10T02@3,BUYER,0,-1,-1,-1,4
998,OTHER,T12,42,1,10,13,-1,-1,SELLER,02T12@0,0,42,-1,-1,0
1009,T02,OTHER,42,3,47,-1,-1,-1,10T02@3,BUYER,0,-1,-1,-1,4
1010,T02,OTHER,42,1,47,-1,-1,-1,10T02@3,BUYER,0,-1,-1,-1,4
1011,T02,OTHER,42,3,47,-1,-1,-1,10T02@3,BUYER,0,-1,-1,-1,4
1494,T12,T02,42,2,72,32,-1,32,06T12@2,10T02@3,3,42,-1,-1,3
1517,T12,T02,42,2,72,34,-1,34,07T12@2,10T02@3,5,42,-1,-1,3
1497,T12,T02,42,2,72,32,-1,32,06T12@2,10T02@3,3,42,-1,-1,3
1499,T12,T02,42,2,72,32,-1,32,07T12@2,10T02@3,3,42,-1,-1,3
1500,T12,T02,42,2,72,32,-1,32,07T12@2,10T02@3,3,42,-1,-1,3
1004,OTHER,T02,42,4,10,13,-1,-1,SELLER,01T02@0,0,42,-1,-1,0
997,T29,OTHER,42,3,47,13,-1,-1,11T29@3,BUYER,0,42,-1,-1,4
983,T29,OTHER,42,1,47,13,-1,-1,11T29@3,BUYER,0,42,-1,-1,4
994,T29,OTHER,42,3,47,13,-1,-1,11T29@3,BUYER,0,42,-1,-1,4
1633,T02,T12,42,2,1,-1,-1,42,04T02@1,06T12@2,2,-1,-1,-1,2
1634,T02,T12,42,2,1,-1,-1,42,04T02@1,07T12@2,2,-1,-1,-1,2
1631,T02,T12,42,2,1,-1,-1,42,04T02@1,07T12@2,2,-1,-1,-1,2
1629,T02,T12,42,2,1,-1,-1,42,04T02@1,06T12@2,2,-1,-1,-1,2
1628,T02,T12,42,2,1,-1,-1,42,04T02@1,06T12@2,2,-1,-1,-1,2
1636,T02,T12,42,2,1,-1,-1,42,04T02@1,06T12@2,2,-1,-1,-1,2
1637,T12,T02,42,1,72,-1,-1,42,07T12@2,10T02@3,8,-1,-1,-1,3
1627,T02,T12,42,2,1,-1,-1,42,04T02@1,07T12@2,2,-1,-1,-1,2
996,OTHER,T20,42,3,10,13,-1,-1,SELLER,00T20@0,0,42,-1,-1,0
993,OTHER,T12,42,2,10,13,-1,-1,SELLER,02T12@0,0,42,-1,-1,0
984,OTHER,T12,42,3,10,13,-1,-1,SELLER,02T12@0,0,42,-1,-1,0
986,OTHER,T12,42,2,10,13,-1,-1,SELLER,02T12@0,0,42,-1,-1,0
990,OTHER,T20,42,3,10,13,-1,-1,SELLER,00T20@0,0,42,-1,-1,0
991,OTHER,T02,42,1,10,13,-1,-1,SELLER,01T02@0,0,42,-1,-1,0
992,OTHER,T02,42,2,10,13,-1,-1,SELLER,01T02@0,0,42,-1,-1,0
1028,T29,OTHER,43,1,47,14,-1,-1,11T29@3,BUYER,0,43,-1,-1,4
1029,OTHER,T20,43,4,10,14,-1,-1,SELLER,00T20@0,0,43,-1,-1,0
1031,T02,OTHER,43,3,47,-1,-1,-1,10T02@3,BUYER,0,-1,-1,-1,4
1032,T02,OTHER,43,1,47,-1,-1,-1,10T02@3,BUYER,0,-1,-1,-1,4
1622,T12,T02,43,1,72,42,-1,42,06T12@2,10T02@3,9,43,-1,-1,3
1034,T02,OTHER,43,5,47,-1,-1,-1,10T02@3,BUYER,0,-1,-1,-1,4
1510,T12,T02,43,2,72,33,-1,33,07T12@2,10T02@3,2,43,-1,-1,3
1027,OTHER,T12,43,3,10,14,-1,-1,SELLER,02T12@0,0,43,-1,-1,0
1625,T12,T02,43,1,72,42,-1,42,07T12@2,10T02@3,9,43,-1,-1,3
1509,T12,T02,43,2,72,33,-1,33,06T12@2,10T02@3,2,43,-1,-1,3
1623,T12,T02,43,1,72,42,-1,42,06T12@2,10T02@3,9,43,-1,-1,3
1033,T02,OTHER,43,2,47,-1,-1,-1,10T02@3,BUYER,0,-1,-1,-1,4
1035,T02,OTHER,43,2,47,-1,-1,-1,10T02@3,BUYER,0,-1,-1,-1,4
1025,T29,OTHER,43,2,47,14,-1,-1,11T29@3,BUYER,0,43,-1,-1,4
1024,OTHER,T20,43,2,10,14,-1,-1,SELLER,00T20@0,0,43,-1,-1,0
1556,T12,T02,43,1,72,37,-1,37,06T12@2,10T02@3,6,43,-1,-1,3
1557,T12,T02,43,2,72,37,-1,37,06T12@2,10T02@3,2,43,-1,-1,3
1564,T12,T02,43,1,72,38,-1,38,06T12@2,10T02@3,9,43,-1,-1,3
1576,T12,T02,43,2,40,39,-1,39,02T12@0,04T02@1,2,43,-1,-1,1
1012,OTHER,T12,43,3,10,14,-1,-1,SELLER,02T12@0,0,43,-1,-1,0
1026,OTHER,T02,43,2,10,14,-1,-1,SELLER,01T02@0,0,43,-1,-1,0
1536,T12,T02,43,2,40,35,-1,35,02T12@0,04T02@1,2,43,-1,-1,1
1014,OTHER,T20,43,3,10,14,-1,-1,SELLER,00T20@0,0,43,-1,-1,0
1507,T12,T02,43,2,72,33,-1,33,07T12@2,10T02@3,2,43,-1,-1,3
1021,OTHER,T02,43,5,10,14,-1,-1,SELLER,01T02@0,0,43,-1,-1,0
1015,OTHER,T12,43,2,10,14,-1,-1,SELLER,02T12@0,0,43,-1,-1,0
1017,T29,OTHER,43,4,47,14,-1,-1,11T29@3,BUYER,0,43,-1,-1,4
1577,T12,T02,43,2,72,39,-1,39,06T12@2,10T02@3,2,43,-1,-1,3
1019,OTHER,T02,43,2,10,14,-1,-1,SELLER,01T02@0,0,43,-1,-1,0
1020,OTHER,T20,43,1,10,14,-1,-1,SELLER,00T20@0,0,43,-1,-1,0
1531,T12,T02,43,2,72,35,-1,35,06T12@2,10T02@3,2,43,-1,-1,3
1022,OTHER,T12,43,3,10,14,-1,-1,SELLER,02T12@0,0,43,-1,-1,0
1050,OTHER,T20,44,1,10,15,-1,-1,SELLER,00T20@0,0,44,-1,-1,0
1049,T29,OTHER,44,2,47,15,-1,-1,11T29@3,BUYER,0,44,-1,-1,4
1047,T02,OTHER,44,3,47,15,-1,-1,10T02@3,BUYER,0,44,-1,-1,4
1046,OTHER,T12,44,2,10,15,-1,-1,SELLER,02T12@0,0,44,-1,-1,0
1038,OTHER,T12,44,2,10,15,-1,-1,SELLER,02T12@0,0,44,-1,-1,0
1043,T29,OTHER,44,1,47,15,-1,-1,11T29@3,BUYER,0,44,-1,-1,4
1036,OTHER,T02,44,1,10,15,-1,-1,SELLER,01T02@0,0,44,-1,-1,0
1042,T29,OTHER,44,2,47,15,-1,-1,11T29@3,BUYER,0,44,-1,-1,4
1045,OTHER,T20,44,3,10,15,-1,-1,SELLER,00T20@0,0,44,-1,-1,0
1040,OTHER,T20,44,4,10,15,-1,-1,SELLER,00T20@0,0,44,-1,-1,0
1518,T12,T02,44,2,72,34,-1,34,06T12@2,10T02@3,3,44,-1,-1,3
1053,OTHER,T12,44,4,10,15,-1,-1,SELLER,02T12@0,0,44,-1,-1,0
1597,T12,T02,44,2,72,40,-1,40,06T12@2,10T02@3,7,44,-1,-1,3
1596,T12,T02,44,2,40,40,-1,40,02T12@0,04T02@1,2,44,-1,-1,1
1545,T12,T02,44,2,72,36,-1,36,06T12@2,10T02@3,3,44,-1,-1,3
1595,T12,T02,44,2,72,40,-1,40,07T12@2,10T02@3,7,44,-1,-1,3
1592,T12,T02,44,2,72,40,-1,40,07T12@2,10T02@3,7,44,-1,-1,3
1548,T12,T02,44,1,40,36,-1,36,02T12@0,04T02@1,8,44,-1,-1,1
1599,T12,T02,44,2,72,40,-1,40,06T12@2,10T02@3,7,44,-1,-1,3
1051,T29,OTHER,44,1,47,15,-1,-1,11T29@3,BUYER,0,44,-1,-1,4
1580,T12,T02,44,2,72,39,-1,39,06T12@2,10T02@3,6,44,-1,-1,3
1650,T02,T12,44,2,1,-1,-1,44,04T02@1,07T12@2,2,-1,-1,-1,2
1651,T02,T12,44,2,1,-1,-1,44,04T02@1,06T12@2,2,-1,-1,-1,2
1655,T02,T12,44,2,1,-1,-1,44,04T02@1,07T12@2,2,-1,-1,-1,2
1654,T02,T12,44,2,1,-1,-1,44,04T02@1,07T12@2,2,-1,-1,-1,2
1567,T12,T02,44,2,40,38,-1,38,02T12@0,04T02@1,3,44,-1,-1,1
1549,T12,T02,44,2,72,36,-1,36,07T12@2,10T02@3,3,44,-1,-1,3
1653,T02,T12,44,2,1,-1,-1,44,04T02@1,06T12@2,2,-1,-1,-1,2
1652,T02,T12,44,2,1,-1,-1,44,04T02@1,07T12@2,2,-1,-1,-1,2
1519,T12,T02,44,2,72,34,-1,34,07T12@2,10T02@3,3,44,-1,-1,3
1054,OTHER,T02,44,2,10,15,-1,-1,SELLER,01T02@0,0,44,-1,-1,0
1055,OTHER,T02,44,2,10,15,-1,-1,SELLER,01T02@0,0,44,-1,-1,0
1056,OTHER,T12,44,1,10,15,-1,-1,SELLER,02T12@0,0,44,-1,-1,0
1522,T12,T02,44,2,72,34,-1,34,06T12@2,10T02@3,3,44,-1,-1,3
1057,T02,OTHER,44,2,47,15,-1,-1,10T02@3,BUYER,0,44,-1,-1,4
1058,T29,OTHER,44,5,47,15,-1,-1,11T29@3,BUYER,0,44,-1,-1,4
1065,T02,OTHER,44,4,47,-1,-1,-1,10T02@3,BUYER,0,-1,-1,-1,4
1064,OTHER,T20,44,1,10,15,-1,-1,SELLER,00T20@0,0,44,-1,-1,0
1063,OTHER,T02,44,3,10,15,-1,-1,SELLER,01T02@0,0,44,-1,-1,0
1061,OTHER,T20,44,1,10,15,-1,-1,SELLER,00T20@0,0,44,-1,-1,0
1060,OTHER,T12,44,3,10,15,-1,-1,SELLER,02T12@0,0,44,-1,-1,0
1594,T12,T02,45,1,72,40,-1,40,07T12@2,10T02@3,9,45,-1,-1,3
1614,T12,T02,45,1,72,-1,-1,41,06T12@2,10T02@3,6,-1,-1,-1,3
1615,T12,T02,45,1,72,-1,-1,41,06T12@2,10T02@3,7,-1,-1,-1,3
1072,T29,OTHER,45,2,47,16,-1,-1,11T29@3,BUYER,0,45,-1,-1,4
1071,T29,OTHER,45,1,47,16,-1,-1,11T29@3,BUYER,0,45,-1,-1,4
1578,T12,T02,45,1,72,39,-1,39,07T12@2,10T02@3,9,45,-1,-1,3
1635,T12,T02,45,2,72,-1,-1,42,07T12@2,10T02@3,6,-1,-1,-1,3
1641,T02,T12,45,1,1,43,-1,43,04T02@1,06T12@2,9,45,-1,-1,2
1644,T02,T12,45,1,1,43,-1,43,04T02@1,06T12@2,6,45,-1,-1,2
1555,T12,T02,45,2,40,37,-1,37,02T12@0,04T02@1,2,45,-1,-1,1
1661,T02,T12,45,1,1,-1,-1,45,04T02@1,06T12@2,9,-1,-1,-1,2
1619,T12,T02,45,1,72,-1,-1,41,07T12@2,10T02@3,7,-1,-1,-1,3
1579,T12,T02,45,1,72,39,-1,39,06T12@2,10T02@3,9,45,-1,-1,3
1066,T29,OTHER,45,1,47,16,-1,-1,11T29@3,BUYER,0,45,-1,-1,4
1068,T02,OTHER,45,2,47,16,-1,-1,10T02@3,BUYER,0,45,-1,-1,4
1074,OTHER,T02,45,2,10,16,-1,-1,SELLER,01T02@0,0,45,-1,-1,0
1075,OTHER,T02,45,2,10,16,-1,-1,SELLER,01T02@0,0,45,-1,-1,0
1076,T29,OTHER,45,4,47,16,-1,-1,11T29@3,BUYER,0,45,-1,-1,4
1077,T02,OTHER,45,2,47,16,-1,-1,10T02@3,BUYER,0,45,-1,-1,4
1078,T29,OTHER,45,2,47,16,-1,-1,11T29@3,BUYER,0,45,-1,-1,4
1079,OTHER,T20,45,1,10,16,-1,-1,SELLER,00T20@0,0,45,-1,-1,0
1080,OTHER,T12,45,1,10,16,-1,-1,SELLER,02T12@0,0,45,-1,-1,0
1082,OTHER,T12,45,2,10,16,-1,-1,SELLER,02T12@0,0,45,-1,-1,0
1530,T12,T02,45,2,72,35,-1,35,07T12@2,10T02@3,4,45,-1,-1,3
1067,T29,OTHER,45,2,47,16,-1,-1,11T29@3,BUYER,0,45,-1,-1,4
1532,T12,T02,45,2,72,35,-1,35,06T12@2,10T02@3,4,45,-1,-1,3
1083,T02,OTHER,45,2,47,16,-1,-1,10T02@3,BUYER,0,45,-1,-1,4
1085,OTHER,T12,45,5,10,16,-1,-1,SELLER,02T12@0,0,45,-1,-1,0
1535,T12,T02,45,2,72,35,-1,35,06T12@2,10T02@3,4,45,-1,-1,3
1086,OTHER,T12,45,2,10,16,-1,-1,SELLER,02T12@0,0,45,-1,-1,0
1087,OTHER,T02,45,2,10,16,-1,-1,SELLER,01T02@0,0,45,-1,-1,0
1088,OTHER,T20,45,5,10,16,-1,-1,SELLER,00T20@0,0,45,-1,-1,0
1069,OTHER,T12,45,2,10,16,-1,-1,SELLER,02T12@0,0,45,-1,-1,0
1092,OTHER,T02,45,2,10,16,-1,-1,SELLER,01T02@0,0,45,-1,-1,0
1609,T12,T02,45,1,72,-1,-1,41,07T12@2,10T02@3,6,-1,-1,-1,3
1611,T12,T02,45,2,72,-1,-1,41,06T12@2,10T02@3,2,-1,-1,-1,3
1084,OTHER,T02,45,4,10,16,-1,-1,SELLER,01T02@0,0,45,-1,-1,0
1089,T02,OTHER,45,2,47,16,-1,-1,10T02@3,BUYER,0,45,-1,-1,4
1624,T12,T02,46,2,40,42,-1,42,02T12@0,04T02@1,3,46,-1,-1,1
1646,T12,T02,46,1,72,-1,-1,43,06T12@2,10T02@3,5,-1,-1,-1,3
1568,T12,T02,46,2,72,38,-1,38,07T12@2,10T02@3,2,46,-1,-1,3
1598,T12,T02,46,2,40,40,-1,40,02T12@0,04T02@1,3,46,-1,-1,1
1565,T12,T02,46,2,40,38,-1,38,02T12@0,04T02@1,2,46,-1,-1,1
1105,T02,OTHER,46,2,47,17,-1,-1,10T02@3,BUYER,0,46,-1,-1,4
1108,T29,OTHER,46,2,47,17,-1,-1,11T29@3,BUYER,0,46,-1,-1,4
1097,T29,OTHER,46,3,47,17,-1,-1,11T29@3,BUYER,0,46,-1,-1,4
1098,T02,OTHER,46,2,47,17,-1,-1,10T02@3,BUYER,0,46,-1,-1,4
1099,OTHER,T12,46,1,10,17,-1,-1,SELLER,02T12@0,0,46,-1,-1,0
1102,OTHER,T02,46,4,10,17,-1,-1,SELLER,01T02@0,0,46,-1,-1,0
1103,T02,OTHER,46,3,47,17,-1,-1,10T02@3,BUYER,0,46,-1,-1,4
1104,OTHER,T12,46,2,10,17,-1,-1,SELLER,02T12@0,0,46,-1,-1,0
1106,T29,OTHER,46,1,47,17,-1,-1,11T29@3,BUYER,0,46,-1,-1,4
1107,OTHER,T20,46,4,10,17,-1,-1,SELLER,00T20@0,0,46,-1,-1,0
1563,T12,T02,46,2,72,38,-1,38,06T12@2,10T02@3,2,46,-1,-1,3
1109,OTHER,T12,46,3,10,17,-1,-1,SELLER,02T12@0,0,46,-1,-1,0
1110,OTHER,T12,46,2,10,17,-1,-1,SELLER,02T12@0,0,46,-1,-1,0
1111,OTHER,T20,46,2,10,17,-1,-1,SELLER,00T20@0,0,46,-1,-1,0
1112,OTHER,T20,46,2,10,17,-1,-1,SELLER,00T20@0,0,46,-1,-1,0
1094,T29,OTHER,46,4,47,17,-1,-1,11T29@3,BUYER,0,46,-1,-1,4
1113,OTHER,T02,46,1,10,17,-1,-1,SELLER,01T02@0,0,46,-1,-1,0
1093,OTHER,T20,46,1,10,17,-1,-1,SELLER,00T20@0,0,46,-1,-1,0
1114,OTHER,T20,46,1,10,17,-1,-1,SELLER,00T20@0,0,46,-1,-1,0
1115,OTHER,T12,46,2,10,17,-1,-1,SELLER,02T12@0,0,46,-1,-1,0
1116,OTHER,T02,46,2,10,17,-1,-1,SELLER,01T02@0,0,46,-1,-1,0
1117,OTHER,T02,46,1,10,17,-1,-1,SELLER,01T02@0,0,46,-1,-1,0
1118,OTHER,T12,46,2,10,17,-1,-1,SELLER,02T12@0,0,46,-1,-1,0
1096,T29,OTHER,46,1,47,17,-1,-1,11T29@3,BUYER,0,46,-1,-1,4
1095,T02,OTHER,46,2,47,17,-1,-1,10T02@3,BUYER,0,46,-1,-1,4
1662,T02,T12,47,2,1,46,-1,46,04T02@1,07T12@2,7,47,-1,-1,2
1643,T02,T12,47,2,1,43,-1,43,04T02@1,07T12@2,8,47,-1,-1,2
1639,T02,T12,47,2,1,43,-1,43,04T02@1,06T12@2,8,47,-1,-1,2
1607,T12,T02,47,2,40,41,-1,41,02T12@0,04T02@1,2,47,-1,-1,1
1140,OTHER,T02,47,4,10,18,-1,-1,SELLER,01T02@0,0,47,-1,-1,0
1126,OTHER,T12,47,1,10,18,-1,-1,SELLER,02T12@0,0,47,-1,-1,0
1125,T02,OTHER,47,1,47,18,-1,-1,10T02@3,BUYER,0,47,-1,-1,4
1124,T02,OTHER,47,2,47,18,-1,-1,10T02@3,BUYER,0,47,-1,-1,4
1150,OTHER,T12,47,1,10,18,-1,-1,SELLER,02T12@0,0,47,-1,-1,0
1149,T29,OTHER,47,1,47,18,-1,-1,11T29@3,BUYER,0,47,-1,-1,4
1148,T02,OTHER,47,1,47,18,-1,-1,10T02@3,BUYER,0,47,-1,-1,4
1147,OTHER,T02,47,2,10,18,-1,-1,SELLER,01T02@0,0,47,-1,-1,0
1146,T29,OTHER,47,4,47,18,-1,-1,11T29@3,BUYER,0,47,-1,-1,4
1145,T02,OTHER,47,3,47,18,-1,-1,10T02@3,BUYER,0,47,-1,-1,4
1143,T02,OTHER,47,2,47,18,-1,-1,10T02@3,BUYER,0,47,-1,-1,4
1142,OTHER,T20,47,2,10,18,-1,-1,SELLER,00T20@0,0,47,-1,-1,0
1127,OTHER,T20,47,3,10,18,-1,-1,SELLER,00T20@0,0,47,-1,-1,0
1138,OTHER,T20,47,3,10,18,-1,-1,SELLER,00T20@0,0,47,-1,-1,0
1137,T29,OTHER,47,1,47,18,-1,-1,11T29@3,BUYER,0,47,-1,-1,4
1135,T02,OTHER,47,3,47,18,-1,-1,10T02@3,BUYER,0,47,-1,-1,4
1129,OTHER,T02,47,1,10,18,-1,-1,SELLER,01T02@0,0,47,-1,-1,0
1134,OTHER,T02,47,1,10,18,-1,-1,SELLER,01T02@0,0,47,-1,-1,0
1133,OTHER,T02,47,3,10,18,-1,-1,SELLER,01T02@0,0,47,-1,-1,0
1132,T02,OTHER,47,2,47,18,-1,-1,10T02@3,BUYER,0,47,-1,-1,4
1131,OTHER,T20,47,1,10,18,-1,-1,SELLER,00T20@0,0,47,-1,-1,0
1130,OTHER,T12,47,5,10,18,-1,-1,SELLER,02T12@0,0,47,-1,-1,0
1141,OTHER,T12,47,3,10,18,-1,-1,SELLER,02T12@0,0,47,-1,-1,0
1170,T02,OTHER,48,3,47,19,-1,-1,10T02@3,BUYER,0,48,-1,-1,4
1605,T12,T02,48,2,40,41,-1,41,02T12@0,04T02@1,7,48,-1,-1,1
1173,OTHER,T20,48,3,10,19,-1,-1,SELLER,00T20@0,0,48,-1,-1,0
1174,OTHER,T02,48,3,10,19,-1,-1,SELLER,01T02@0,0,48,-1,-1,0
1175,T29,OTHER,48,1,47,19,-1,-1,11T29@3,BUYER,0,48,-1,-1,4
1656,T02,T12,48,1,1,45,-1,45,04T02@1,06T12@2,7,48,-1,-1,2
1179,OTHER,T12,48,4,10,19,-1,-1,SELLER,02T12@0,0,48,-1,-1,0
1180,T02,OTHER,48,2,47,-1,-1,-1,10T02@3,BUYER,0,-1,-1,-1,4
1169,T02,OTHER,48,3,47,19,-1,-1,10T02@3,BUYER,0,48,-1,-1,4
1660,T02,T12,48,2,1,45,-1,45,04T02@1,06T12@2,8,48,-1,-1,2
1177,OTHER,T12,48,1,10,19,-1,-1,SELLER,02T12@0,0,48,-1,-1,0
1659,T02,T12,48,2,1,45,-1,45,04T02@1,07T12@2,8,48,-1,-1,2
1168,OTHER,T02,48,4,10,19,-1,-1,SELLER,01T02@0,0,48,-1,-1,0
1165,T02,OTHER,48,1,47,19,-1,-1,10T02@3,BUYER,0,48,-1,-1,4
1163,OTHER,T02,48,2,10,19,-1,-1,SELLER,01T02@0,0,48,-1,-1,0
1162,OTHER,T20,48,2,10,19,-1,-1,SELLER,00T20@0,0,48,-1,-1,0
1161,T29,OTHER,48,2,47,19,-1,-1,11T29@3,BUYER,0,48,-1,-1,4
1160,OTHER,T20,48,2,10,19,-1,-1,SELLER,00T20@0,0,48,-1,-1,0
1151,T02,OTHER,48,1,47,19,-1,-1,10T02@3,BUYER,0,48,-1,-1,4
1158,OTHER,T20,48,1,10,19,-1,-1,SELLER,00T20@0,0,48,-1,-1,0
1157,OTHER,T20,48,5,10,19,-1,-1,SELLER,00T20@0,0,48,-1,-1,0
1154,T29,OTHER,48,3,47,19,-1,-1,11T29@3,BUYER,0,48,-1,-1,4
1153,OTHER,T20,48,1,10,19,-1,-1,SELLER,00T20@0,0,48,-1,-1,0
1166,OTHER,T20,48,2,10,19,-1,-1,SELLER,00T20@0,0,48,-1,-1,0
1152,T29,OTHER,48,4,47,19,-1,-1,11T29@3,BUYER,0,48,-1,-1,4
1210,T02,OTHER,49,5,47,-1,-1,-1,10T02@3,BUYER,0,-1,-1,-1,4
1209,OTHER,T12,49,1,10,-1,-1,-1,SELLER,02T12@0,0,-1,-1,-1,0
1200,T29,OTHER,49,1,47,20,-1,-1,11T29@3,BUYER,0,49,-1,-1,4
1201,T02,OTHER,49,1,47,20,-1,-1,10T02@3,BUYER,0,49,-1,-1,4
1205,OTHER,T20,49,2,10,20,-1,-1,SELLER,00T20@0,0,49,-1,-1,0
1581,T12,T02,49,2,40,39,-1,39,02T12@0,04T02@1,3,49,-1,-1,1
1202,T02,OTHER,49,3,47,20,-1,-1,10T02@3,BUYER,0,49,-1,-1,4
1203,OTHER,T02,49,1,10,20,-1,-1,SELLER,01T02@0,0,49,-1,-1,0
1206,OTHER,T12,49,3,10,-1,-1,-1,SELLER,02T12@0,0,-1,-1,-1,0
1208,OTHER,T12,49,3,10,-1,-1,-1,SELLER,02T12@0,0,-1,-1,-1,0
1207,OTHER,T12,49,5,10,-1,-1,-1,SELLER,02T12@0,0,-1,-1,-1,0
1582,T12,T02,49,2,40,39,-1,39,02T12@0,04T02@1,3,49,-1,-1,1
1196,T29,OTHER,49,2,47,20,-1,-1,11T29@3,BUYER,0,49,-1,-1,4
1191,T29,OTHER,49,3,47,20,-1,-1,11T29@3,BUYER,0,49,-1,-1,4
1194,T29,OTHER,49,3,47,20,-1,-1,11T29@3,BUYER,0,49,-1,-1,4
1642,T12,T02,49,2,40,43,-1,43,02T12@0,04T02@1,3,49,-1,-1,1
1195,OTHER,T20,49,2,10,20,-1,-1,SELLER,00T20@0,0,49,-1,-1,0
1676,T02,T12,49,1,1,-1,-1,48,04T02@1,06T12@2,7,-1,-1,-1,2
1675,T02,T12,49,1,1,-1,-1,48,04T02@1,06T12@2,6,-1,-1,-1,2
1674,T02,T12,49,1,1,-1,-1,48,04T02@1,07T12@2,7,-1,-1,-1,2
1671,T02,T12,49,1,1,48,-1,48,04T02@1,06T12@2,6,49,-1,-1,2
1182,OTHER,T20,49,3,10,20,-1,-1,SELLER,00T20@0,0,49,-1,-1,0
1184,OTHER,T02,49,2,10,20,-1,-1,SELLER,01T02@0,0,49,-1,-1,0
1185,OTHER,T20,49,2,10,20,-1,-1,SELLER,00T20@0,0,49,-1,-1,0
1187,T02,OTHER,49,1,47,20,-1,-1,10T02@3,BUYER,0,49,-1,-1,4
1188,OTHER,T02,49,4,10,20,-1,-1,SELLER,01T02@0,0,49,-1,-1,0
1189,OTHER,T02,49,1,10,20,-1,-1,SELLER,01T02@0,0,49,-1,-1,0
1183,OTHER,T20,49,1,10,20,-1,-1,SELLER,00T20@0,0,49,-1,-1,0
1193,T29,OTHER,49,1,47,20,-1,-1,11T29@3,BUYER,0,49,-1,-1,4
1241,OTHER,T12,50,3,10,-1,-1,-1,SELLER,02T12@0,0,-1,-1,-1,0
1240,OTHER,T12,50,2,10,-1,-1,-1,SELLER,02T12@0,0,-1,-1,-1,0
1235,OTHER,T12,50,2,10,-1,-1,-1,SELLER,02T12@0,0,-1,-1,-1,0
1234,T02,OTHER,50,2,47,21,-1,-1,10T02@3,BUYER,0,50,-1,-1,4
1233,T02,OTHER,50,3,47,21,-1,-1,10T02@3,BUYER,0,50,-1,-1,4
1232,OTHER,T20,50,2,10,21,-1,-1,SELLER,00T20@0,0,50,-1,-1,0
1231,OTHER,T02,50,3,10,21,-1,-1,SELLER,01T02@0,0,50,-1,-1,0
1230,T29,OTHER,50,2,47,21,-1,-1,11T29@3,BUYER,0,50,-1,-1,4
1229,T29,OTHER,50,4,47,21,-1,-1,11T29@3,BUYER,0,50,-1,-1,4
1228,T02,OTHER,50,3,47,21,-1,-1,10T02@3,BUYER,0,50,-1,-1,4
1222,OTHER,T02,50,1,10,21,-1,-1,SELLER,01T02@0,0,50,-1,-1,0
1221,OTHER,T02,50,4,10,21,-1,-1,SELLER,01T02@0,0,50,-1,-1,0
1220,OTHER,T02,50,2,10,21,-1,-1,SELLER,01T02@0,0,50,-1,-1,0
1219,T29,OTHER,50,3,47,21,-1,-1,11T29@3,BUYER,0,50,-1,-1,4
1218,OTHER,T02,50,1,10,21,-1,-1,SELLER,01T02@0,0,50,-1,-1,0
1214,OTHER,T20,50,1,10,21,-1,-1,SELLER,00T20@0,0,50,-1,-1,0
1213,OTHER,T20,50,5,10,21,-1,-1,SELLER,00T20@0,0,50,-1,-1,0
1211,OTHER,T20,50,3,10,21,-1,-1,SELLER,00T20@0,0,50,-1,-1,0
1593,T12,T02,50,1,40,40,-1,40,02T12@0,04T02@1,2,50,-1,-1,1
1227,T02,OTHER,50,1,47,21,-1,-1,10T02@3,BUYER,0,50,-1,-1,4
1217,T02,OTHER,50,2,47,21,-1,-1,10T02@3,BUYER,0,50,-1,-1,4
1225,OTHER,T20,50,1,10,21,-1,-1,SELLER,00T20@0,0,50,-1,-1,0
1665,T02,T12,50,1,1,47,-1,47,04T02@1,07T12@2,9,50,-1,-1,2
1666,T02,T12,50,1,1,47,-1,47,04T02@1,06T12@2,7,50,-1,-1,2
1669,T02,T12,50,1,1,47,-1,47,04T02@1,07T12@2,7,50,-1,-1,2
1670,T02,T12,50,1,1,47,-1,47,04T02@1,07T12@2,7,50,-1,-1,2
1271,T29,OTHER,51,2,47,22,-1,-1,11T29@3,BUYER,0,51,-1,-1,4
1248,T29,OTHER,51,1,47,22,-1,-1,11T29@3,BUYER,0,51,-1,-1,4
1270,OTHER,T02,51,1,10,22,-1,-1,SELLER,01T02@0,0,51,-1,-1,0
1268,OTHER,T12,51,2,10,22,-1,-1,SELLER,02T12@0,0,51,-1,-1,0
1266,OTHER,T20,51,1,10,22,-1,-1,SELLER,00T20@0,0,51,-1,-1,0
1265,OTHER,T20,51,5,10,22,-1,-1,SELLER,00T20@0,0,51,-1,-1,0
1264,OTHER,T02,51,1,10,22,-1,-1,SELLER,01T02@0,0,51,-1,-1,0
1262,T29,OTHER,51,2,47,22,-1,-1,11T29@3,BUYER,0,51,-1,-1,4
1261,OTHER,T02,51,3,10,22,-1,-1,SELLER,01T02@0,0,51,-1,-1,0
1260,OTHER,T02,51,2,10,22,-1,-1,SELLER,01T02@0,0,51,-1,-1,0
1259,OTHER,T12,51,2,10,22,-1,-1,SELLER,02T12@0,0,51,-1,-1,0
1258,T29,OTHER,51,3,47,22,-1,-1,11T29@3,BUYER,0,51,-1,-1,4
1257,OTHER,T12,51,3,10,22,-1,-1,SELLER,02T12@0,0,51,-1,-1,0
1254,OTHER,T02,51,1,10,22,-1,-1,SELLER,01T02@0,0,51,-1,-1,0
1272,T02,OTHER,51,2,47,-1,-1,-1,10T02@3,BUYER,0,-1,-1,-1,4
1274,T02,OTHER,51,2,47,-1,-1,-1,10T02@3,BUYER,0,-1,-1,-1,4
1246,OTHER,T12,51,2,10,22,-1,-1,SELLER,02T12@0,0,51,-1,-1,0
1253,T29,OTHER,51,4,47,22,-1,-1,11T29@3,BUYER,0,51,-1,-1,4
1245,OTHER,T02,51,5,10,22,-1,-1,SELLER,01T02@0,0,51,-1,-1,0
1244,T02,OTHER,51,2,47,22,-1,-1,10T02@3,BUYER,0,51,-1,-1,4
1604,T12,T02,51,2,40,41,-1,41,02T12@0,04T02@1,3,51,-1,-1,1
1606,T12,T02,51,2,40,41,-1,41,02T12@0,04T02@1,3,51,-1,-1,1
1613,T12,T02,51,1,72,-1,-1,41,07T12@2,10T02@3,2,-1,-1,-1,3
1618,T12,T02,51,1,72,-1,-1,41,06T12@2,10T02@3,2,-1,-1,-1,3
1630,T12,T02,51,1,72,-1,-1,42,07T12@2,10T02@3,6,-1,-1,-1,3
1632,T12,T02,51,1,72,-1,-1,42,06T12@2,10T02@3,6,-1,-1,-1,3
1640,T12,T02,51,2,40,43,-1,43,02T12@0,04T02@1,4,51,-1,-1,1
1275,T02,OTHER,51,2,47,-1,-1,-1,10T02@3,BUYER,0,-1,-1,-1,4
1252,OTHER,T20,51,2,10,22,-1,-1,SELLER,00T20@0,0,51,-1,-1,0
1301,OTHER,T12,52,6,10,-1,-1,-1,SELLER,02T12@0,0,-1,-1,-1,0
1621,T12,T02,52,2,40,42,-1,42,02T12@0,04T02@1,2,52,-1,-1,1
1626,T12,T02,52,2,40,42,-1,42,02T12@0,04T02@1,2,52,-1,-1,1
1648,T12,T02,52,2,40,44,-1,44,02T12@0,04T02@1,3,52,-1,-1,1
1299,OTHER,T20,52,1,10,23,-1,-1,SELLER,00T20@0,0,52,-1,-1,0
1278,T02,OTHER,52,2,47,23,-1,-1,10T02@3,BUYER,0,52,-1,-1,4
1298,OTHER,T20,52,3,10,23,-1,-1,SELLER,00T20@0,0,52,-1,-1,0
1297,OTHER,T02,52,6,10,23,-1,-1,SELLER,01T02@0,0,52,-1,-1,0
1296,T29,OTHER,52,2,47,23,-1,-1,11T29@3,BUYER,0,52,-1,-1,4
1295,OTHER,T02,52,1,10,23,-1,-1,SELLER,01T02@0,0,52,-1,-1,0
1294,T02,OTHER,52,2,47,23,-1,-1,10T02@3,BUYER,0,52,-1,-1,4
1293,OTHER,T20,52,3,10,23,-1,-1,SELLER,00T20@0,0,52,-1,-1,0
1292,OTHER,T12,52,2,10,23,-1,-1,SELLER,02T12@0,0,52,-1,-1,0
1290,OTHER,T02,52,2,10,23,-1,-1,SELLER,01T02@0,0,52,-1,-1,0
1289,T02,OTHER,52,1,47,23,-1,-1,10T02@3,BUYER,0,52,-1,-1,4
1288,T02,OTHER,52,5,47,23,-1,-1,10T02@3,BUYER,0,52,-1,-1,4
1287,OTHER,T20,52,2,10,23,-1,-1,SELLER,00T20@0,0,52,-1,-1,0
1284,T29,OTHER,52,3,47,23,-1,-1,11T29@3,BUYER,0,52,-1,-1,4
1283,T02,OTHER,52,1,47,23,-1,-1,10T02@3,BUYER,0,52,-1,-1,4
1282,OTHER,T12,52,1,10,23,-1,-1,SELLER,02T12@0,0,52,-1,-1,0
1286,OTHER,T12,52,1,10,23,-1,-1,SELLER,02T12@0,0,52,-1,-1,0
1281,T29,OTHER,52,4,47,23,-1,-1,11T29@3,BUYER,0,52,-1,-1,4
1280,OTHER,T02,52,2,10,23,-1,-1,SELLER,01T02@0,0,52,-1,-1,0
1322,OTHER,T02,53,1,10,24,-1,-1,SELLER,01T02@0,0,53,-1,-1,0
1307,T02,OTHER,53,1,47,24,-1,-1,10T02@3,BUYER,0,53,-1,-1,4
1308,T29,OTHER,53,1,47,24,-1,-1,11T29@3,BUYER,0,53,-1,-1,4
1658,T12,T02,53,2,40,45,-1,45,02T12@0,04T02@1,3,53,-1,-1,1
1309,T29,OTHER,53,2,47,24,-1,-1,11T29@3,BUYER,0,53,-1,-1,4
1690,T12,T02,53,1,40,-1,-1,53,02T12@0,04T02@1,10,-1,-1,-1,1
1311,OTHER,T12,53,3,10,24,-1,-1,SELLER,02T12@0,0,53,-1,-1,0
1313,T29,OTHER,53,4,47,24,-1,-1,11T29@3,BUYER,0,53,-1,-1,4
1318,OTHER,T12,53,3,10,24,-1,-1,SELLER,02T12@0,0,53,-1,-1,0
1317,OTHER,T02,53,3,10,24,-1,-1,SELLER,01T02@0,0,53,-1,-1,0
1321,OTHER,T12,53,1,10,24,-1,-1,SELLER,02T12@0,0,53,-1,-1,0
1314,OTHER,T20,53,4,10,24,-1,-1,SELLER,00T20@0,0,53,-1,-1,0
1315,T02,OTHER,53,5,47,24,-1,-1,10T02@3,BUYER,0,53,-1,-1,4
1312,T29,OTHER,53,2,47,24,-1,-1,11T29@3,BUYER,0,53,-1,-1,4
1316,OTHER,T02,53,2,10,24,-1,-1,SELLER,01T02@0,0,53,-1,-1,0
1319,OTHER,T20,53,1,10,24,-1,-1,SELLER,00T20@0,0,53,-1,-1,0
1638,T12,T02,53,2,40,43,-1,43,02T12@0,04T02@1,2,53,-1,-1,1
1323,OTHER,T02,53,1,10,24,-1,-1,SELLER,01T02@0,0,53,-1,-1,0
1324,OTHER,T02,53,3,10,24,-1,-1,SELLER,01T02@0,0,53,-1,-1,0
1325,OTHER,T12,53,2,10,24,-1,-1,SELLER,02T12@0,0,53,-1,-1,0
1327,OTHER,T20,53,2,10,24,-1,-1,SELLER,00T20@0,0,53,-1,-1,0
1328,OTHER,T02,53,2,10,24,-1,-1,SELLER,01T02@0,0,53,-1,-1,0
1335,T02,OTHER,53,2,47,-1,-1,-1,10T02@3,BUYER,0,-1,-1,-1,4
1333,T02,OTHER,53,2,47,-1,-1,-1,10T02@3,BUYER,0,-1,-1,-1,4
1645,T12,T02,53,2,40,43,-1,43,02T12@0,04T02@1,2,53,-1,-1,1
1336,T02,OTHER,53,1,47,-1,-1,-1,10T02@3,BUYER,0,-1,-1,-1,4
1306,OTHER,T12,53,2,10,24,-1,-1,SELLER,02T12@0,0,53,-1,-1,0
1696,T12,T02,54,1,40,-1,-1,54,02T12@0,04T02@1,10,-1,-1,-1,1
1649,T12,T02,54,2,40,44,-1,44,02T12@0,04T02@1,2,54,-1,-1,1
1682,T02,T12,54,2,1,51,-1,51,04T02@1,06T12@2,8,54,-1,-1,2
1647,T12,T02,54,2,40,44,-1,44,02T12@0,04T02@1,2,54,-1,-1,1
1672,T12,T02,54,1,40,48,-1,48,02T12@0,04T02@1,10,54,-1,-1,1
1697,T12,T02,54,1,40,-1,-1,54,02T12@0,04T02@1,10,-1,-1,-1,1
1349,OTHER,T20,54,6,10,25,-1,-1,SELLER,00T20@0,0,54,-1,-1,0
1367,OTHER,T12,54,3,10,-1,-1,-1,SELLER,02T12@0,0,-1,-1,-1,0
1351,OTHER,T02,54,2,10,25,-1,-1,SELLER,01T02@0,0,54,-1,-1,0
1350,OTHER,T20,54,2,10,25,-1,-1,SELLER,00T20@0,0,54,-1,-1,0
1346,OTHER,T20,54,1,10,25,-1,-1,SELLER,00T20@0,0,54,-1,-1,0
1354,T02,OTHER,54,4,47,25,-1,-1,10T02@3,BUYER,0,54,-1,-1,4
1345,T02,OTHER,54,1,47,25,-1,-1,10T02@3,BUYER,0,54,-1,-1,4
1343,T29,OTHER,54,3,47,25,-1,-1,11T29@3,BUYER,0,54,-1,-1,4
1355,OTHER,T20,54,3,10,25,-1,-1,SELLER,00T20@0,0,54,-1,-1,0
1341,T29,OTHER,54,4,47,25,-1,-1,11T29@3,BUYER,0,54,-1,-1,4
1342,T02,OTHER,54,3,47,25,-1,-1,10T02@3,BUYER,0,54,-1,-1,4
1356,T29,OTHER,54,1,47,25,-1,-1,11T29@3,BUYER,0,54,-1,-1,4
1338,OTHER,T20,54,1,10,25,-1,-1,SELLER,00T20@0,0,54,-1,-1,0
1360,OTHER,T12,54,4,10,-1,-1,-1,SELLER,02T12@0,0,-1,-1,-1,0
1339,OTHER,T02,54,1,10,25,-1,-1,SELLER,01T02@0,0,54,-1,-1,0
1358,T29,OTHER,54,2,47,25,-1,-1,11T29@3,BUYER,0,54,-1,-1,4
1353,T02,OTHER,54,2,47,25,-1,-1,10T02@3,BUYER,0,54,-1,-1,4
1340,OTHER,T02,54,4,10,25,-1,-1,SELLER,01T02@0,0,54,-1,-1,0
1357,OTHER,T02,54,3,10,25,-1,-1,SELLER,01T02@0,0,54,-1,-1,0
1657,T12,T02,55,2,40,45,-1,45,02T12@0,04T02@1,2,55,-1,-1,1
1401,OTHER,T12,55,1,10,-1,-1,-1,SELLER,02T12@0,0,-1,-1,-1,0
1400,OTHER,T12,55,6,10,-1,-1,-1,SELLER,02T12@0,0,-1,-1,-1,0
1389,OTHER,T02,55,2,10,26,-1,-1,SELLER,01T02@0,0,55,-1,-1,0
1387,T29,OTHER,55,2,47,26,-1,-1,11T29@3,BUYER,0,55,-1,-1,4
1402,T02,OTHER,55,4,47,-1,-1,-1,10T02@3,BUYER,0,-1,-1,-1,4
1685,T02,T12,55,2,1,52,-1,52,04T02@1,06T12@2,8,55,-1,-1,2
1393,OTHER,T20,55,1,10,26,-1,-1,SELLER,00T20@0,0,55,-1,-1,0
1391,OTHER,T02,55,4,10,26,-1,-1,SELLER,01T02@0,0,55,-1,-1,0
1374,OTHER,T02,55,3,10,26,-1,-1,SELLER,01T02@0,0,55,-1,-1,0
1378,OTHER,T20,55,2,10,26,-1,-1,SELLER,00T20@0,0,55,-1,-1,0
1376,T02,OTHER,55,2,47,26,-1,-1,10T02@3,BUYER,0,55,-1,-1,4
1377,T29,OTHER,55,4,47,26,-1,-1,11T29@3,BUYER,0,55,-1,-1,4
1369,T02,OTHER,55,2,47,26,-1,-1,10T02@3,BUYER,0,55,-1,-1,4
1368,T29,OTHER,55,1,47,26,-1,-1,11T29@3,BUYER,0,55,-1,-1,4
1379,OTHER,T20,55,4,10,26,-1,-1,SELLER,00T20@0,0,55,-1,-1,0
1380,T02,OTHER,55,1,47,26,-1,-1,10T02@3,BUYER,0,55,-1,-1,4
1673,T02,T12,55,1,1,48,-1,48,04T02@1,06T12@2,9,55,-1,-1,2
1381,T02,OTHER,55,2,47,26,-1,-1,10T02@3,BUYER,0,55,-1,-1,4
1383,OTHER,T02,55,1,10,26,-1,-1,SELLER,01T02@0,0,55,-1,-1,0
1385,T29,OTHER,55,2,47,26,-1,-1,11T29@3,BUYER,0,55,-1,-1,4
1386,OTHER,T02,55,1,10,26,-1,-1,SELLER,01T02@0,0,55,-1,-1,0
1677,T12,T02,55,2,40,49,-1,49,02T12@0,04T02@1,2,55,-1,-1,1
1678,T02,T12,55,1,1,49,-1,49,04T02@1,06T12@2,9,55,-1,-1,2
1382,OTHER,T20,55,4,10,26,-1,-1,SELLER,00T20@0,0,55,-1,-1,0
1370,OTHER,T02,55,1,10,26,-1,-1,SELLER,01T02@0,0,55,-1,-1,0
1701,T12,T02,56,1,40,55,-1,55,02T12@0,04T02@1,10,56,-1,-1,1
1667,T02,T12,56,1,1,47,-1,47,04T02@1,07T12@2,9,56,-1,-1,2
1702,T02,T12,56,2,1,-1,-1,55,04T02@1,06T12@2,7,-1,-1,-1,2
1668,T02,T12,56,1,1,47,-1,47,04T02@1,06T12@2,9,56,-1,-1,2
1699,T02,T12,56,2,1,55,-1,55,04T02@1,07T12@2,7,56,-1,-1,2
1681,T02,T12,56,2,1,50,-1,50,04T02@1,06T12@2,9,56,-1,-1,2
1664,T12,T02,56,2,72,-1,-1,46,07T12@2,10T02@3,2,-1,-1,-1,3
1663,T12,T02,56,2,72,-1,-1,46,06T12@2,10T02@3,2,-1,-1,-1,3
1700,T02,T12,56,2,1,55,-1,55,04T02@1,06T12@2,7,56,-1,-1,2
1680,T12,T02,56,2,40,50,-1,50,02T12@0,04T02@1,2,56,-1,-1,1
1413,T29,OTHER,56,4,47,27,-1,-1,11T29@3,BUYER,0,56,-1,-1,4
1425,T02,OTHER,56,3,47,-1,-1,-1,10T02@3,BUYER,0,-1,-1,-1,4
1424,T02,OTHER,56,2,47,-1,-1,-1,10T02@3,BUYER,0,-1,-1,-1,4
1421,T02,OTHER,56,2,47,-1,-1,-1,10T02@3,BUYER,0,-1,-1,-1,4
1409,T29,OTHER,56,1,47,27,-1,-1,11T29@3,BUYER,0,56,-1,-1,4
1420,T02,OTHER,56,2,47,-1,-1,-1,10T02@3,BUYER,0,-1,-1,-1,4
1419,T02,OTHER,56,3,47,-1,-1,-1,10T02@3,BUYER,0,-1,-1,-1,4
1403,T02,OTHER,56,2,47,27,-1,-1,10T02@3,BUYER,0,56,-1,-1,4
1405,T02,OTHER,56,1,47,27,-1,-1,10T02@3,BUYER,0,56,-1,-1,4
1433,T29,OTHER,57,2,47,28,-1,-1,11T29@3,BUYER,0,57,-1,-1,4
1432,T29,OTHER,57,1,47,28,-1,-1,11T29@3,BUYER,0,57,-1,-1,4
1431,T29,OTHER,57,1,47,28,-1,-1,11T29@3,BUYER,0,57,-1,-1,4
1430,T02,OTHER,57,1,47,28,-1,-1,10T02@3,BUYER,0,57,-1,-1,4
1429,T02,OTHER,57,2,47,28,-1,-1,10T02@3,BUYER,0,57,-1,-1,4
1684,T12,T02,57,1,40,52,-1,52,02T12@0,04T02@1,9,57,-1,-1,1
1691,T12,T02,57,2,40,-1,-1,53,02T12@0,04T02@1,2,-1,-1,-1,1
1687,T02,T12,57,1,1,53,-1,53,04T02@1,07T12@2,9,57,-1,-1,2
1434,T29,OTHER,57,2,47,28,-1,-1,11T29@3,BUYER,0,57,-1,-1,4
1435,T29,OTHER,57,4,47,28,-1,-1,11T29@3,BUYER,0,57,-1,-1,4
1428,T02,OTHER,57,5,47,28,-1,-1,10T02@3,BUYER,0,57,-1,-1,4
1694,T02,T12,57,2,1,54,-1,54,04T02@1,07T12@2,8,57,-1,-1,2
1688,T02,T12,57,1,1,53,-1,53,04T02@1,06T12@2,8,57,-1,-1,2
1703,T12,T02,57,1,40,56,-1,56,02T12@0,04T02@1,8,57,-1,-1,1
1705,T02,T12,57,1,1,-1,-1,56,04T02@1,07T12@2,5,-1,-1,-1,2
1706,T02,T12,57,1,1,-1,-1,56,04T02@1,06T12@2,5,-1,-1,-1,2
1707,T02,T12,57,1,1,-1,-1,56,04T02@1,07T12@2,5,-1,-1,-1,2
1708,T02,T12,57,1,1,-1,-1,56,04T02@1,06T12@2,5,-1,-1,-1,2
1709,T02,T12,57,1,1,-1,-1,56,04T02@1,06T12@2,5,-1,-1,-1,2
1437,T02,OTHER,57,2,47,28,-1,-1,10T02@3,BUYER,0,57,-1,-1,4
1698,T12,T02,58,2,40,-1,-1,54,02T12@0,04T02@1,2,-1,-1,-1,1
1693,T02,T12,58,1,1,54,-1,54,04T02@1,06T12@2,9,58,-1,-1,2
1692,T12,T02,58,1,40,-1,-1,53,02T12@0,04T02@1,7,-1,-1,-1,1
1711,T02,T12,58,1,1,-1,-1,57,04T02@1,06T12@2,6,-1,-1,-1,2
1712,T02,T12,58,1,1,-1,-1,57,04T02@1,07T12@2,6,-1,-1,-1,2
1695,T02,T12,58,1,1,54,-1,54,04T02@1,07T12@2,9,58,-1,-1,2
1714,T02,T12,58,1,1,-1,-1,57,04T02@1,06T12@2,6,-1,-1,-1,2
1686,T12,T02,58,2,40,-1,-1,52,02T12@0,04T02@1,2,-1,-1,-1,1
1713,T02,T12,58,1,1,-1,-1,57,04T02@1,06T12@2,6,-1,-1,-1,2
1689,T02,T12,58,1,1,53,-1,53,04T02@1,06T12@2,8,58,-1,-1,2
1463,T29,OTHER,58,1,47,29,-1,-1,11T29@3,BUYER,0,58,-1,-1,4
1458,T29,OTHER,58,3,47,29,-1,-1,11T29@3,BUYER,0,58,-1,-1,4
1456,T29,OTHER,58,3,47,29,-1,-1,11T29@3,BUYER,0,58,-1,-1,4
1455,T02,OTHER,58,1,47,29,-1,-1,10T02@3,BUYER,0,58,-1,-1,4
1464,T02,OTHER,58,4,47,29,-1,-1,10T02@3,BUYER,0,58,-1,-1,4
1453,T02,OTHER,58,1,47,29,-1,-1,10T02@3,BUYER,0,58,-1,-1,4
1449,T29,OTHER,58,2,47,29,-1,-1,11T29@3,BUYER,0,58,-1,-1,4
1447,T02,OTHER,58,4,47,29,-1,-1,10T02@3,BUYER,0,58,-1,-1,4
1454,T29,OTHER,58,1,47,29,-1,-1,11T29@3,BUYER,0,58,-1,-1,4
1679,T12,T02,59,2,40,-1,-1,49,02T12@0,04T02@1,3,-1,-1,-1,1
1467,T29,OTHER,59,1,47,30,-1,-1,11T29@3,BUYER,0,59,-1,-1,4
1704,T12,T02,59,1,40,-1,-1,56,02T12@0,04T02@1,9,-1,-1,-1,1
1468,T29,OTHER,59,3,47,30,-1,-1,11T29@3,BUYER,0,59,-1,-1,4
1683,T12,T02,59,2,40,-1,-1,51,02T12@0,04T02@1,8,-1,-1,-1,1
1469,T29,OTHER,59,3,47,30,-1,-1,11T29@3,BUYER,0,59,-1,-1,4
1470,T02,OTHER,59,5,47,30,-1,-1,10T02@3,BUYER,0,59,-1,-1,4
1471,T29,OTHER,59,4,47,30,-1,-1,11T29@3,BUYER,0,59,-1,-1,4
1710,T12,T02,59,1,40,-1,-1,56,02T12@0,04T02@1,9,-1,-1,-1,1
1473,T02,OTHER,59,2,47,30,-1,-1,10T02@3,BUYER,0,59,-1,-1,4
1474,T29,OTHER,59,1,47,30,-1,-1,11T29@3,BUYER,0,59,-1,-1,4
1475,T29,OTHER,59,1,47,30,-1,-1,11T29@3,BUYER,0,59,-1,-1,4
